AverageEpRet	StdEpRet	MaxEpRet	MinEpRet	AverageTestEpRet	StdTestEpRet	MaxTestEpRet	MinTestEpRet	EpLen	TestEpLen	TotalEnvInteracts	Q1Vals	Q2Vals	LossQ1	LossQ2	LossA	AverageC	StdC	MaxC	MinC	StepsPerSecond	Time
-47.79762	81.64954	-2.4707353	-314.29022	-42.54154	28.223661	-14.959512	-95.308586	151.75	20.0	2000	-0.16879709	-0.16871704	0.041809183	0.043907084	-0.36617145	8.988312	11.684777	50.923927	0.25468433	1176.4102	28.973183155059814
-70.38692	87.71644	12.864303	-295.8553	-336.85626	693.28125	-31.732567	-2400.8926	213.5	142.2	4000	6.436	6.4358764	0.1549234	0.15273355	-8.539661	3.5362048	3.023892	35.07147	0.315094	1226.4191	77.24909901618958
-76.67157	111.63767	15.760486	-334.69843	-1815.2605	1030.6954	-432.55093	-2908.2466	261.7143	651.3	6000	35.739468	35.73859	0.99102235	1.0130848	-41.87842	1.6474375	1.9888805	22.330475	0.012207031	1145.9783	136.4915521144867
-106.279175	130.44685	3.5031085	-381.92764	-2938.2368	67.975105	-2789.016	-2986.3616	275.42856	1000.0	8000	132.44852	132.4451	6.415068	6.58999	-150.6196	26.195055	108.51649	1639.8712	0.0015258789	1468.7507	206.36376881599426
-42.0199	75.622536	14.690062	-305.52054	-2673.7512	888.4504	-11.989338	-3004.38	145.86667	900.8	10000	376.15417	376.14874	52.957024	51.71117	-418.4128	12.4704275	92.94048	1856.1829	0.0030517578	1212.5168	271.1983337402344
-732.7391	1092.1259	-35.630497	-2623.0173	-54.29353	25.153976	-22.739223	-114.947174	275.75	19.0	12000	707.438	707.44507	237.8833	225.76329	-737.49335	1370.5497	1156.1766	10782.66	0.012207031	707.09485	317.1972348690033
-286.4425	603.068	-25.799026	-2856.4312	-339.27408	779.55505	-40.347282	-2676.4006	101.793106	127.4	14000	762.96277	762.97424	289.77777	284.96973	-770.0771	344.5703	664.3399	6717.8223	0.012207031	484.7266	367.1928799152374
-146.46146	395.74567	-8.9202175	-2367.4958	-92.94094	41.811466	-28.820677	-165.93707	60.969696	43.6	16000	710.0746	710.0761	357.485	361.70444	-716.6357	321.7423	405.99533	7579.3887	2.380371	560.0928	409.53740668296814
-1726.1433	119.92322	-1606.2201	-1846.0665	-191.60281	438.73868	-15.743129	-1506.4313	1000.0	128.3	18000	687.1447	687.1503	166.53362	160.47943	-697.74414	312.42755	169.96057	1573.5657	72.29004	512.8631	459.1468346118927
-291.46368	502.76813	-25.316689	-1513.9896	-353.57806	581.5965	-14.479413	-1514.514	193.57143	240.0	20000	678.0307	678.03217	118.71805	119.77083	-688.40076	163.02437	86.4673	758.59985	24.542236	803.1864	512.037835597992
-290.2769	503.40277	-9.485996	-1457.1188	-71.792274	46.787216	-14.24215	-152.3583	202.3077	68.6	22000	660.8533	660.85345	118.0976	115.25285	-669.7085	106.06472	62.11128	510.90088	14.874268	513.8921	558.6142437458038
-148.65846	350.94568	0.09175647	-1396.3457	-458.8282	621.48596	-6.2618704	-1476.6581	108.92857	327.4	24000	634.2911	634.28674	141.47398	138.32756	-642.07465	77.35314	47.77132	390.8081	13.555908	647.6288	613.1875238418579
-231.12236	437.72385	-18.108118	-1417.2249	-157.38559	371.91812	-15.715642	-1272.0754	175.85715	126.9	26000	603.0771	603.08057	133.14212	136.78992	-610.3018	65.9131	53.8102	734.1095	9.197998	527.3713	662.922688961029
-1316.2407	16.25293	-1299.9878	-1332.4937	-44.970562	24.787169	-9.788282	-88.32218	1000.0	41.3	28000	571.81866	571.8228	92.08077	95.79879	-578.75037	48.617493	38.07026	550.25635	6.7504883	637.33887	710.807713508606
-124.18559	302.6012	-11.057967	-1328.3054	-423.1814	609.75195	0.76718	-1386.2009	102.05882	327.8	30000	541.49786	541.5044	91.49769	89.40262	-547.3187	38.764454	30.437283	651.001	4.5043945	589.6652	762.8103601932526
-436.19223	620.22253	-10.430806	-1498.0935	-81.03316	56.03061	-17.636786	-190.5629	326.85715	92.7	32000	505.12308	505.1216	74.9761	85.48032	-510.2967	39.797897	29.003826	298.39172	4.8706055	701.4164	812.1255459785461
-61.40135	78.357025	0.47297147	-294.3011	-201.21	398.39056	-5.084256	-1361.7125	55.842106	169.1	34000	467.46667	467.46634	83.411575	83.14699	-471.8424	39.21222	31.352745	424.2401	3.2867432	548.881	862.3514313697815
-163.49823	345.10724	-3.2003903	-1362.7382	-317.06973	545.2307	-2.1310143	-1436.5112	162.0	250.1	36000	428.74774	428.74878	68.572464	67.310875	-432.6238	33.025692	25.45747	413.14087	3.5247803	518.6653	911.138808965683
-655.5587	629.2853	-9.732494	-1286.7704	-295.4984	500.94547	6.0772886	-1320.6409	514.0	265.5	38000	391.6602	391.65833	53.075825	50.376583	-395.20032	26.581945	25.33194	585.75134	3.0822754	768.70514	961.3609609603882
-123.41063	191.7391	0.4657591	-641.15436	-629.40216	594.93646	-6.1158566	-1288.5669	121.1	519.4	40000	356.46985	356.46948	47.02997	43.601974	-359.59476	19.926455	15.423192	203.81775	2.770996	628.23114	1015.9817569255829
-270.43854	437.43253	-21.242748	-1178.1582	-151.98073	324.07178	-6.982081	-1115.213	277.5	168.4	42000	322.5079	322.50638	33.891624	32.64936	-325.23676	18.878494	16.656828	230.23682	2.6519775	816.78674	1063.2200410366058
-207.87175	385.69537	3.4270518	-1145.6274	-268.8498	403.57706	8.840579	-1092.3153	233.0	295.9	44000	290.8795	290.879	27.125858	28.004765	-293.24268	21.379898	16.816723	207.32422	2.5177002	683.95624	1112.5263867378235
-975.0386	78.76846	-896.2701	-1053.807	-460.01837	438.21732	3.2788692	-957.872	1000.0	543.4	46000	260.58035	260.58054	21.345156	20.236526	-262.68747	20.051218	15.450721	288.88855	3.3325195	557.6651	1165.9694254398346
-145.66838	256.84985	-16.858969	-718.76013	-97.162155	189.30815	42.124084	-502.19693	298.16666	309.1	48000	232.49548	232.49564	16.503094	16.236292	-234.36465	18.728313	14.896545	305.76782	2.545166	724.1319	1215.2091665267944
-201.92732	260.87152	76.45135	-576.4596	-85.75975	137.6644	34.60864	-371.5635	590.0	361.1	50000	207.02084	207.02069	11.974475	11.403739	-208.74815	16.058664	9.910058	94.37256	3.5446167	715.47455	1262.98836684227
-28.198751	126.48448	100.68288	-200.06223	78.79814	73.319374	238.49045	-56.083263	706.6667	390.6	52000	184.03989	184.0392	8.992945	9.275734	-185.65994	14.352848	8.782365	102.79541	2.722168	802.69916	1315.2905113697052
133.7287	125.28824	259.01694	8.440459	163.37894	126.043915	433.5218	1.4162203	809.5	454.2	54000	164.3602	164.36073	7.5340633	7.2383113	-165.91737	12.622329	7.4913783	79.09546	2.3025513	724.76733	1366.5097868442535
350.34274	50.833145	416.4504	292.82782	334.92566	224.61539	664.1018	57.759644	753.3333	652.7	56000	147.60301	147.6024	5.956239	6.00117	-149.11632	11.03816	5.8830805	53.144836	2.4383545	942.90955	1417.701637506485
581.4431	17.44226	598.8854	564.00085	573.3279	156.77122	698.0986	121.50609	1000.0	918.3	58000	133.67744	133.67804	5.134845	4.9501824	-135.23016	8.603348	4.831297	49.999237	2.0980835	812.4482	1472.5068860054016
564.8847	0.79174805	565.67645	564.09296	478.41797	183.96336	676.92114	125.32056	982.0	792.3	60000	122.54653	122.546776	4.1869802	4.1629267	-124.11762	5.952492	3.3762543	34.32617	1.0345459	599.29443	1525.6645028591156
433.16476	260.1661	669.9888	70.89747	600.45483	121.68047	729.627	321.21017	700.0	943.1	62000	113.347664	113.347595	3.6241512	3.54388	-114.89289	4.505225	2.5969367	23.274231	0.9864807	956.564	1582.1192588806152
716.12695	2.6636047	718.7906	713.4634	601.21277	104.26453	772.0446	430.41937	992.5	962.0	64000	105.70316	105.703545	3.3106627	3.186021	-107.240685	3.75629	2.2638252	21.684265	0.6652832	674.5625	1640.163983821869
745.3012	61.568115	806.8693	683.7331	737.5571	72.74451	811.7573	589.7663	1000.0	1000.0	66000	99.54329	99.54381	2.6836057	2.6547832	-101.054924	3.2727983	2.1420186	22.756195	0.5455017	835.6061	1696.9576454162598
640.022	34.574615	674.59656	605.4473	776.36237	173.21196	965.06177	304.64557	1000.0	939.6	68000	94.27286	94.272766	2.3215258	2.410489	-95.74725	2.7347696	1.8092405	23.143768	0.5340576	809.18994	1752.452345609665
680.6793	40.52298	721.2023	640.1563	673.0514	161.98026	753.5482	192.6736	1000.0	923.3	70000	89.771	89.77071	2.1557407	2.1749952	-91.20636	2.6055982	2.0375004	41.108704	0.45547485	566.2097	1809.1349534988403
675.06335	27.96457	703.0279	647.09875	807.79474	69.46061	896.05444	700.441	1000.0	1000.0	72000	85.878105	85.87793	1.949731	1.880382	-87.289345	2.370523	2.1202295	42.378235	0.3501892	577.04706	1866.1624870300293
747.724	72.27182	819.99585	675.4522	756.89386	92.25597	874.3938	559.72876	1000.0	1000.0	74000	82.63978	82.64059	1.7353443	1.6952784	-84.021454	2.3000147	3.9734423	115.76233	0.3173828	616.6318	1924.418751001358
606.6316	308.53705	883.6503	176.1665	572.4877	317.57477	813.60254	9.323756	727.0	725.6	76000	79.95174	79.9514	1.6667527	1.6942153	-81.31616	2.0929222	2.883955	80.490875	0.289917	684.0619	1978.9839220046997
289.63034	294.01434	695.9597	10.052402	627.7273	238.89357	835.2528	80.605515	396.0	809.4	78000	77.82645	77.826126	1.6348921	1.5862345	-79.16441	1.9107028	1.9593852	33.47931	0.23117065	941.766	2034.9415225982666
666.4631	261.6049	928.068	404.8582	531.99445	301.69803	884.3696	66.73989	1000.0	669.9	80000	76.03932	76.03954	1.584532	1.6035469	-77.345375	1.7121865	1.4651428	30.039215	0.21896362	664.2685	2089.5209045410156
643.30334	401.6698	1106.3788	44.694183	598.78784	346.99564	960.09894	57.432842	635.25	676.9	82000	74.55217	74.55214	1.4267491	1.4617832	-75.83151	1.5458317	1.3069974	15.88974	0.21057129	694.0599	2142.7238619327545
609.32635	162.83267	809.6171	410.77148	526.0331	389.7997	999.2486	38.663948	671.0	575.9	84000	73.38394	73.38418	1.4584187	1.4870106	-74.64123	1.3484683	1.1497818	15.437317	0.1701355	824.03467	2194.2371339797974
1043.403	56.480377	1099.8833	986.92255	757.78186	251.30174	1042.3486	120.483955	1000.0	837.7	86000	72.56331	72.56384	1.3982725	1.3942652	-73.81915	1.2725208	1.1361508	10.313416	0.11672974	798.15106	2250.742290019989
771.0848	86.01886	857.10364	685.0659	233.54428	205.4902	710.9915	31.70002	806.0	269.7	88000	72.12107	72.12069	1.2707653	1.3229454	-73.35786	1.3594643	1.2621206	14.581299	0.17700195	636.11176	2293.2559866905212
531.2465	116.68876	660.12085	377.54593	572.18066	319.36624	980.69885	123.299995	631.6667	584.0	90000	71.63373	71.63366	1.3156594	1.2876678	-72.84126	1.5206096	1.4586874	15.7699585	0.11367798	562.6094	2344.5431463718414
322.6961	369.38947	895.17834	10.506635	623.735	273.12283	1119.0508	181.09384	373.0	605.0	92000	71.2305	71.230995	1.3567196	1.352014	-72.410126	1.4062061	1.2869534	13.54332	0.1083374	500.7388	2400.7486243247986
714.5932	189.97392	850.52246	445.93582	439.92	240.74416	866.0748	51.691166	772.6667	466.2	94000	71.08847	71.0884	1.2654679	1.2958393	-72.2697	1.2627735	1.2767134	21.814346	0.119781494	530.8425	2452.078227996826
547.26654	174.04611	793.0184	412.44986	590.9904	304.72534	913.63416	25.76016	556.0	677.1	96000	71.07528	71.07546	1.2797102	1.2822368	-72.23231	1.0935594	1.0483469	11.38916	0.09460449	660.7316	2504.9771254062653
504.54813	310.83127	931.4762	152.94101	787.5484	283.71704	1378.184	227.56142	580.75	884.7	98000	71.18158	71.18178	1.2621582	1.2670183	-72.3196	1.0726687	1.0819659	14.39743	0.078201294	814.18677	2563.2995414733887
551.9003	341.97275	846.99664	72.52896	498.9962	380.45395	1174.6166	100.06444	689.0	456.1	100000	71.202286	71.20251	1.2210327	1.2209507	-72.3305	1.2211106	1.2346619	18.408585	0.08163452	863.3583	2610.4086589813232
332.68835	299.14056	747.552	53.536617	560.3654	326.68234	943.16394	24.661837	400.66666	660.4	102000	71.30071	71.300705	1.2178481	1.2105687	-72.418816	1.249964	1.2659824	13.336182	0.103759766	697.56287	2663.128881216049
535.5477	366.80353	1165.3687	147.1081	551.86896	403.67853	1282.2427	37.67763	465.5	514.9	104000	71.75898	71.759026	1.2757164	1.2560087	-72.849205	1.5298865	2.47729	39.440155	0.092315674	730.1457	2713.8207638263702
586.6113	271.03336	857.6447	315.578	620.3406	442.9621	1300.8148	21.141037	652.5	555.2	106000	72.197266	72.19732	1.3959812	1.3851994	-73.2715	1.2227107	1.7904224	24.119568	0.050354004	675.148	2763.9204597473145
947.38367	70.26022	1017.64386	877.1234	648.77527	297.8868	1139.8027	67.262535	1000.0	671.0	108000	72.615364	72.61564	1.2651563	1.2561888	-73.69407	1.2533749	2.0029228	33.563232	0.08811951	785.03174	2816.7590510845184
1127.7441	111.1391	1238.8832	1016.605	676.565	396.0331	1302.1664	52.608524	1000.0	651.2	110000	73.227234	73.227554	1.278281	1.2450103	-74.30129	0.9638094	1.002312	8.811188	0.04272461	702.063	2870.3773152828217
614.39374	241.08687	835.6158	215.31982	360.99155	337.1889	880.51514	19.84141	665.0	335.5	112000	73.89431	73.89467	1.2500634	1.2254575	-74.96249	0.96446776	1.2656007	19.244766	0.0667572	579.09564	2921.5132472515106
898.1709	247.90036	1146.0713	650.27057	724.6851	398.60803	1499.4609	168.63358	1000.0	641.6	114000	74.55603	74.55566	1.2653823	1.2566283	-75.62283	0.98231703	1.6269568	48.991013	0.060272217	677.65436	2977.57755112648
595.996	398.012	902.634	33.898106	396.80582	320.45206	869.74005	36.072594	677.6667	407.0	116000	75.239716	75.240204	1.2468683	1.1965779	-76.28572	0.99103993	1.5017265	31.528473	0.045013428	696.9739	3028.752591609955
736.6463	386.67734	1240.8398	301.18994	413.26312	371.2242	1105.9789	19.02239	486.0	405.0	118000	76.05117	76.051414	1.3270046	1.3454142	-77.0803	1.2014879	4.983901	161.59592	0.06637573	762.85144	3079.8770689964294
421.27844	333.83173	823.2946	15.011425	863.09045	422.3333	1449.8557	86.07947	529.75	712.1	120000	76.76464	76.764824	1.4054954	1.3845897	-77.78436	1.4283592	5.909963	145.20264	0.07019043	660.8107	3135.2150435447693
652.6012	277.62656	1033.1228	355.3062	599.8297	402.4422	1126.0756	84.12081	631.25	613.6	122000	77.357025	77.35722	1.3505747	1.3226577	-78.37594	1.130492	3.403312	120.401	0.07171631	581.33044	3192.82985162735
465.4425	289.19382	964.1046	259.3891	559.4391	325.9441	998.50244	13.315498	389.0	584.7	124000	78.1761	78.17581	1.3777182	1.4137673	-79.18903	1.2168967	3.1022356	93.946075	0.062561035	797.4078	3243.855077981949
779.5641	482.0109	1449.9628	162.55801	629.4012	327.32083	1101.2853	94.1585	513.75	624.2	126000	78.91927	78.91995	1.4946607	1.4769427	-79.90206	1.4070473	3.7591636	106.24657	0.076293945	688.1626	3296.744303226471
377.95908	267.731	780.4433	59.3788	645.10406	500.8348	1573.8397	22.39907	335.7143	569.8	128000	79.62082	79.620674	1.4056388	1.4194863	-80.60174	1.3752697	3.34952	123.85635	0.0743866	740.8446	3350.419269800186
567.0237	373.20285	898.24207	45.547493	912.1193	301.54465	1188.354	153.11757	681.0	884.5	130000	80.251884	80.25198	1.5414128	1.5465859	-81.22067	1.5159515	5.381672	169.8185	0.061035156	805.9072	3411.8379464149475
475.47043	493.85718	1319.6454	70.62337	487.93808	349.88193	1036.4037	15.271288	354.0	419.9	132000	80.91118	80.91138	1.546984	1.5854671	-81.8821	1.7808889	9.857135	222.50099	0.06790161	721.7103	3460.200074195862
782.8575	41.31476	824.17224	741.5427	892.1979	380.453	1371.3077	252.43837	1000.0	756.5	134000	81.54568	81.545685	1.5550344	1.5624286	-82.5072	1.3050009	4.037302	139.77547	0.049591064	756.7214	3517.945370912552
453.35645	399.45694	1138.8362	118.41087	470.2841	399.5643	1135.4003	64.82976	414.0	412.5	136000	82.10961	82.10946	1.518514	1.5273654	-83.08905	1.511493	6.7288704	204.95834	0.07400513	737.93335	3566.155925989151
427.26334	275.19482	1031.0696	207.72514	508.05933	424.57123	1325.9768	68.53053	329.16666	535.5	138000	82.98427	82.984955	1.743595	1.71188	-83.93416	1.3357018	1.7921227	28.663635	0.051879883	745.7599	3614.598074197769
715.7272	270.64932	986.37646	445.07782	785.21954	487.62527	1745.3766	187.78941	619.5	617.9	140000	83.73309	83.73267	1.7927737	1.8191975	-84.67798	1.3670706	3.0135033	73.64197	0.090026855	704.5494	3669.3601281642914
589.68176	330.41925	840.9185	28.972157	534.82263	377.29846	1104.1283	25.433659	604.75	627.6	142000	84.42083	84.42115	1.7361263	1.734542	-85.37598	1.3552656	5.007982	189.46915	0.052642822	648.55365	3722.1557791233063
1267.1526	153.18109	1420.3336	1113.9714	371.27985	249.47517	804.5726	57.141075	1000.0	327.1	144000	85.24313	85.24339	1.752587	1.7388791	-86.18681	1.0728343	1.7283069	40.114594	0.0579834	846.0863	3764.8234996795654
465.65726	372.3383	898.8836	29.013943	583.1644	469.268	1286.1104	20.975542	439.25	424.5	146000	85.94513	85.945404	1.8064965	1.8048737	-86.88872	1.0205239	1.2683753	21.912384	0.07476807	543.6885	3811.869879961014
783.3552	505.3807	1508.0343	243.80579	420.75824	349.38806	1084.6183	70.24691	590.75	337.2	148000	86.82482	86.824646	1.7905113	1.7451235	-87.765656	1.033925	1.5075306	36.44409	0.05493164	759.8421	3860.478586435318
936.8351	78.94281	1015.7779	857.8923	705.22955	370.1429	1120.3691	157.76714	1000.0	657.5	150000	87.64645	87.646736	1.7912793	1.80243	-88.59358	1.018517	2.4482481	66.31088	0.05493164	635.3981	3914.418769598007
640.56	319.23978	875.92566	189.22568	550.11346	314.81918	1122.6733	189.45866	709.6667	459.3	152000	88.29104	88.291084	1.7857262	1.740171	-89.23702	1.1192749	4.759775	150.55542	0.051879883	510.85522	3966.8163335323334
