AverageEpRet	StdEpRet	MaxEpRet	MinEpRet	AverageTestEpRet	StdTestEpRet	MaxTestEpRet	MinTestEpRet	EpLen	TestEpLen	AverageVVals	StdVVals	MaxVVals	MinVVals	LossV	LossPi	Entropy	KL	TotalEnvInteracts	Time
10.987148	4.243495	32.80156	4.0361953	10.160818	2.5388477	15.2623415	6.9076576	23.903614	22.2	-0.11750874	0.10475728	0.21653903	-0.454424	13.313624	0.0050859866	2.878412	0.07195045	2000	8.149454116821289
22.065262	18.094902	112.25638	6.74725	18.899174	12.097857	44.401546	9.063787	33.77966	30.2	4.82677	4.9171014	19.67729	-4.639689	173.3127	-0.017645046	2.8006344	0.03581717	4000	16.0974600315094
38.64303	32.951393	144.10056	9.299018	46.223476	40.209423	134.27975	11.567515	46.44186	52.0	17.548172	16.503918	119.19968	-3.7393615	549.49475	-0.014751189	2.7635446	0.033603255	6000	24.363507986068726
87.19928	50.074535	244.4435	16.962826	81.19502	44.699203	164.59079	18.865322	70.57143	62.6	42.00611	20.61311	120.319466	-4.8573494	1542.9583	0.0013278129	2.7641244	0.031986788	8000	31.241726875305176
86.111916	20.739328	128.05775	31.658834	72.81173	30.078878	114.59211	18.382025	59.242424	50.5	57.79979	26.174786	103.146614	-21.541555	355.41724	0.008998719	2.8264658	0.019995762	10000	37.97260808944702
82.324524	16.68502	132.20549	58.805607	83.55878	12.293342	108.779495	61.22199	52.42105	53.0	50.649895	23.847105	89.02994	-11.48533	162.07385	-0.0026187524	2.7952173	0.012036098	12000	45.24621939659119
98.44086	31.715992	161.26959	44.359573	74.87423	15.323328	103.98208	49.38594	56.942856	46.1	44.669415	23.788857	87.38084	-14.0055275	640.15594	-0.002651163	2.736215	0.019944854	14000	52.66128659248352
134.54962	51.801224	209.79982	22.490828	130.72275	33.137863	174.87074	56.917255	76.65385	71.4	62.04329	23.452045	106.19815	-8.5609255	1312.6863	-0.004788271	2.737982	0.011268351	16000	60.460490703582764
106.627464	73.68832	227.79887	18.18902	93.19401	62.708652	203.91394	22.815393	65.206894	56.2	89.48521	32.040977	150.96019	5.912257	3660.8	-0.009003907	2.7753475	0.00966048	18000	68.5259702205658
168.47726	50.221294	233.48067	71.18752	151.19945	64.89862	223.19183	22.316198	93.61905	86.4	84.29115	32.531338	182.08025	-3.410489	1174.6924	-0.009778081	2.803643	0.008328887	20000	76.88304352760315
190.17287	54.557327	231.73856	43.446198	215.7084	15.589513	244.54485	193.74754	107.666664	117.8	108.15173	46.22161	179.24785	-0.14983778	1312.7424	-0.0019085079	2.764441	0.006826135	22000	85.94842386245728
212.92252	39.58961	245.43106	67.23594	225.8328	15.504006	256.80768	199.82455	119.1875	127.8	108.37214	53.08349	194.05267	1.9860245	1348.7034	-0.006056533	2.743371	0.009269103	24000	95.15338397026062
199.3275	47.617554	247.50386	82.81644	212.54184	38.41681	245.4818	107.23481	115.117645	121.8	135.05238	59.956867	228.44672	2.2460384	1281.5437	-0.008153461	2.744643	0.008396906	26000	104.42110204696655
193.30339	69.89565	264.86996	32.200512	211.9563	60.84931	259.0081	33.632767	118.3125	122.8	119.77162	55.018593	197.488	6.6097255	3385.4062	-0.0051191854	2.8094742	0.013978708	28000	112.92744159698486
206.47647	14.817627	238.89647	181.29321	199.7897	57.418194	236.84343	30.620111	108.111115	109.0	127.41318	51.069763	198.85318	10.570979	279.2507	-0.0226542	2.7399082	0.010842554	30000	122.5965645313263
212.41376	14.569842	255.42068	196.72388	209.37808	5.476519	216.86618	199.98775	112.29412	110.4	115.06216	59.913677	203.01027	1.2329707	1216.2493	-0.0062225484	2.7229714	0.008183047	32000	131.7667772769928
212.64651	45.678318	254.67906	45.949707	225.62651	22.967384	273.8606	182.5665	121.5625	126.8	127.90208	62.990303	214.26343	0.8520767	678.0982	-0.0060147904	2.6983726	0.0077064037	34000	140.66702461242676
209.17273	19.122272	245.75214	175.96977	205.24191	18.722685	241.39984	177.6985	113.23529	108.8	130.161	60.070953	218.57068	2.0641685	437.88068	-0.0069711423	2.728108	0.009984317	36000	149.36513590812683
242.02708	35.29265	319.42252	202.00432	237.24846	33.76349	309.03793	203.29211	142.78572	138.5	130.32133	64.84645	218.28888	-3.8007035	155.06479	-0.004207363	2.7668357	0.017730804	38000	158.69545483589172
217.72282	93.83954	326.07986	22.266743	280.10727	74.38427	436.83844	145.97232	153.16667	190.8	153.99527	68.04597	262.10263	4.513571	2283.3254	0.0012084219	2.6980798	0.011530884	40000	168.9346821308136
219.26485	153.1878	444.8272	47.925537	158.27423	129.54694	387.4568	25.801655	187.2	133.7	150.03534	83.05392	279.97525	-52.36079	7008.117	-0.010305393	2.755663	0.0090305125	42000	178.1937391757965
288.34122	73.58935	383.901	93.19008	326.7419	43.861412	388.12582	245.27	199.8	229.5	161.1275	76.150505	293.41623	1.1569704	1543.6812	-0.002073934	2.7589934	0.010100389	44000	189.25104904174805
362.53	40.593586	416.54636	277.2673	306.3611	46.288635	351.48355	181.22583	263.2857	212.0	178.07152	73.068985	279.0074	2.9765873	1053.6201	-0.010119883	2.7565055	0.009108373	46000	199.42033338546753
361.47998	68.93463	448.28876	239.94067	415.36627	205.04251	827.25934	119.4884	297.5	354.5	228.22774	76.73827	317.8317	9.086946	6533.1006	0.0016885829	2.755797	0.010783308	48000	212.28350067138672
154.77196	100.04329	296.20905	13.557002	96.625046	36.051365	155.05673	26.240318	181.27272	124.8	216.014	67.17743	331.06088	-5.1371245	3515.1323	-0.0051975152	2.7522783	0.009077847	50000	221.3422932624817
312.67838	237.11809	800.64777	98.18385	408.97803	135.93147	627.3345	129.56142	297.5	345.4	112.06625	33.08827	167.60938	-3.7354522	12645.178	-0.008738277	2.716295	0.012173153	52000	234.07767367362976
387.40744	42.39896	458.86188	322.70505	354.02496	84.58278	490.0026	182.62347	287.16666	272.9	172.43263	120.612816	434.13828	-14.784926	3320.2944	-0.0055935797	2.723132	0.010314527	54000	245.72932171821594
206.40034	77.29339	358.81195	100.132256	230.51872	66.2	345.60196	125.52107	149.58333	169.4	260.93625	77.38548	383.41788	27.346771	14150.308	-0.0061381096	2.7415094	0.007663354	56000	255.08056354522705
287.2317	85.1662	368.84738	121.948654	322.00934	78.691315	437.14215	174.7389	214.22223	240.2	144.05142	49.76423	247.49617	17.964437	4140.1904	-0.0050952015	2.771653	0.009663981	58000	266.3651785850525
393.93958	38.915817	439.23273	320.29382	395.66437	80.45089	503.458	187.12045	296.5	308.6	146.73634	58.830967	267.98587	15.567724	2626.2603	-0.0014963356	2.7363915	0.010039142	60000	278.35556173324585
389.77615	28.58519	431.71994	343.01688	407.40958	30.88861	471.63367	354.3393	294.5	306.4	250.64128	94.410416	394.91937	8.769199	10452.165	-0.007328084	2.712807	0.00825255	62000	290.3625581264496
552.43134	80.749504	615.44806	415.9482	563.2333	106.92208	794.87415	447.04663	450.75	463.5	243.07597	84.384224	382.76602	27.386005	1722.9277	-0.01667537	2.715401	0.011607827	64000	304.9468331336975
329.644	122.98442	535.55536	235.77855	399.2033	91.51708	564.6192	241.2445	270.0	329.4	314.95428	110.34807	455.49518	4.1444035	12243.144	-0.0041423794	2.7255678	0.007374367	66000	317.33174419403076
657.6337	109.52339	739.0409	502.81302	644.9458	95.986534	766.55725	488.3607	564.0	557.2	209.05367	79.12765	338.9836	30.880617	3483.4023	-0.01045052	2.728551	0.0075451746	68000	333.4198019504547
284.68607	141.4774	551.6466	144.9044	391.05884	218.66759	777.7816	139.74753	315.0	421.4	432.01456	50.39644	490.24097	169.27895	15049.752	-0.003413691	2.7237377	0.004015906	70000	347.28064942359924
793.13416	199.90775	993.04193	593.22644	895.2866	140.41312	1027.682	651.95337	810.0	879.1	207.2417	49.29119	280.6381	60.77041	31318.057	-0.013808539	2.7437053	0.013842687	72000	368.6300313472748
536.10535	56.367058	610.1858	469.5491	522.1903	91.89249	619.67065	299.3677	431.5	441.4	317.69434	109.26992	495.3113	31.390614	4750.9204	-0.00037869596	2.74711	0.007147317	74000	382.886816740036
460.5555	179.17256	664.79034	178.13585	548.7831	182.08444	773.50964	190.04646	399.8	482.4	298.42816	112.05078	476.40744	10.730759	13821.731	-0.0064323987	2.730665	0.007854987	76000	397.56414461135864
818.78845	107.68445	926.4729	711.104	894.83435	157.47395	1035.0099	581.7083	750.5	866.5	278.2036	60.508793	379.6236	25.472498	10481.778	-0.007490016	2.7208047	0.013103792	78000	418.8560037612915
782.04034	200.02307	982.0634	582.0173	760.9959	287.75543	1006.78	84.84858	803.0	779.2	507.99423	51.241898	580.9258	285.23315	40196.938	-0.0029833512	2.7462287	0.009159831	80000	438.45835614204407
1031.6367	13.798859	1045.4355	1017.8378	1012.5211	10.601524	1028.0165	994.35785	1000.0	1000.0	488.86804	104.86579	660.3515	231.4809	6954.4375	-0.0063305	2.735937	0.008425957	82000	459.5099792480469
517.472	274.969	824.1633	157.08229	897.82947	131.9732	991.2767	565.0421	544.0	921.2	791.82965	110.9162	921.1575	410.75806	47577.195	-0.008933002	2.7210135	0.0089262165	84000	477.34829783439636
1004.8888	5.079773	1009.96857	999.809	1013.15985	8.755604	1029.768	1000.26184	1000.0	1000.0	557.8169	46.00714	662.2041	373.14597	9641.435	-0.010982981	2.7276223	0.011378615	86000	500.4411599636078
865.75476	178.65744	1044.4122	687.09735	814.2818	133.23398	1053.2767	626.97437	828.5	781.0	694.73975	37.595787	798.3761	502.64722	57197.523	-0.0021981362	2.7144272	0.011827583	88000	520.4759032726288
451.40045	32.94488	496.89264	405.2975	469.0875	78.155106	660.65265	362.8354	422.75	438.8	552.0056	113.19369	723.8013	316.84912	28880.725	-0.01576671	2.6847045	0.007673368	90000	535.4899888038635
377.86026	134.09824	574.5101	166.96948	503.49667	126.79105	702.03217	262.4243	353.0	462.8	303.49146	122.16295	502.48334	21.77406	14097.359	-0.007215603	2.6952078	0.01032172	92000	549.9889876842499
1036.7067	5.361328	1042.068	1031.3453	927.4144	128.96754	1042.4722	638.698	1000.0	892.4	197.38634	114.40832	420.33536	14.063103	21168.254	-0.0030907027	2.6860473	0.008280868	94000	571.4038393497467
691.1976	241.59807	1032.7418	512.3583	770.1837	247.3044	1031.9194	370.03677	660.6667	741.5	741.82104	32.133198	828.33374	647.38104	107397.625	-0.0050071785	2.7366362	0.008437126	96000	589.7707633972168
1019.2423	0.3036499	1019.54596	1018.93866	1030.012	7.9289126	1045.3899	1013.53796	1000.0	1000.0	551.29376	38.28095	634.05817	433.30737	6238.73	-0.007105931	2.7090166	0.006472363	98000	608.9448790550232
1006.35095	0.51257324	1006.8635	1005.8384	1003.6417	4.9380684	1014.658	995.93677	1000.0	1000.0	765.2679	56.704018	846.73883	543.91473	2996.409	-0.004930448	2.733689	0.006562779	100000	632.2959878444672
1019.4501	2.426361	1021.8764	1017.0237	1014.60333	3.8840563	1021.4883	1009.36975	1000.0	1000.0	818.1871	69.05774	942.0961	663.3437	3646.8157	-0.0024651184	2.7403958	0.006974689	102000	655.9242777824402
1005.9136	5.508026	1011.42163	1000.4056	1003.78894	6.4539094	1012.5409	991.8227	1000.0	1000.0	991.0603	17.908754	1056.2561	945.35657	434.81583	-0.007618688	2.724034	0.0097754365	104000	679.4701018333435
986.43146	2.958435	989.3899	983.473	982.9326	3.909832	988.18604	975.87854	1000.0	1000.0	1021.8054	53.493755	1094.6707	794.9524	1201.9211	-0.005136251	2.7205794	0.0051020775	106000	703.1942522525787
1000.4824	7.703644	1008.1861	992.7788	1003.72424	4.691981	1011.29956	998.3515	1000.0	1000.0	1016.60626	15.326359	1059.1171	958.99585	322.4331	-0.004762438	2.7194304	0.009152031	108000	726.5018465518951
996.07935	5.4540405	1001.5334	990.6253	999.3241	3.418142	1007.1417	993.7235	1000.0	1000.0	1025.9373	15.920045	1073.7468	990.19293	224.48242	-0.0061477814	2.7400372	0.013042995	110000	749.5531389713287
976.0005	1.2729797	977.27344	974.7275	980.3109	4.3560934	986.33746	970.0548	1000.0	1000.0	1027.9265	49.48058	1086.5455	804.02997	982.61365	-0.0036558039	2.7098286	0.0076674162	112000	772.6550712585449
988.0426	1.9546814	989.9973	986.08795	990.08545	4.7572784	997.4192	979.7912	1000.0	1000.0	1019.8406	11.041579	1044.0684	983.5671	61.833454	-0.022204712	2.73547	0.011184253	114000	796.1762506961823
987.5604	1.3249817	988.88544	986.2355	988.1102	2.4485373	991.25775	984.41614	1000.0	1000.0	1016.96893	9.805448	1040.3896	979.0478	54.659252	-0.006446845	2.7520514	0.00813398	116000	819.3000113964081
980.1415	3.2635498	983.405	976.8779	976.24396	17.350538	987.5552	924.937	1000.0	995.9	1014.5348	10.014875	1037.7675	975.41223	38.372894	-0.02293525	2.7101865	0.0065932847	118000	842.9583013057709
985.75757	0.07107545	985.8287	985.6865	982.5506	2.905813	986.9713	977.4148	1000.0	1000.0	1006.78156	7.055999	1025.5911	971.4193	19.813765	-0.024743523	2.6715386	0.010863161	120000	866.4095492362976
982.9831	2.324585	985.3077	980.6585	981.5173	2.2863739	984.8133	978.43726	1000.0	1000.0	1004.26196	7.697362	1031.0115	968.74445	31.86301	-0.024076117	2.7011523	0.007867764	122000	890.0489521026611
982.4483	0.99890137	983.4472	981.4494	983.0931	3.742808	988.1985	977.7912	1000.0	1000.0	996.0961	6.835445	1022.55414	962.93506	17.701372	-0.009074958	2.6997926	0.010361699	124000	913.0929899215698
979.5536	3.1338806	982.6875	976.41974	981.8942	2.6328151	985.53534	978.6613	1000.0	1000.0	993.64703	7.4616537	1014.44586	962.2881	28.390076	-0.00947575	2.7098205	0.010776949	126000	936.2318720817566
978.9247	1.1794434	980.1041	977.74524	977.14014	2.6457899	981.87933	971.9469	1000.0	1000.0	994.1132	5.965851	1014.97644	964.95496	18.83838	-0.029683918	2.722902	0.008655645	128000	959.51837849617
983.47314	3.3892212	986.86237	980.0839	907.42676	217.66592	984.61804	254.48715	1000.0	927.5	990.417	6.6154594	1014.6733	959.22076	28.578236	-0.016063185	2.6252947	0.011767242	130000	981.4080381393433
979.32385	1.9615173	981.28534	977.3623	981.27814	1.9430847	984.90955	977.94965	1000.0	1000.0	991.88776	5.496715	1015.8319	961.7883	19.402157	-0.02567716	2.6451743	0.008319658	132000	1004.7981786727905
679.94055	299.0891	979.02966	380.8514	979.9219	1.6423118	983.6445	977.03064	699.0	1000.0	985.70795	7.1070056	1009.23627	952.38684	104789.86	-0.006676402	2.7133286	0.010479946	134000	1027.576241016388
982.9793	0.049621582	983.02893	982.9297	982.40955	2.4444132	987.40875	978.945	1000.0	1000.0	828.47437	17.110558	882.874	759.8463	1196.9587	-0.005962597	2.6691508	0.016731452	136000	1050.652328968048
984.2685	2.1241455	986.39264	982.14435	982.7316	1.3406212	985.2574	980.7353	1000.0	1000.0	900.1807	10.223388	935.1592	837.5104	449.43765	0.000108125154	2.6693125	0.015780302	138000	1073.8267931938171
986.11414	0.9386902	987.05286	985.1755	984.46423	1.8221209	988.6979	981.31726	1000.0	1000.0	936.1489	6.63417	977.8239	902.4894	162.38228	-0.0018501465	2.695208	0.0112016145	140000	1097.224686384201
983.92444	0.47781372	984.4022	983.4466	983.2848	2.266717	987.35046	978.89404	1000.0	1000.0	958.323	4.778043	975.28076	934.8399	74.3788	-0.004695856	2.6421757	0.008093651	142000	1120.7212681770325
984.97156	0.1633606	985.13495	984.8082	983.67267	2.290473	987.481	979.3106	1000.0	1000.0	972.9184	4.9760838	992.0477	944.04407	36.126392	-0.004242414	2.7308316	0.0096590035	144000	1143.7750585079193
984.1023	2.5924683	986.69476	981.5098	984.2371	2.4788141	989.29285	980.3405	1000.0	1000.0	981.52075	5.2215114	1000.8063	941.64215	26.240345	-0.022289164	2.6678443	0.012905066	146000	1167.4700829982758
985.208	1.8218994	987.0299	983.3861	984.93005	2.9296703	990.8686	981.20105	1000.0	1000.0	985.40875	4.338711	998.6041	960.4195	20.031305	-0.02781722	2.615942	0.010109473	148000	1191.2870390415192
983.3727	0.86428833	984.237	982.5084	984.88477	2.4786766	989.82983	981.77924	1000.0	1000.0	988.5608	4.0731826	1009.7153	965.70935	12.792038	-0.027816147	2.5928662	0.0098978	150000	1215.1415894031525
982.9927	0.8635254	983.8562	982.12915	989.81116	9.585126	1017.4623	983.02844	1000.0	1000.0	991.03076	5.0829306	1019.50415	956.2338	20.537186	-0.005873673	2.6174207	0.010653529	152000	1238.3380420207977
990.40735	1.0535889	991.46094	989.35376	901.19714	260.4826	991.194	119.7641	1000.0	913.2	987.61676	5.3824763	1006.8794	960.6709	21.142746	-0.004656843	2.609055	0.0090641035	154000	1259.8593339920044
983.0507	0.9310303	983.98175	982.1197	990.85754	9.866049	1014.6516	984.957	1000.0	1000.0	996.3491	4.659817	1010.4576	970.3875	12.705485	-0.026454682	2.6860828	0.0056344448	156000	1283.31498503685
985.0287	0.2793274	985.308	984.7493	845.94385	279.22192	987.59753	237.49301	1000.0	857.1	997.397	4.016377	1012.5031	965.7499	12.63813	-0.025922418	2.551939	0.0083342055	158000	1304.6635954380035
1001.13165	17.761719	1018.8934	983.36993	1001.75653	34.591965	1090.9904	983.5769	1000.0	1000.0	994.575	12.902795	1101.2767	888.00665	87.12053	0.011640445	2.6069624	0.018553656	160000	1327.8189458847046
984.1969	1.5054321	985.70233	982.69147	938.2339	143.63435	988.6103	507.3481	1000.0	943.4	997.70685	5.013033	1024.1862	974.3677	13.713186	0.0015384688	2.639917	0.010280351	162000	1350.0216619968414
987.19763	2.7570496	989.95465	984.44055	986.52185	3.1125128	993.12915	981.2725	1000.0	1000.0	995.4773	4.4931006	1020.0544	969.39496	16.155155	-0.006220274	2.6419322	0.011965044	164000	1373.3363628387451
659.7387	327.43906	987.1778	332.29965	1003.5663	25.661268	1058.544	982.4954	660.0	1000.0	993.02716	19.886477	1065.9464	851.07306	72366.18	-0.00079728867	2.5296257	0.011978524	166000	1396.2597353458405
985.7422	2.0531921	987.7954	983.689	986.77966	2.4779978	990.6443	982.33997	1000.0	1000.0	979.6027	51.54899	1090.3252	669.6536	743.8493	-0.031496502	2.5842116	0.00899929	168000	1419.6346955299377
989.9128	1.8728027	991.7856	988.04	987.73114	2.8738682	992.54395	983.5468	1000.0	1000.0	1006.5979	10.575008	1038.4226	919.54584	88.42257	-0.014395889	2.5118606	0.009201091	170000	1442.8593089580536
1009.22815	19.731049	1028.9592	989.49713	988.06915	1.4189355	990.1349	985.82965	1000.0	1000.0	981.0441	81.365456	1111.467	387.5257	1705.6578	-0.01740431	2.4958177	0.01045144	172000	1466.136322259903
988.05396	0.39575195	988.4497	987.6582	946.17706	173.67024	1067.9209	432.94482	1000.0	938.8	1015.5341	8.746841	1063.5852	955.85364	78.10402	-0.032109924	2.4765403	0.009369905	174000	1488.7812163829803
983.21204	1.9085999	985.12067	981.30347	956.1615	89.58085	993.1766	687.6065	1000.0	963.0	1013.09174	7.437638	1073.5648	979.1887	84.189835	-0.008566027	2.4348605	0.01188867	176000	1511.392091035843
984.5703	2.6611328	987.23145	981.9092	985.194	2.2954617	989.7165	982.4844	1000.0	1000.0	1011.4946	6.8655224	1057.3739	972.1551	68.93166	-0.031657547	2.4550488	0.007106067	178000	1535.1012661457062
986.4706	0.07681275	986.54736	986.39374	984.63293	2.8742626	988.98206	978.787	1000.0	1000.0	1011.4043	5.1866975	1035.8359	984.2224	64.53734	-0.03146546	2.4301434	0.006028147	180000	1558.5925357341766
988.1084	0.56643677	988.67487	987.542	985.3657	2.3601131	988.6331	981.1928	1000.0	1000.0	1013.06915	6.026378	1044.178	964.2846	43.633427	-0.027377719	2.3472564	0.011638521	182000	1581.9092013835907
985.23364	1.6909485	986.92456	983.54266	987.28925	2.0209713	991.78503	984.52893	1000.0	1000.0	1010.8375	4.514082	1027.9296	983.07635	31.192587	-0.02780131	2.268636	0.008280134	184000	1605.737666606903
988.1635	0.25006104	988.4136	987.91345	990.7795	8.81549	1014.188	981.6605	1000.0	1000.0	1008.7621	4.5364847	1032.8263	979.33435	31.361023	-0.008827429	2.3025894	0.009032793	186000	1629.033454656601
987.4063	3.4161377	990.82245	983.9902	985.21356	3.0282545	991.7216	981.4147	1000.0	1000.0	1006.7996	5.9327426	1035.0359	974.4113	46.727337	-0.008464262	2.265417	0.007511056	188000	1652.1661310195923
984.53906	0.5218506	985.0609	984.0172	986.6663	3.6678061	992.19714	980.8321	1000.0	1000.0	1008.5704	5.379747	1035.1155	978.9795	43.37786	-0.030321753	2.2781172	0.006566259	190000	1675.536700963974
988.3089	1.9850464	990.29395	986.32385	985.408	3.0449934	991.5479	980.99585	1000.0	1000.0	1008.0884	4.8526154	1028.8722	984.82587	46.05352	-0.030763881	2.292808	0.0106135905	192000	1699.0389862060547
983.68494	0.353302	984.0382	983.3316	984.31464	3.076804	989.74664	979.323	1000.0	1000.0	1006.7985	7.9118357	1072.6549	968.46155	69.44335	-0.0091223605	2.26938	0.011408448	194000	1722.3325867652893
982.9787	1.9194336	984.89813	981.05927	984.37683	3.18021	990.2407	979.7032	1000.0	1000.0	1009.84625	5.597884	1033.1432	987.8752	45.81477	-0.0077901613	2.2329962	0.026112445	196000	1745.4995040893555
986.2481	1.9388428	988.18695	984.30927	984.9209	1.0367082	986.8972	983.3701	1000.0	1000.0	1014.4936	4.600135	1026.7944	994.03204	45.90103	-0.025369216	2.257241	0.0043393867	198000	1769.0309455394745
984.9656	0.50393677	985.4695	984.4616	984.78143	1.7717452	987.8302	982.39923	1000.0	1000.0	1014.1466	4.3835297	1031.8134	986.7924	36.12597	-0.030633396	2.2603433	0.0115785645	200000	1793.0552999973297
984.09973	0.08190918	984.18164	984.0178	986.0078	2.1967666	990.48486	981.4375	1000.0	1000.0	1010.76184	4.5883293	1026.069	986.769	25.634445	-0.010539853	2.2543242	0.010257312	202000	1815.0833594799042
986.6444	0.5222473	987.1666	986.12213	986.0304	1.4269456	989.3821	983.49133	1000.0	1000.0	1007.62164	4.196267	1022.94244	983.239	19.811178	-0.02594461	2.1954587	0.0028919107	204000	1838.3807175159454
985.69946	0.8964844	986.59595	984.803	985.6463	1.077113	987.5604	983.7269	1000.0	1000.0	1007.77905	4.053239	1017.2973	980.3258	12.860082	-0.029353112	2.2168324	0.0074987994	206000	1861.8982300758362
987.23584	0.108917244	987.3448	987.12695	985.8384	1.0812495	987.2919	983.5702	1000.0	1000.0	1003.6948	3.4849403	1016.0801	978.8405	12.001544	-0.026956543	2.208591	0.007701074	208000	1885.5175848007202
985.8533	1.021698	986.87494	984.83154	986.6875	1.0122693	988.90497	985.10455	1000.0	1000.0	1004.2372	4.0413523	1017.60516	978.9048	10.986443	-0.029633572	2.1718876	0.009957876	210000	1909.3531351089478
985.40826	0.19567871	985.60394	985.2126	985.9466	1.3537563	987.38214	983.9243	1000.0	1000.0	1002.60535	3.9885292	1011.9248	975.8989	13.503973	-0.004013719	2.1291308	0.008536319	212000	1932.776983499527
985.1403	0.94281006	986.0831	984.1975	985.8825	1.4257114	988.63605	984.31116	1000.0	1000.0	1006.1594	4.167148	1016.55884	976.7202	16.389416	-0.005017611	2.150518	0.009210728	214000	1956.1065685749054
985.884	2.0004272	987.8844	983.88354	985.45105	0.91146	986.8585	983.2178	1000.0	1000.0	1003.056	3.612484	1013.4219	981.2471	13.986929	-0.00485629	2.1209557	0.011235104	216000	1979.8889570236206
986.0217	0.66534424	986.6871	985.3564	985.3133	1.9885638	987.50287	979.7485	1000.0	1000.0	1003.4801	3.622266	1015.75104	976.72253	11.097448	-0.027374651	2.1231053	0.007600327	218000	2003.7051856517792
984.8885	0.824646	985.71313	984.06384	985.6089	1.1437719	987.5139	983.816	1000.0	1000.0	1003.27075	3.6562185	1014.34924	977.4758	11.698354	-0.0058690286	2.0970926	0.010950304	220000	2027.0276355743408
984.0859	0.7429199	984.8288	983.34296	984.44446	0.9190144	985.7404	983.1044	1000.0	1000.0	1004.7391	3.596241	1013.6898	978.29	13.417772	-0.006852239	2.1338067	0.00975201	222000	2050.696770429611
982.66113	2.2591858	984.92035	980.402	983.41766	1.8930298	986.22046	978.9868	1000.0	1000.0	1002.50964	4.885706	1016.73065	976.5541	12.891803	-0.008743635	2.1009939	0.010047453	224000	2074.076949596405
982.56934	0.40621948	982.9755	982.1631	981.53546	1.8186493	985.2792	978.6576	1000.0	1000.0	1000.63666	3.9343667	1012.5298	973.3759	10.6024475	-0.0048313197	2.100925	0.012699127	226000	2097.4007778167725
984.1751	0.24719238	984.4223	983.9279	982.34064	1.5087488	984.4626	979.12915	1000.0	1000.0	1000.99286	3.868488	1010.26843	972.3978	8.807124	-0.027612483	2.07923	0.008787994	228000	2121.36576294899
983.6007	0.42211914	984.0228	983.1786	981.8878	1.5567638	983.5103	978.37805	1000.0	1000.0	999.51825	3.8107598	1008.03503	975.0384	8.4212475	-0.011569177	2.074017	0.009371187	230000	2144.9464688301086
982.03705	0.66485596	982.7019	981.3722	982.95374	1.0148168	984.0618	980.4139	1000.0	1000.0	997.95386	3.6761167	1009.9324	976.1798	6.0581083	-0.012054813	2.0833163	0.010763627	232000	2168.4950709342957
982.1683	1.3952026	983.5635	980.7731	982.88947	0.82661617	984.43945	981.44446	1000.0	1000.0	997.0142	3.7208593	1027.7949	974.35657	6.3738346	-0.0013953729	2.1327698	0.01214963	234000	2192.324036836624
982.8327	0.7670288	983.59973	982.0657	982.23193	1.2416652	984.41345	979.75354	1000.0	1000.0	996.2815	3.628404	1011.3939	970.6296	6.2467155	-0.004059128	2.058637	0.01235784	236000	2215.606894493103
981.08496	0.07754517	981.16254	981.00745	982.7292	1.2812059	985.5613	981.4623	1000.0	1000.0	995.6579	3.7249362	1010.26843	970.4065	8.380011	-0.00012144755	2.1181998	0.017386755	238000	2238.7942798137665
982.1791	1.0758972	983.255	981.1032	980.7028	1.8482531	984.0242	976.6345	1000.0	1000.0	995.7347	3.468502	1004.4628	971.3446	8.011768	-0.002370599	2.0587602	0.014112188	240000	2262.4196577072144
981.30066	0.9927063	982.29333	980.3079	981.86896	1.3704053	983.9673	979.90607	1000.0	1000.0	997.00903	3.185196	1007.38885	975.2492	8.698427	-0.003699621	2.121488	0.014816305	242000	2285.883100748062
980.3207	0.7182312	981.03894	979.6025	981.5205	0.84582067	982.416	980.0478	1000.0	1000.0	997.64984	3.6567433	1006.47656	973.9196	7.887904	-0.033892654	2.0932586	0.009829901	244000	2309.8624448776245
981.0652	0.6330261	981.69824	980.4322	981.82196	0.95211697	983.1085	980.183	1000.0	1000.0	995.9861	3.8029294	1004.23413	970.3306	5.77732	-0.033046525	2.0392716	0.011615056	246000	2333.69065117836
982.3391	1.5689087	983.908	980.7702	982.277	0.94824505	984.08936	980.592	1000.0	1000.0	994.329	3.2852867	1001.99396	973.924	4.4795904	-0.031808637	1.9880024	0.0064480253	248000	2357.529991865158
981.6853	0.5011902	982.18646	981.1841	981.7342	0.9754429	982.96606	980.42163	1000.0	1000.0	992.8994	3.256178	1001.76556	965.4647	6.576136	-0.0068364814	1.9811397	0.013236385	250000	2381.0663464069366
982.3397	0.14474487	982.4845	982.195	981.8042	0.9921123	983.81146	980.7	1000.0	1000.0	992.95123	3.2456822	999.9885	969.7233	4.927053	-0.0037853674	1.9555192	0.008251662	252000	2404.1022522449493
980.8572	0.6874695	981.5446	980.1697	981.25134	1.6318847	983.92773	978.94244	1000.0	1000.0	995.0076	3.2530954	1003.4222	974.5872	6.60044	-0.0049289465	2.00816	0.008139168	254000	2427.461667537689
983.15173	0.109313965	983.26105	983.0424	981.4987	1.0132537	983.2459	979.9999	1000.0	1000.0	995.79675	3.5713809	1006.68256	969.58875	5.3150764	-0.004897303	2.0368845	0.008610187	256000	2450.808358192444
981.85345	0.18884277	982.0423	981.6646	981.32043	1.4450679	984.54767	979.2747	1000.0	1000.0	995.6365	3.3493526	1009.7002	971.7026	8.513715	-0.00599201	2.018391	0.01023031	258000	2474.224496126175
981.1128	0.4368286	981.5496	980.67596	981.53064	1.3524811	983.4286	979.4132	1000.0	1000.0	995.68536	3.453211	1003.94604	969.6097	7.915137	-0.0321743	2.005067	0.011475723	260000	2497.9846925735474
980.9035	0.60028076	981.5038	980.3032	981.3709	0.9075893	982.7321	979.86505	1000.0	1000.0	995.8539	2.979502	1003.04675	973.817	4.391257	-0.006487311	2.0194168	0.010196781	262000	2521.355305671692
981.406	0.026336687	981.4324	981.3797	981.48193	0.899032	983.0313	980.0467	1000.0	1000.0	995.5446	2.8347213	1003.5059	976.35315	5.805428	-0.0071245464	1.9653782	0.0086287595	264000	2544.485865831375
981.25024	0.51382446	981.76404	980.7364	981.4564	1.3609709	983.17725	979.11444	1000.0	1000.0	995.8494	3.0806036	1003.3376	971.54755	3.968845	-0.0075222417	1.9433274	0.013398434	266000	2568.1146171092987
982.1992	0.29193115	982.49115	981.9073	982.07294	1.068369	983.35205	980.46204	1000.0	1000.0	994.99	3.1812897	1001.8595	971.79083	4.273834	-0.03095135	1.9419098	0.011227779	268000	2591.790046930313
981.7998	0.1769104	981.9767	981.62286	981.81006	0.8172592	983.51715	980.7724	1000.0	1000.0	995.5095	3.0729995	1003.6847	974.7093	4.633708	-0.03117812	1.960963	0.009453913	270000	2615.452365875244
980.75244	0.5878601	981.3403	980.16455	982.36414	1.2011498	984.17285	980.8478	1000.0	1000.0	996.64685	3.0013287	1003.54517	977.0963	3.7181656	-0.021786503	1.8841982	0.010929315	272000	2639.2490289211273
982.5586	0.5734253	983.132	981.98517	982.1608	1.068557	983.84033	979.8087	1000.0	1000.0	996.8943	3.0454645	1004.92926	974.8223	5.037963	-0.011469755	1.9354453	0.009902517	274000	2662.4934911727905
982.4425	0.088378906	982.5309	982.3541	982.7262	1.3130115	985.8627	980.80096	1000.0	1000.0	998.09576	3.0047116	1006.62885	975.7298	4.256123	-0.02823941	1.8917662	0.008215389	276000	2685.993461370468
981.4484	0.56695557	982.0154	980.8815	982.2028	0.7230387	983.6254	980.82263	1000.0	1000.0	997.9583	3.293175	1002.6375	975.2702	3.265665	-0.030187557	1.8841598	0.0061896956	278000	2709.5167982578278
981.92883	0.74594116	982.67474	981.18286	982.5046	0.98382634	984.57635	981.25964	1000.0	1000.0	995.75244	2.932144	1002.12616	970.6285	6.13714	-0.0071648974	1.8455338	0.012223842	280000	2733.0074484348297
983.72705	0.36123657	984.08826	983.3658	982.43085	0.78647405	983.29315	980.84564	1000.0	1000.0	994.437	2.8532033	999.85004	971.3493	3.0790088	-0.0053246003	1.8289158	0.01255683	282000	2756.170652151108
983.3172	0.41064453	983.72784	982.90656	982.54755	0.78840816	984.00507	981.47	1000.0	1000.0	995.4413	2.6930912	1002.95105	976.4482	2.7735424	-0.0008450932	1.8573229	0.010186708	284000	2779.5333087444305
982.74097	0.42044067	983.16144	982.32056	982.9303	1.1512792	984.7447	980.84973	1000.0	1000.0	996.1182	2.9350562	1007.3897	973.4165	3.542666	-0.004565334	1.8291986	0.017391251	286000	2802.9894490242004
984.65454	0.49075317	985.1453	984.1638	983.67786	0.57898057	984.8245	982.8098	1000.0	1000.0	995.78436	2.9195004	1002.2505	968.64667	4.596288	-0.0036690608	1.8603845	0.00876098	288000	2826.340713739395
983.92395	0.39926147	984.32324	983.5247	983.3618	0.9732603	984.7355	981.8234	1000.0	1000.0	998.97455	3.082718	1006.0404	977.12604	6.487063	-0.0028906304	1.8374606	0.007457622	290000	2849.9091939926147
982.3465	0.5860596	982.93256	981.76044	983.49255	0.6586364	984.52045	982.14935	1000.0	1000.0	999.7921	3.4602206	1007.44336	973.97095	5.045536	-0.009280149	1.8782067	0.011137767	292000	2873.121626138687
983.0615	0.07598877	983.1375	982.98553	983.41864	0.777479	984.641	981.72363	1000.0	1000.0	999.51263	3.3114913	1004.22	974.7456	3.2918942	-0.026325438	1.8825302	0.007956972	294000	2897.156758785248
982.4203	0.8499756	983.27026	981.5703	983.36346	0.63990337	984.65137	982.4487	1000.0	1000.0	997.3231	2.9634752	1006.28357	978.60815	3.361264	-0.0322841	1.8482507	0.009697108	296000	2921.0619926452637
982.36774	1.326355	983.6941	981.0414	983.4712	0.64254785	984.53754	982.3055	1000.0	1000.0	995.93427	3.1041725	1001.2306	975.3626	2.5791748	-0.0030525336	1.8440852	0.012175495	298000	2944.6415503025055
981.85645	1.0101013	982.8665	980.8463	982.9461	0.79448617	984.2593	981.77045	1000.0	1000.0	998.1052	2.831438	1005.6371	978.74426	3.4583073	-0.029606532	1.8448929	0.0033867199	300000	2968.591588973999
982.38434	0.43658447	982.8209	981.94775	982.8288	0.7402061	984.3868	981.63617	1000.0	1000.0	995.8502	3.1209757	1000.49695	970.8751	2.8546085	-0.0089033	1.7869078	0.008319692	302000	2991.8763222694397
983.27246	0.4550476	983.72754	982.81744	983.0285	0.68296635	984.5416	982.16864	1000.0	1000.0	995.0242	2.4890497	999.45166	977.8494	1.5771767	-0.031655084	1.7687603	0.010147171	304000	3015.904729604721
981.79095	0.29437256	982.0853	981.4966	983.0955	0.6992501	984.3477	981.6551	1000.0	1000.0	995.49475	2.7652352	1000.9956	977.8565	2.2130418	-0.004848414	1.8049372	0.015869977	306000	3039.307315826416
983.88135	0.275177	984.1565	983.60614	983.379	0.8963316	984.4248	981.8762	1000.0	1000.0	995.83276	2.9466994	1001.2616	977.471	3.8350797	-0.0061089345	1.7891475	0.008360636	308000	3062.8094384670258
983.3639	1.3819275	984.74585	981.982	984.0963	0.81936455	986.07477	983.1305	1000.0	1000.0	997.8231	2.9614213	1004.2419	974.1048	4.578089	-0.0049702083	1.851076	0.010812362	310000	3086.3309183120728
982.8561	0.1027832	982.95886	982.7533	983.7243	0.82534	985.3952	982.08936	1000.0	1000.0	998.32416	2.9817672	1003.5543	977.4347	2.2991939	-0.028105414	1.8093116	0.011503669	312000	3110.2900171279907
983.3021	0.994751	984.2969	982.3074	983.9964	0.50043523	984.6845	983.0306	1000.0	1000.0	997.52936	2.8479924	1002.7387	980.61566	3.0967152	-0.0028447532	1.7790103	0.010669859	314000	3133.4717631340027
983.73376	0.20339966	983.93713	983.53033	984.67053	0.8611342	986.1567	983.6664	1000.0	1000.0	995.7811	2.7512734	1000.6355	976.4634	2.8314316	-0.031363387	1.7597592	0.00989753	316000	3157.0373327732086
984.06305	0.40093994	984.464	983.6621	984.23083	0.81816405	985.25116	982.5181	1000.0	1000.0	998.1215	2.6666243	1003.386	982.59546	3.314869	-0.005741472	1.7256488	0.011551991	318000	3180.5206661224365
984.6162	0.5757141	985.1919	984.04047	985.02014	0.763902	986.5246	983.71796	1000.0	1000.0	998.76965	3.030163	1004.20917	979.24	4.123015	-0.028938526	1.6964066	0.0069182203	320000	3204.3039090633392
983.3666	0.105529785	983.4721	983.26105	984.04285	0.8624126	985.8155	983.113	1000.0	1000.0	998.75183	2.9804497	1004.13245	979.08246	3.4651215	-0.006630641	1.6345354	0.009871555	322000	3228.3771574497223
984.53455	0.7693176	985.3039	983.76526	983.88184	0.4388444	984.6427	983.3021	1000.0	1000.0	998.86725	3.0359652	1004.48346	981.7651	2.6828163	-0.006976476	1.6867532	0.010539856	324000	3251.987105369568
984.3687	0.24383545	984.61255	984.1249	983.99255	0.6407932	984.8278	982.62164	1000.0	1000.0	999.3235	2.8727403	1003.453	978.1049	3.4246917	-0.004476412	1.659862	0.009483454	326000	3275.572275161743
983.2439	1.0838318	984.3277	982.16003	983.81525	0.79147595	985.1661	982.2143	1000.0	1000.0	999.0509	3.2504308	1004.0774	976.8039	4.7938995	-0.002873667	1.6472328	0.0099522015	328000	3299.138820171356
983.9536	0.7116699	984.6653	983.24194	983.34375	0.67485607	984.43665	982.13855	1000.0	1000.0	998.466	2.6722734	1003.7294	978.2141	2.9594257	-0.0029293103	1.7212145	0.0134741515	330000	3323.0179171562195
983.53735	0.3331604	983.87054	983.2042	983.6068	1.0417105	985.4288	982.49176	1000.0	1000.0	998.3985	3.066947	1002.2546	979.1893	2.4000893	-0.0019779135	1.613888	0.01785968	332000	3346.3483164310455
984.34357	0.1864624	984.53	984.1571	984.33606	0.6999206	985.6121	982.9062	1000.0	1000.0	996.6486	3.0370684	1003.2646	976.6232	2.3453362	-0.0034463764	1.6654575	0.01717627	334000	3369.731531381607
984.5251	0.029663086	984.55475	984.4954	984.4382	1.0042391	985.58923	982.5833	1000.0	1000.0	997.85974	2.7571595	1003.796	972.0884	4.702391	-0.0018718287	1.648772	0.01323853	336000	3393.1445457935333
983.92523	0.3095703	984.2348	983.61566	984.3866	0.7881942	985.5611	983.14264	1000.0	1000.0	998.6639	3.3414302	1003.23303	974.6182	2.175347	-0.005876926	1.6196539	0.007484317	338000	3416.8543758392334
984.9169	0.38354492	985.3004	984.5333	983.5211	0.7394858	984.85205	982.21075	1000.0	1000.0	997.2647	2.904462	1001.88293	973.5481	2.255591	-0.0029767924	1.6408157	0.009821723	340000	3440.4291036129
983.31055	0.6610718	983.9716	982.6495	983.4738	1.0994477	985.5762	982.3422	1000.0	1000.0	997.8425	2.9015918	1004.2932	971.5661	3.8141384	-0.005861172	1.6286733	0.010093191	342000	3463.5576918125153
983.5885	1.0662537	984.6547	982.5222	983.3319	0.96985596	985.3355	981.87823	1000.0	1000.0	998.39636	3.1598268	1003.21014	974.72876	3.0995107	-0.0022333586	1.6779647	0.013252152	344000	3486.717344045639
982.2815	0.4008484	982.6824	981.8807	982.83203	0.85488224	983.79175	981.15607	1000.0	1000.0	997.98035	3.1794817	1006.68384	971.5261	2.7192209	-0.0027902522	1.6330359	0.016755726	346000	3510.0137181282043
982.9623	0.2253418	983.1876	982.73694	982.5711	0.86240435	984.3501	981.542	1000.0	1000.0	997.604	3.1701944	1002.7798	973.3858	3.664098	-0.0056091365	1.6095432	0.008240159	348000	3533.4457128047943
983.26965	1.3109131	984.58057	981.95874	982.79834	0.9538585	983.5897	980.5039	1000.0	1000.0	997.74335	3.4097114	1003.1979	961.7134	3.683435	-0.0039217724	1.6648449	0.009814346	350000	3557.204626083374
981.8457	0.55563354	982.4013	981.29004	982.9795	0.8539634	984.05615	981.5421	1000.0	1000.0	998.6496	3.7767649	1003.24164	965.1533	4.1066422	-0.004864892	1.6599321	0.012464394	352000	3580.7647757530212
981.9391	0.1947937	982.1339	981.7443	982.0747	0.72514814	983.30505	980.66187	1000.0	1000.0	997.1782	3.333619	1000.87616	971.5914	5.401399	-0.0053879237	1.6746323	0.025011368	354000	3604.0424189567566
984.4055	0.47390747	984.8794	983.9316	983.063	0.6774314	984.06445	982.0694	1000.0	1000.0	997.33417	3.3373387	1004.4476	970.9941	5.2128763	-0.029163033	1.6159414	0.010527182	356000	3628.3069620132446
982.8042	0.4275818	983.23175	982.3766	982.8532	0.41868198	983.68396	982.1956	1000.0	1000.0	998.69135	3.585717	1006.27747	975.732	3.734425	-0.0061076647	1.6674957	0.013925597	358000	3651.7329897880554
984.9951	0.17230225	985.1674	984.8228	983.51013	1.0877626	985.0254	980.7732	1000.0	1000.0	998.4645	3.167924	1004.7319	975.2848	4.0721016	-0.008299055	1.6124187	0.010857086	360000	3675.2293367385864
983.93225	0.28463745	984.21686	983.6476	983.4442	0.8091633	985.11505	982.0863	1000.0	1000.0	998.56445	3.4780967	1003.7922	973.22076	3.6741517	-0.014237465	1.6393789	0.0078016883	362000	3698.760065317154
983.5669	0.83877563	984.4057	982.72815	983.73895	1.2057322	985.62335	981.67206	1000.0	1000.0	997.9	3.2718081	1005.5553	972.06494	4.8366094	-0.015571054	1.5581762	0.010704947	364000	3722.4217941761017
982.28284	0.13885498	982.4217	982.144	983.13086	0.86042875	984.5357	981.80164	1000.0	1000.0	997.9022	3.5468955	1008.9414	976.58765	5.04515	-0.009032028	1.6753933	0.009925449	366000	3745.9134752750397
983.07117	0.2807312	983.35187	982.7904	983.0931	0.7661512	984.3767	981.8633	1000.0	1000.0	998.39514	2.9983683	1004.5355	976.17554	4.072603	-0.0036556306	1.5964835	0.00991452	368000	3769.4120695590973
984.0802	1.3125305	985.39276	982.7677	982.72107	1.1354054	984.62366	981.20496	1000.0	1000.0	998.45764	3.9204755	1003.85986	970.2101	4.513363	-0.0025861445	1.5831997	0.010017756	370000	3792.8348314762115
982.7905	0.101348884	982.8919	982.6892	982.3807	1.0100814	984.3719	980.42755	1000.0	1000.0	997.66113	3.5033073	1003.7345	971.85455	6.0194488	-0.0053405287	1.5960863	0.015514738	372000	3816.114002227783
981.1191	1.0111084	982.1302	980.108	982.5177	1.4269499	985.0039	980.06354	1000.0	1000.0	997.3013	3.423743	1009.2141	971.3198	4.0457873	-0.00525989	1.6192808	0.011992554	374000	3839.6511204242706
980.0206	0.060760505	980.08136	979.95984	981.84766	1.2314764	984.52704	980.3769	1000.0	1000.0	995.81714	3.2312727	1002.5801	974.3339	2.124061	-0.0056648236	1.612042	0.016417753	376000	3863.096584558487
981.27856	0.1499939	981.4286	981.1286	981.9313	0.6164687	983.5373	981.249	1000.0	1000.0	995.22876	3.2166233	1000.33923	974.9284	1.8215439	-0.003925235	1.59727	0.014038317	378000	3886.599749326706
982.9649	0.9254761	983.8904	982.0394	982.6603	1.3028073	984.6984	980.80524	1000.0	1000.0	994.7524	3.679669	1002.57587	965.3913	4.219629	0.000853625	1.5911034	0.016373362	380000	3910.356126308441
980.2484	0.39627075	980.6447	979.8522	981.81213	1.0930336	983.88916	979.7147	1000.0	1000.0	996.72284	3.403535	1003.2984	976.1572	2.829974	-0.0031670213	1.5907217	0.009182324	382000	3933.649888277054
981.7125	0.7347717	982.44727	980.9777	981.37726	0.98880935	983.7964	979.9776	1000.0	1000.0	995.2351	3.4633663	999.44995	974.94794	1.8099991	-0.003418019	1.6023904	0.009358666	384000	3957.1597623825073
981.55664	0.032745376	981.5894	981.5239	982.23553	0.80664474	983.44696	980.78345	1000.0	1000.0	994.4739	3.1457329	999.19275	975.80206	2.9821966	-0.0053040665	1.5593944	0.010017131	386000	3980.304164648056
983.1246	1.6126709	984.73724	981.5119	982.7837	0.83112	984.0406	981.1497	1000.0	1000.0	994.96826	3.8420799	1001.9369	970.59326	2.4519887	-0.0065864157	1.6206433	0.0141988	388000	4004.2038593292236
980.4838	0.1461792	980.63	980.33765	981.7523	0.60167044	982.9197	980.98456	1000.0	1000.0	995.21674	4.9183207	1003.6305	966.5692	3.2862008	-0.0028040204	1.6180338	0.012876246	390000	4027.5095949172974
981.55334	0.24761963	981.80096	981.3057	981.4391	1.6735548	985.5626	978.9812	1000.0	1000.0	996.31537	2.7548287	1003.48224	980.4164	3.5661902	-0.003331492	1.6206471	0.021173012	392000	4051.0461111068726
983.3043	0.8417969	984.1461	982.4625	981.67755	0.6493529	982.92236	980.5006	1000.0	1000.0	996.86865	3.2350874	1003.5393	978.566	6.5109787	-0.03036123	1.5967828	0.009490164	394000	4074.9609904289246
982.52527	0.41885376	982.94415	982.10645	982.4608	2.5445354	988.01385	979.0771	1000.0	1000.0	994.6666	5.6472664	1000.2259	959.5472	3.6943345	0.00051810814	1.5964072	0.026618594	396000	4098.151537656784
983.5681	1.7619324	985.3301	981.8062	982.38367	1.2789135	985.57947	980.5973	1000.0	1000.0	995.07153	4.654545	1002.99365	964.86694	6.6747885	0.0020880452	1.5718832	0.014649514	398000	4121.335062503815
982.5094	0.020477317	982.52985	982.4889	983.5337	1.2586519	985.73615	981.3707	1000.0	1000.0	997.3738	4.1354356	1005.3435	971.9708	5.264803	-0.0025812774	1.6626282	0.01214326	400000	4144.414507389069
983.95044	0.8680725	984.8185	983.08234	983.82404	2.5796506	990.52136	981.33636	1000.0	1000.0	996.6447	3.1963468	1009.3773	976.6402	4.781443	-0.0011498989	1.6249385	0.013055864	402000	4169.145468235016
983.3985	0.611145	984.00964	982.78735	982.95105	1.04417	984.4558	980.8065	1000.0	1000.0	999.1953	3.7685475	1006.8698	979.19604	2.9643903	-0.0008607467	1.58919	0.013462499	404000	4192.611201763153
983.2186	0.027404785	983.24603	983.1912	984.20636	1.0132318	985.65204	982.2335	1000.0	1000.0	996.6385	5.3799896	1004.2284	965.9212	4.1375914	-0.004936148	1.62326	0.018688658	406000	4215.960095643997
985.1987	0.7106629	985.90936	984.48804	983.61926	1.0365295	985.83813	982.03375	1000.0	1000.0	997.85864	3.3201551	1004.5599	979.5162	4.402211	0.0032688566	1.6066151	0.020103881	408000	4239.03525686264
985.99554	0.28955078	986.2851	985.706	894.57605	276.25098	992.9084	65.861885	1000.0	904.6	996.4802	5.9963417	1005.41144	964.3922	5.8884172	0.0048467414	1.6411346	0.017259823	410000	4260.920653343201
594.8235	389.4523	984.27576	205.37115	904.7795	252.23206	999.34686	148.17073	584.5	910.9	996.41815	14.564195	1013.37915	859.8047	27114.475	0.005737957	1.6544327	0.054052576	412000	4282.808162927628
570.3328	416.54498	986.8778	153.78784	831.68146	316.09537	993.40155	149.8469	558.0	833.5	923.711	177.9748	1053.4567	-48.019245	12124.259	0.007919128	1.6011325	0.02259312	414000	4303.788505792618
987.1819	0.5340271	987.7159	986.6478	761.3723	346.86465	988.81635	125.34236	1000.0	754.0	960.28723	59.118362	1132.8281	402.0839	1031.3987	0.006374825	1.6391368	0.013982437	416000	4323.6706030368805
986.28876	1.1749878	987.46375	985.1138	985.7328	2.1658056	988.9461	981.3334	1000.0	1000.0	983.29846	18.77364	1071.4644	877.0059	261.5542	-0.0048816176	1.5188252	0.008699932	418000	4346.981261014938
986.7521	1.706543	988.4586	985.04553	985.8172	1.3712989	988.7205	983.75574	1000.0	1000.0	989.5523	16.585077	1102.9103	872.7268	220.9833	-0.005214379	1.6496913	0.014968554	420000	4370.481800794601
985.45776	0.31655884	985.7743	985.1412	923.0529	190.655	989.6672	351.10098	1000.0	931.8	989.5991	14.869057	1046.4725	888.64154	162.94589	-0.0048029018	1.5648247	0.011854609	422000	4392.548324108124
986.4535	1.7415161	988.195	984.712	987.744	2.4607656	992.46136	984.0394	1000.0	1000.0	998.756	17.896757	1112.8386	874.4339	227.43965	-0.005100474	1.5904906	0.012590732	424000	4415.905447721481
990.0061	1.0440674	991.0502	988.96204	987.16925	2.4373806	990.6242	983.61273	1000.0	1000.0	1003.69415	15.047977	1059.4263	901.6031	156.41574	-0.00691285	1.6167665	0.015672237	426000	4439.252297401428
987.0013	1.0293579	988.03064	985.9719	986.66516	1.7361385	990.0441	984.2557	1000.0	1000.0	1008.7115	8.490895	1049.099	964.44147	68.593	-0.0039968654	1.6169686	0.009129939	428000	4463.014796733856
988.65137	3.9177551	992.5691	984.7336	986.2274	1.3690827	987.60645	982.35223	1000.0	1000.0	1007.95715	11.250516	1056.473	938.4291	80.04294	-0.0036450839	1.6019948	0.012728311	430000	4486.520760536194
985.1123	0.42861938	985.5409	984.68365	985.653	1.4103398	987.89575	982.1111	1000.0	1000.0	1005.7073	7.5171905	1042.5544	967.5791	44.021626	-0.0025604463	1.5902879	0.016982995	432000	4510.021749973297
984.7721	0.7150574	985.4872	984.05707	984.40906	0.58596784	985.21484	982.9227	1000.0	1000.0	1003.33374	7.583443	1029.1238	951.3292	35.415295	-0.0034212528	1.5509449	0.011202898	434000	4533.465842008591
983.2355	0.07125855	983.3067	983.1642	984.2992	2.342595	990.40656	982.24854	1000.0	1000.0	1002.4307	9.102404	1049.0659	934.6787	43.66737	-0.00635523	1.5354128	0.010807063	436000	4557.010998249054
983.54065	0.35635376	983.89703	983.1843	984.64246	1.5940068	987.3515	981.7586	1000.0	1000.0	997.22076	8.814744	1045.2731	932.1749	41.25561	-0.013572206	1.609839	0.011204962	438000	4580.523277521133
982.949	0.06301881	983.012	982.886	983.7285	1.9879586	987.033	980.94946	1000.0	1000.0	995.83795	5.653006	1034.6775	965.4885	20.420536	-0.008704967	1.619857	0.009417536	440000	4604.15517449379
985.6952	1.0658875	986.7611	984.62933	983.94006	1.7593462	986.9896	981.50696	1000.0	1000.0	995.6416	7.9181886	1031.644	948.31744	38.681942	-0.006913782	1.6142385	0.0099521205	442000	4627.727953910828
983.90753	1.3183594	985.2259	982.5892	983.17444	2.4225087	989.29236	980.0472	1000.0	1000.0	996.86224	5.603196	1021.0052	968.7615	21.30389	-0.0032760492	1.5769252	0.012312647	444000	4651.111754417419
980.9403	0.17718506	981.1175	980.7631	982.65027	1.0046775	984.09546	981.0951	1000.0	1000.0	992.72296	5.6631136	1014.56476	946.5798	18.737534	-0.0034177478	1.5713917	0.008057507	446000	4674.6660096645355
980.89014	0.40234375	981.2925	980.4878	983.08606	1.4201332	986.5045	981.2076	1000.0	1000.0	989.144	6.8098555	1015.81494	924.50684	29.353703	-0.0064822948	1.565455	0.012719752	448000	4698.321191549301
982.31006	1.1994324	983.50946	981.1106	981.7684	1.439542	983.5076	978.9529	1000.0	1000.0	985.4306	6.2791266	1014.00806	943.65027	27.555948	-0.012349441	1.5940193	0.010700699	450000	4722.045243263245
981.43677	0.29818726	981.7349	981.13855	981.75665	0.76864725	983.1926	980.20886	1000.0	1000.0	987.5335	4.557199	1004.6426	954.68854	16.497646	-0.033341665	1.6207174	0.007033661	452000	4745.909977674484
981.54565	0.15887451	981.7045	981.3868	981.722	0.894614	982.9751	980.1678	1000.0	1000.0	992.40137	4.9827194	1019.60504	961.4321	16.32958	-0.0062312023	1.5349896	0.009693173	454000	4769.171657085419
980.40784	0.9786072	981.3864	979.4292	981.7087	1.1718894	983.22314	979.93365	1000.0	1000.0	988.702	4.3411317	1004.1413	962.88654	9.781005	-0.021279149	1.5497952	0.011864446	456000	4792.874395608902
980.7718	0.030029297	980.8018	980.74176	981.58905	0.9224939	983.3269	979.96643	1000.0	1000.0	989.2128	4.8714657	1008.63464	958.5319	12.665341	-0.03271404	1.5264816	0.006264054	458000	4816.859790086746
980.8678	0.8576355	981.72546	980.0102	981.6752	1.191471	983.91864	979.12946	1000.0	1000.0	990.7841	4.406371	1011.707	958.0902	11.198801	-0.03228228	1.5182234	0.010128958	460000	4840.71071600914
981.677	0.216156	981.8932	981.4609	981.5679	1.8808914	985.21747	979.2415	1000.0	1000.0	993.0484	4.867628	1016.1489	965.07666	17.269102	-0.007589975	1.5543606	0.00977557	462000	4864.163244724274
981.1072	1.4598083	982.56696	979.64734	981.8096	0.79973257	983.1379	980.39844	1000.0	1000.0	994.63794	4.6385155	1016.6695	962.5975	9.481278	-0.0044887844	1.5502127	0.010890932	464000	4887.436097383499
981.72424	0.24954224	981.97375	981.4747	981.445	0.9012002	982.9788	980.248	1000.0	1000.0	990.50494	4.556197	1012.29956	969.1759	13.385953	-0.027036922	1.5285925	0.011812235	466000	4911.438264608383
981.7757	0.65112305	982.4268	981.1246	982.1701	1.4639332	985.03674	980.2494	1000.0	1000.0	989.2595	7.1402698	1013.44073	927.85425	22.253687	-0.011809075	1.4945667	0.0094581675	468000	4934.97930598259
981.8063	0.6452942	982.4516	981.161	981.40515	0.7439696	982.6944	980.1845	1000.0	1000.0	986.90826	3.690851	1008.3899	966.8082	13.026377	-0.02232323	1.4813569	0.011860743	470000	4958.733510732651
980.31104	0.47940063	980.7904	979.8316	981.72833	0.93429375	983.5594	980.40796	1000.0	1000.0	989.5215	5.910458	1035.2317	950.8914	22.357397	-0.010212778	1.4752	0.010481474	472000	4982.266004085541
982.8119	2.5021667	985.314	980.3097	981.38904	2.0754862	985.00287	978.6726	1000.0	1000.0	989.5206	5.337912	1017.82007	952.9185	14.810976	-0.008127072	1.5151268	0.0126400655	474000	5005.791793107986
981.5571	0.16635132	981.7235	981.3908	980.6395	1.1706393	982.8825	979.4168	1000.0	1000.0	992.164	5.8786397	1011.6203	958.41144	14.829742	-0.0027178065	1.4702637	0.011856066	476000	5029.334452152252
981.7057	0.27468872	981.98035	981.43097	980.44434	1.1211134	982.273	978.4379	1000.0	1000.0	992.353	7.9350886	1019.81757	898.7457	29.639553	-0.0047674803	1.5100214	0.020094853	478000	5052.682973861694
979.8507	0.18655396	980.0373	979.6642	981.2086	1.8671349	984.0962	978.69275	1000.0	1000.0	992.4474	4.300035	1013.3339	970.2824	9.866972	0.00024321808	1.5638314	0.014227481	480000	5076.156132221222
982.166	1.7483826	983.9144	980.41766	981.0994	1.4868633	982.9921	977.6366	1000.0	1000.0	991.6863	5.031644	1006.5414	958.735	9.244261	0.0018261509	1.4720386	0.015961163	482000	5099.739703416824
982.99036	0.5934143	983.58374	982.3969	981.3128	0.7600355	982.8239	980.4474	1000.0	1000.0	991.95013	3.7576618	1006.7446	971.9028	6.841118	0.006332943	1.4878075	0.021594131	484000	5123.149110794067
981.0288	1.6597595	982.6886	979.3691	979.92725	1.213667	981.5633	977.8584	1000.0	1000.0	994.5048	4.347732	1008.33325	967.74194	6.7064486	-0.0018898277	1.5257806	0.0107100345	486000	5146.273566007614
980.4491	1.3104248	981.7595	979.1387	980.91785	1.0255209	982.79803	979.597	1000.0	1000.0	993.5032	4.771541	1010.4945	969.63873	7.694786	-0.0012906808	1.5136786	0.015897848	488000	5169.6143119335175
980.9588	1.6031494	982.56195	979.35565	980.5327	1.2295763	982.85754	978.42786	1000.0	1000.0	993.1771	4.057443	1005.43915	971.5891	5.5483856	-0.010825444	1.4855996	0.008365863	490000	5193.306270122528
980.86194	0.35073853	981.2127	980.5112	980.3082	1.146901	981.9849	978.45264	1000.0	1000.0	992.5481	4.8730874	1008.085	965.7745	6.764624	-0.013167633	1.5149269	0.010613417	492000	5216.96005487442
981.34534	1.092804	982.4382	980.25256	980.4049	0.8842366	981.70245	978.44073	1000.0	1000.0	992.12836	5.527311	1004.9728	907.9266	7.2080064	-0.0067393486	1.5089548	0.01112026	494000	5240.40426659584
980.1219	0.12298584	980.2449	979.9989	980.13904	1.3064473	981.7159	977.8886	1000.0	1000.0	991.27374	4.4682417	1003.1967	966.3196	4.9516106	-0.0044845054	1.4858084	0.01249565	496000	5263.545029640198
979.9947	0.47058105	980.4653	979.5241	980.43835	1.4624411	982.24036	977.6689	1000.0	1000.0	992.32654	4.2784877	1010.1008	967.9582	9.6258545	-0.007114307	1.5364058	0.010550238	498000	5286.896422863007
979.7839	0.013122559	979.797	979.77075	979.4147	0.9062832	980.8113	977.84204	1000.0	1000.0	992.53064	4.90397	1006.08765	969.2189	6.763243	-0.003625844	1.448935	0.01490288	500000	5310.243822097778
981.92883	0.19238281	982.1212	981.73645	980.4069	1.4672514	983.3252	977.9117	1000.0	1000.0	992.9898	4.0109134	1001.29834	961.18744	6.41269	-0.0011696245	1.5301352	0.0143972365	502000	5333.245180845261
981.0255	1.0539246	982.0794	979.97156	980.1527	1.3893851	982.7049	978.44226	1000.0	1000.0	993.421	5.783191	1006.303	919.7608	5.0852575	0.008790853	1.4796245	0.01511632	504000	5356.647002696991
980.45935	0.17837524	980.6377	980.28094	980.7876	1.5345333	984.47614	978.9779	1000.0	1000.0	992.67236	3.8167653	1002.6563	972.85254	6.3872347	0.0010020642	1.4711827	0.011564011	506000	5380.250358819962
980.8777	0.16842651	981.0461	980.7092	980.76044	1.1464235	982.2801	978.59454	1000.0	1000.0	991.3687	4.5378733	997.82684	963.17725	2.6797192	-0.0067466996	1.5047837	0.010507905	508000	5403.855840682983
979.6007	0.6140747	980.2148	978.98663	980.6113	0.9233695	981.98834	978.83435	1000.0	1000.0	991.7971	5.248629	1007.4225	925.89575	6.214907	-0.0069778087	1.5480783	0.010345822	510000	5427.595064401627
981.3888	0.06738281	981.4562	981.3214	981.22394	1.566251	983.44586	979.10474	1000.0	1000.0	992.0517	3.5892835	1004.20984	969.15826	7.372514	-0.0081439605	1.4635063	0.0128484415	512000	5451.124221563339
978.6593	0.9805603	979.6399	977.6788	979.779	0.8857917	980.776	978.3508	1000.0	1000.0	992.60486	5.6659966	1005.0345	960.83386	4.581533	-0.0019699305	1.4744331	0.0120943505	514000	5474.599380493164
979.06213	1.117096	980.1792	977.945	979.28644	1.2594634	980.8512	977.21857	1000.0	1000.0	991.7917	4.9074287	1011.74854	966.8568	5.955137	-0.003952262	1.5061927	0.012584272	516000	5498.237937927246
978.5453	0.89208984	979.4374	977.6532	979.4503	1.9207448	982.5898	976.8175	1000.0	1000.0	991.62823	5.233004	1004.82666	952.80524	4.014911	-0.006379252	1.4817266	0.011102349	518000	5521.633851766586
978.3552	1.1071167	979.46234	977.2481	978.85254	1.3257195	981.42426	976.38824	1000.0	1000.0	992.32324	4.7363906	1004.53644	962.61115	6.27218	-0.0114588905	1.5181501	0.010448601	520000	5545.109330415726
979.5895	1.2161255	980.8056	978.37335	979.3411	1.2533762	981.65204	977.1541	1000.0	1000.0	992.11035	4.861122	1003.92786	966.80566	6.551196	-0.004201592	1.4421828	0.012025255	522000	5568.722263813019
980.7562	0.7971802	981.5534	979.95905	980.21423	0.958532	981.9606	978.3106	1000.0	1000.0	991.88715	4.816829	1001.4684	961.69434	5.0798955	-0.0055761435	1.4977424	0.014288636	524000	5592.288445711136
981.8508	0.7581482	982.609	981.0927	981.1128	1.5093015	984.02423	978.8534	1000.0	1000.0	994.1238	4.028186	1006.4874	967.676	11.91296	-0.004886415	1.4516249	0.007548233	526000	5615.582095146179
980.8148	0.47006226	981.2849	980.3448	979.68835	1.0743229	981.6628	977.92523	1000.0	1000.0	994.5402	4.7226543	1006.168	968.91315	6.8484793	-0.003215068	1.5020773	0.010838341	528000	5639.036213159561
980.6815	0.7399597	981.42145	979.9415	979.34534	2.506202	986.038	976.1069	1000.0	1000.0	993.85236	5.2729445	1007.304	966.21875	8.815269	-0.0047369567	1.5068812	0.016107406	530000	5662.5761282444
978.71515	4.746826	983.462	973.9683	980.1312	1.6785722	982.0688	977.2922	1000.0	1000.0	992.4103	7.032257	1014.8067	873.6816	11.511738	-0.0063404865	1.4637617	0.009177825	532000	5685.961186647415
980.7769	0.33947754	981.1164	980.43744	979.1045	1.3611125	981.254	976.7758	1000.0	1000.0	991.1339	8.30796	1004.44257	945.8276	12.029474	-0.002763075	1.4957834	0.019289177	534000	5709.405070781708
980.41846	0.38006592	980.7985	980.0384	979.51465	1.1376977	981.49646	977.5167	1000.0	1000.0	999.0259	4.8347354	1010.68933	974.4253	5.938394	-0.009756851	1.4396161	0.010837393	536000	5732.987777709961
980.45544	1.6242371	982.0797	978.83124	980.09875	1.4867226	981.999	977.8632	1000.0	1000.0	996.9826	5.2536535	1006.7088	975.54254	7.5314026	-0.013375564	1.4224932	0.010953699	538000	5756.144220352173
979.6465	2.4103699	982.0569	977.23615	979.6947	1.645884	982.8516	977.6916	1000.0	1000.0	995.6174	5.4413567	1018.9649	968.4235	3.8727212	-0.00877051	1.4814073	0.013759345	540000	5779.6757979393005
982.3474	0.867157	983.21454	981.4802	977.75226	1.4503876	980.62933	974.8375	1000.0	1000.0	994.1744	5.3732147	1003.8264	966.3627	11.990334	-0.005410165	1.5190214	0.014035101	542000	5803.202271461487
979.4462	1.5968018	981.043	977.8494	978.7755	1.9522506	982.12506	975.7582	1000.0	1000.0	994.63104	5.4065423	1006.1559	961.9325	6.524907	-0.007289896	1.4239566	0.011069432	544000	5826.7490866184235
980.32104	1.1286621	981.4497	979.1924	979.9072	2.4796143	983.9449	975.41644	1000.0	1000.0	995.44714	5.194957	1003.816	966.7875	7.230586	-0.0006374063	1.4410994	0.0112096295	546000	5850.249843835831
983.2145	1.408783	984.6233	981.8057	980.85596	2.2411387	984.10175	977.8955	1000.0	1000.0	996.2321	5.442672	1007.8308	968.8191	13.50662	-0.0014083227	1.4589043	0.012036703	548000	5873.699725866318
978.073	1.6533203	979.7263	976.4197	980.4193	2.9907794	984.50037	975.9374	1000.0	1000.0	998.4541	4.416318	1010.73114	977.5727	8.223351	-0.0030952026	1.4862577	0.021086322	550000	5897.201742887497
983.9579	0.08328248	984.04114	983.8746	982.4652	3.2716162	990.0581	978.81085	1000.0	1000.0	996.46173	4.936936	1008.10095	967.7395	11.320038	-0.0012390513	1.4735603	0.01990691	552000	5920.610197067261
659.5929	443.11844	981.7947	33.013264	984.8341	8.039949	1007.6019	979.1644	647.3333	1000.0	983.34625	85.54788	1011.9899	134.92206	95583.45	-0.002407845	1.4792805	0.052070204	554000	5943.877546310425
984.7529	2.2870789	987.04	982.4658	847.57324	296.84067	989.95404	33.611294	1000.0	860.3	737.859	48.88298	835.8494	327.06732	2586.0889	0.0048368243	1.4975675	0.0145500675	556000	5965.068647861481
982.4136	0.20684814	982.6204	982.2067	981.8094	2.719563	985.7072	977.496	1000.0	1000.0	843.9864	10.957716	970.9602	801.2733	692.42444	0.00603277	1.5121024	0.039090287	558000	5988.7423939704895
981.0691	3.4239502	984.49304	977.64514	982.1214	2.3951497	987.3029	979.7847	1000.0	1000.0	912.19336	8.700417	969.30194	847.3709	221.66508	0.013030156	1.4998252	0.02758328	560000	6011.992742300034
982.11896	4.8394165	986.9584	977.27954	985.46716	3.7628222	995.92035	981.3853	1000.0	1000.0	950.45135	10.382611	982.68524	796.6322	114.99839	0.009228991	1.4282687	0.015743777	562000	6035.55260014534
982.32007	0.9367981	983.25684	981.38324	982.7577	2.7113535	989.29626	980.0499	1000.0	1000.0	979.1351	5.3990703	1020.4321	955.4337	39.64324	-0.0032209002	1.4773763	0.012735799	564000	6059.248024940491
983.8124	1.6728821	985.4852	982.13947	983.69794	2.8314698	987.9302	980.43445	1000.0	1000.0	993.49097	3.6050525	1014.1323	941.9193	44.147644	-0.005369315	1.465979	0.010174591	566000	6082.637792110443
982.7027	0.7939453	983.49664	981.90875	983.06165	2.1639717	986.92993	978.80835	1000.0	1000.0	1003.44385	5.951959	1023.08887	944.90375	48.565365	-0.0051732804	1.4794319	0.010846456	568000	6105.929852247238
986.41907	3.7539368	990.17303	982.66516	985.1322	3.4033709	991.6615	979.4085	1000.0	1000.0	1008.3961	5.959465	1028.7375	971.1656	57.344036	-0.012384667	1.5113597	0.010242903	570000	6129.101620197296
869.3993	119.0061	988.4054	750.3932	918.9342	193.99535	986.3968	336.9778	862.0	932.3	985.14294	90.22074	1031.5205	442.3051	84420.664	-0.010476087	1.4786304	0.014911716	572000	6151.344710826874
983.27026	0.06936646	983.33966	983.2009	983.749	2.8070228	990.4155	980.6086	1000.0	1000.0	842.14386	42.0999	891.3452	415.16837	1548.351	-0.006010016	1.4727515	0.013094337	574000	6174.8343501091
983.98706	0.54959106	984.5366	983.43744	982.82275	1.6495608	985.0779	979.4892	1000.0	1000.0	913.9479	11.742427	974.8909	826.10706	290.42462	-0.0036004188	1.4531186	0.012586064	576000	6198.366158246994
984.1792	1.5350647	985.71423	982.6441	983.567	2.1539943	987.40674	980.9074	1000.0	1000.0	956.769	9.014096	1010.1824	868.72046	97.75824	-0.008628525	1.4886262	0.010579562	578000	6221.730699777603
981.50793	0.9642334	982.47217	980.5437	982.30664	1.8303823	985.8462	980.05096	1000.0	1000.0	982.7859	8.042939	1012.55695	876.7086	57.121296	-0.0011268053	1.5047041	0.017158344	580000	6244.959615945816
984.3318	2.0561829	986.388	982.27563	983.9875	1.7086412	986.7094	980.36	1000.0	1000.0	998.0909	7.027509	1020.5785	950.1178	54.59568	-0.0037720622	1.4826283	0.01148966	582000	6268.370681524277
983.18054	1.1885071	984.3691	981.99207	983.42395	1.9517627	986.8859	980.92456	1000.0	1000.0	1007.95483	10.499746	1029.8352	900.9108	78.2498	-0.003890058	1.4787996	0.010189787	584000	6291.837064027786
981.755	0.25271606	982.00775	981.5023	984.44714	0.7197189	986.199	983.624	1000.0	1000.0	1013.4154	8.28252	1030.3878	940.91583	65.82782	-0.0035724274	1.4852583	0.012994191	586000	6315.181617498398
983.848	1.0436401	984.89166	982.8044	795.41144	377.44315	986.1022	25.958744	1000.0	808.5	1016.1024	5.8933954	1034.851	976.8447	54.81112	-0.03605804	1.5305825	0.008374787	588000	6335.802065372467
522.3908	463.45618	985.847	58.93461	796.66003	377.24805	995.5961	25.181017	531.0	808.6	1012.9665	29.469263	1067.2345	468.45782	16434.62	-0.0020781758	1.556987	0.023735924	590000	6355.911998748779
503.8026	480.1983	984.0009	23.604313	984.8454	1.7283164	987.3196	981.0765	511.5	1000.0	998.03876	70.44452	1045.9751	137.52637	6781.4346	-0.00012246682	1.4857099	0.015156894	592000	6379.4116106033325
985.55176	0.42538452	985.9772	985.1264	983.988	0.9973762	985.69275	982.5322	1000.0	1000.0	983.0903	39.26211	1022.3724	534.9083	388.37772	0.007775157	1.518273	0.017270193	594000	6403.059152841568
984.1394	2.1648865	986.3043	981.97455	983.29706	1.4068167	985.43	980.8788	1000.0	1000.0	983.1638	9.182958	1006.3949	857.2006	39.323715	0.002443759	1.5142841	0.017209891	596000	6426.525201797485
981.2233	0.003479004	981.2268	981.21985	982.8656	1.3007083	985.3672	981.4835	1000.0	1000.0	993.199	4.731494	1015.77594	942.67377	25.81364	-0.00491452	1.4948082	0.0076452107	598000	6449.976372241974
984.4868	0.8100891	985.2969	983.6767	981.95276	0.90500486	983.6608	980.6188	1000.0	1000.0	1000.8181	5.2665396	1017.63934	964.3352	30.746424	-0.029698964	1.5497366	0.009795815	600000	6473.754170417786
983.91284	0.21560669	984.1284	983.6972	982.56805	1.03001	984.0753	980.46936	1000.0	1000.0	1006.8674	8.230577	1025.7856	912.75165	43.271263	-0.0075383834	1.5309011	0.011560858	602000	6498.0375163555145
984.3075	0.9042969	985.2118	983.4032	983.6747	1.1075225	985.25793	982.45856	1000.0	1000.0	1009.00555	6.526742	1032.4716	958.12726	42.06466	-0.023530139	1.5020145	0.010476669	604000	6521.712567567825
983.4872	2.3154602	985.8027	981.17175	983.5011	1.3573211	986.5319	981.5396	1000.0	1000.0	1011.8555	5.557122	1026.5146	967.9915	36.649895	-0.0060208454	1.5011387	0.011744723	606000	6545.24617934227
983.347	0.286438	983.6334	983.06055	984.28986	1.1072818	986.2015	981.61523	1000.0	1000.0	1010.1366	5.642411	1024.9141	970.9107	30.01911	-0.0044033523	1.5561895	0.009264019	608000	6568.709964990616
982.6248	1.3748169	983.99963	981.25	984.2533	1.8300037	987.1947	981.94543	1000.0	1000.0	1009.5355	6.212293	1031.9282	944.421	27.297699	-0.017254813	1.5412854	0.00945294	610000	6592.2341821193695
983.71545	0.54299927	984.2584	983.1724	983.35254	1.4103025	985.06616	980.2359	1000.0	1000.0	1007.274	4.8964424	1019.66864	973.3689	26.542866	-0.03173719	1.4711511	0.009745939	612000	6614.852853059769
984.01306	1.5052185	985.5183	982.5079	983.5169	1.4895092	986.4374	982.0429	1000.0	1000.0	1006.938	4.8624954	1016.8052	970.3533	20.173504	-0.0030653991	1.3694972	0.015603408	614000	6636.691997289658
984.91864	0.355896	985.27454	984.56274	985.0999	1.3254126	987.2029	982.64056	1000.0	1000.0	1004.76135	9.677994	1019.13226	866.67395	39.138336	-0.004359646	1.4235029	0.010886509	616000	6658.190865755081
984.82275	0.7518616	985.57465	984.0709	983.8957	0.6116916	984.981	982.8903	1000.0	1000.0	1006.4347	5.0586057	1025.3516	972.62164	24.652645	-0.0049968483	1.3967948	0.015067435	618000	6680.953745126724
986.137	0.3475952	986.4846	985.7894	985.28955	1.3149902	988.1426	983.49786	1000.0	1000.0	1007.84174	6.2401214	1025.9467	962.5122	27.219372	-0.008397354	1.4338524	0.011796488	620000	6704.70448923111
985.84717	1.5674133	987.41455	984.2797	984.55536	1.1355968	986.1852	982.5829	1000.0	1000.0	1009.32074	4.205928	1024.0461	960.9652	27.577068	-0.004459917	1.4262781	0.010934387	622000	6728.05221414566
984.08594	0.37963867	984.4656	983.7063	983.99426	0.7710032	985.33246	982.9268	1000.0	1000.0	1008.9109	7.5156336	1028.7378	955.3594	26.62699	-0.0045683095	1.3882091	0.011142027	624000	6751.566226243973
984.6791	0.15383911	984.83295	984.52527	984.42737	1.4251624	988.0041	982.55115	1000.0	1000.0	1009.98395	4.6520486	1025.0779	970.7154	24.38691	-0.03251133	1.4188766	0.006202477	626000	6775.58100771904
983.455	0.973938	984.42896	982.4811	984.32294	1.4706088	988.0119	982.55804	1000.0	1000.0	1007.8428	6.5871816	1026.0398	968.3819	24.534302	-0.029665275	1.4044138	0.011154033	628000	6799.014344215393
985.3822	0.39804077	985.7803	984.9842	984.66534	1.3540616	986.6152	982.42725	1000.0	1000.0	1007.2287	6.2791324	1022.3943	907.68933	21.888306	-0.0066794814	1.3879757	0.009023169	630000	6822.63353061676
984.5103	0.69677734	985.2071	983.81354	984.37585	1.3981282	986.9071	982.13055	1000.0	1000.0	1005.9183	4.123849	1020.50806	971.2541	20.893124	-0.007503251	1.4091324	0.010381209	632000	6845.818464517593
985.5876	0.5909424	986.1785	984.99664	984.3607	0.81581765	985.9717	983.34717	1000.0	1000.0	1007.8617	4.4019737	1018.11475	978.57196	17.276424	-0.021412378	1.3570977	0.010226751	634000	6869.6676633358
984.0752	0.30639648	984.3816	983.7688	984.35706	1.7112646	987.6606	981.73627	1000.0	1000.0	1006.36865	4.3260713	1023.12463	982.38837	16.867031	-0.016500989	1.3892851	0.009715252	636000	6893.245757102966
985.2437	1.4874878	986.7312	983.7562	984.8696	1.0550542	986.5959	982.63654	1000.0	1000.0	1005.5024	3.7668722	1022.1606	970.7417	16.209381	-0.004804385	1.3365161	0.011684046	638000	6916.756568431854
984.80005	0.36358643	985.16364	984.43646	985.6795	1.9105954	990.9235	983.958	1000.0	1000.0	1003.93646	5.2077675	1015.20654	974.3631	13.024266	-0.002995123	1.3663427	0.010079171	640000	6940.225285053253
985.4004	0.3678894	985.76825	985.0325	985.9598	0.9676058	987.7873	984.6878	1000.0	1000.0	1004.24835	3.7977293	1014.9876	983.61414	13.765712	-0.0041402844	1.342149	0.010384975	642000	6963.988533973694
984.31824	0.47595215	984.7942	983.8423	985.00305	1.1858199	987.19275	982.39996	1000.0	1000.0	1004.60345	5.0996594	1017.6264	972.8606	16.428402	-0.008791417	1.3564382	0.011511248	644000	6987.476094722748
984.98047	1.1851196	986.1656	983.79535	984.8132	0.8768523	986.7682	983.247	1000.0	1000.0	1005.1764	3.9349186	1017.2496	980.6532	14.421011	-0.005583854	1.3797795	0.011512145	646000	7010.93155503273
984.666	1.679779	986.3458	982.98627	985.00085	0.5603027	985.6805	984.21155	1000.0	1000.0	1004.57196	6.3333917	1015.1697	918.1601	15.6558075	-0.0061468515	1.3661842	0.007796969	648000	7034.440554857254
985.9813	0.65060425	986.63196	985.33075	984.8804	1.0228196	986.4302	982.9501	1000.0	1000.0	1003.98193	5.405346	1018.4105	974.726	14.0177765	-0.002532757	1.3134394	0.00899487	650000	7058.111948728561
983.3755	0.8049011	984.1804	982.5706	984.6846	1.1502931	986.3544	982.8277	1000.0	1000.0	1005.22925	4.301863	1015.6504	977.80133	11.397305	-0.0011889676	1.2952995	0.012473511	652000	7081.864032745361
985.4723	0.91278076	986.3851	984.5595	985.5832	1.1117663	987.44214	983.6675	1000.0	1000.0	1003.235	4.3878837	1014.9744	980.9448	12.307764	-0.0021679853	1.3763939	0.017394993	654000	7105.2311980724335
984.5928	1.174469	985.7673	983.41833	984.112	0.8754302	985.733	983.0811	1000.0	1000.0	1004.8988	5.31567	1019.00726	973.75476	12.471809	-0.0026457533	1.3176037	0.012738825	656000	7128.596252441406
982.61914	0.5408325	983.16	982.0783	984.285	1.1029804	986.86334	982.8659	1000.0	1000.0	1004.7	4.2360406	1012.8198	956.2899	13.569743	-0.007970933	1.3704282	0.01074751	658000	7151.662176370621
985.22595	0.28451538	985.5105	984.94147	983.1208	1.0637991	984.6734	981.30115	1000.0	1000.0	1004.03217	5.651016	1014.05804	971.66736	10.765916	-0.006023802	1.3617051	0.008154258	660000	7175.12029671669
982.65393	1.0193176	983.6732	981.6346	983.7201	0.90443045	985.12115	982.3156	1000.0	1000.0	1002.2645	8.759405	1012.6854	842.078	18.859531	-0.0015578225	1.3338785	0.018499827	662000	7198.4051032066345
982.75696	0.044830333	982.80176	982.7121	983.73535	1.2958302	985.2389	980.8714	1000.0	1000.0	1002.5054	4.319972	1014.46906	974.64484	12.054987	-0.008124775	1.3838596	0.011922768	664000	7222.026507139206
982.45483	1.2478638	983.7027	981.207	983.29333	0.95545083	985.2598	982.2261	1000.0	1000.0	1002.37683	8.768524	1011.2806	820.7401	19.91665	-0.0077072494	1.3470814	0.012928015	666000	7245.367561340332
982.81934	0.37265015	983.192	982.4467	982.4474	0.9963819	984.30835	980.5207	1000.0	1000.0	1002.9494	3.8821704	1014.594	976.6788	9.893903	-0.004796855	1.3172626	0.012868419	668000	7268.973495006561
982.8828	0.53396606	983.41675	982.3488	982.6175	1.4561701	985.51495	980.6929	1000.0	1000.0	1002.1609	4.472496	1008.92377	978.49945	5.742179	-0.0013107073	1.3903713	0.018766278	670000	7292.469657659531
982.0116	0.4041443	982.4158	981.6075	982.10187	1.299616	985.2716	980.66406	1000.0	1000.0	998.9271	4.008613	1008.16034	979.2769	10.258577	-0.00459515	1.349352	0.011854733	672000	7316.022743225098
981.9648	0.092285156	982.05707	981.8725	982.3568	1.5285847	985.90515	980.3971	1000.0	1000.0	998.7933	4.7015915	1012.4254	970.869	6.9321723	-0.006470446	1.3622632	0.009313742	674000	7339.697368621826
982.7328	0.038360607	982.7711	982.6944	981.7333	1.035129	982.9649	979.6212	1000.0	1000.0	999.7624	3.8643496	1009.4905	977.2655	8.445462	-0.012523753	1.2927463	0.009355021	676000	7363.135935783386
982.4573	0.57244873	983.0297	981.8848	982.187	0.88288015	983.8654	981.1814	1000.0	1000.0	998.7989	4.425396	1009.77203	975.8671	5.2778587	-0.013428709	1.3966897	0.009509422	678000	7386.917948246002
980.5122	0.08615113	980.5984	980.4261	981.7388	0.56198674	982.48395	980.79114	1000.0	1000.0	996.7667	5.143473	1005.5846	972.292	6.003194	-0.006534135	1.3533702	0.011404455	680000	7410.37468290329
982.0538	0.9116821	982.96545	981.1421	981.4972	0.93949527	983.1221	979.5435	1000.0	1000.0	997.3999	5.431669	1008.593	957.3709	7.975927	-0.0043994826	1.3665621	0.011618574	682000	7433.877948284149
982.6278	0.51708984	983.1449	982.1107	982.3914	0.824683	983.6206	980.6607	1000.0	1000.0	997.8663	4.028625	1007.6442	974.46857	9.504639	0.00049835397	1.3637807	0.018938188	684000	7457.299522638321
981.97534	0.66607666	982.6414	981.30927	982.39453	1.0393833	984.0596	980.82635	1000.0	1000.0	999.506	5.279716	1009.98737	969.27625	7.8226776	-0.029973596	1.3336508	0.007089873	686000	7481.347611188889
982.34045	1.0888367	983.4293	981.25165	982.20685	1.260265	984.46924	979.80023	1000.0	1000.0	998.59357	8.434514	1009.50366	867.6824	16.436665	-0.008551275	1.347037	0.008747727	688000	7504.940636873245
982.4474	0.25408936	982.7015	982.1933	981.37976	1.3315302	983.4212	979.4463	1000.0	1000.0	1001.39825	4.5136085	1011.6795	977.833	9.998212	-0.0042110668	1.3078547	0.012730707	690000	7528.438316345215
980.9929	0.55722046	981.5501	980.43567	980.5563	2.2716515	982.8185	974.967	1000.0	1000.0	1000.3211	5.3236957	1011.0114	961.4112	10.945119	-0.017810838	1.3651067	0.009865173	692000	7551.944998502731
980.5946	1.5376282	982.1322	979.05695	981.45184	1.4898362	983.3233	977.71	1000.0	1000.0	998.8108	10.871164	1010.7904	820.4273	19.335306	-0.013110985	1.3191153	0.009068925	694000	7575.643112897873
981.1372	0.59558105	981.7328	980.5416	981.2545	1.0208286	983.3159	979.6783	1000.0	1000.0	999.3894	4.0019937	1009.53345	972.813	10.674979	-0.0027425862	1.3237813	0.013800981	696000	7599.294353961945
979.55896	0.47006226	980.029	979.08887	980.9084	0.7788197	982.0582	979.7421	1000.0	1000.0	999.82623	5.1985455	1007.0974	972.2272	13.430499	-0.005586191	1.3861902	0.006383106	698000	7623.126113176346
983.48456	0.53131104	984.01587	982.95325	980.63513	1.4581101	983.0064	977.84174	1000.0	1000.0	999.0647	4.3806643	1008.3846	975.8624	8.109909	-0.0026277537	1.3464423	0.012371637	700000	7647.10921049118
980.3655	0.59439087	980.9599	979.7711	980.90497	2.083223	983.35504	975.1774	1000.0	1000.0	999.0198	4.2341266	1006.04425	975.3931	8.096553	-0.0070511457	1.3066708	0.012142364	702000	7670.765479326248
981.1499	0.27374268	981.42365	980.87616	981.4191	2.2424562	984.30804	975.8479	1000.0	1000.0	996.74554	5.1174827	1005.74725	969.40125	6.995922	-0.0048536826	1.3584094	0.010096592	704000	7694.459071159363
980.7551	0.6767273	981.4319	980.0784	980.97784	1.0024712	983.0957	979.3687	1000.0	1000.0	998.2246	3.9999046	1006.89905	975.6851	6.073455	-0.0038474493	1.3536515	0.0122731	706000	7718.055664539337
978.60144	1.2239075	979.8253	977.3775	980.9857	1.0877248	982.7731	978.63434	1000.0	1000.0	996.17664	10.084844	1003.2066	876.45374	13.185712	-0.009735009	1.3700035	0.012093516	708000	7741.564340829849
981.98676	1.0922241	983.079	980.89453	982.2262	0.9444847	983.7243	980.9824	1000.0	1000.0	996.46686	3.3303642	1007.65186	977.9764	9.453224	-0.014736622	1.2924	0.010396789	710000	7765.32527923584
982.22205	0.4139099	982.636	981.80817	982.01544	1.6707284	984.40283	978.89496	1000.0	1000.0	998.27155	4.986595	1006.3253	962.0397	8.550524	-0.011665621	1.3144834	0.0089409305	712000	7788.858175754547
981.47485	0.5238342	981.99866	980.951	980.1432	0.8952161	981.1732	978.6519	1000.0	1000.0	999.4765	5.1968064	1010.9046	971.3854	8.590199	-0.0036056323	1.3708328	0.011625868	714000	7812.512749671936
976.56604	4.705475	981.2715	971.86053	980.2225	3.395621	984.2221	970.51337	1000.0	1000.0	997.8755	7.4097285	1012.14526	921.20135	13.872406	0.003795727	1.327432	0.016914297	716000	7836.120428085327
980.49414	0.04156494	980.5357	980.4526	980.1711	0.84957504	981.50256	978.7768	1000.0	1000.0	996.7333	5.045741	1004.76874	947.4916	8.033926	0.008676815	1.3340387	0.02667487	718000	7859.2374958992
981.10754	1.3124695	982.42004	979.7951	980.0448	0.88018316	981.47437	978.55334	1000.0	1000.0	998.5149	3.766491	1005.47736	972.4304	8.27611	0.008544382	1.2659419	0.01717746	720000	7882.895495414734
979.3947	0.18267822	979.5774	979.21204	979.51184	0.9493759	980.9895	977.7511	1000.0	1000.0	998.40625	4.752684	1004.9885	976.1057	6.1497736	0.0055395393	1.3314061	0.03229894	722000	7906.349451780319
979.1693	1.2305603	980.3999	977.9388	979.1782	0.602305	979.9257	978.02026	1000.0	1000.0	997.3552	4.6458726	1005.58875	973.29803	4.4069138	0.00740173	1.342906	0.024107425	724000	7929.925066232681
976.9192	0.33755493	977.2568	976.58167	977.855	1.3269631	980.6705	975.56256	1000.0	1000.0	995.35675	4.1350217	1000.2407	975.48035	4.394202	0.005071174	1.2988887	0.015998006	726000	7953.587630033493
977.4321	0.47702026	977.9091	976.9551	977.32733	1.0529804	978.7686	975.37067	1000.0	1000.0	993.12823	4.2413735	997.44666	970.28357	2.9425728	-0.0046408675	1.3195599	0.010694169	728000	7977.071116447449
975.90735	1.367157	977.27454	974.5402	977.82825	0.89118826	978.9927	976.4368	1000.0	1000.0	991.5184	3.4040198	995.6176	971.12695	3.6139724	-0.0034628864	1.2647513	0.013147365	730000	8000.412885427475
979.6423	1.2372437	980.8795	978.405	979.0869	1.3472203	982.1758	977.3459	1000.0	1000.0	989.2495	3.5071898	995.5268	971.3015	4.0193763	-0.006887631	1.3336434	0.010148048	732000	8023.855284690857
979.76495	1.6184082	981.38336	978.14655	978.72363	0.63650215	979.7906	977.70264	1000.0	1000.0	993.06573	3.6874845	1000.41534	973.56116	2.8341875	-0.0038204256	1.3188907	0.011535406	734000	8047.406886577606
979.4345	1.0356445	980.47015	978.39886	978.94885	1.226064	980.8084	977.4375	1000.0	1000.0	992.9267	3.2078252	999.5898	975.78845	2.1303544	-0.008812265	1.3962675	0.008541098	736000	8070.871544837952
980.484	1.0921326	981.5762	979.3919	979.8693	1.0474045	981.8834	978.58124	1000.0	1000.0	992.0655	3.1885571	998.85944	972.7511	3.5028186	-0.026409095	1.3025221	0.010978054	738000	8094.87286233902
979.30676	0.042022716	979.3488	979.2648	980.3968	0.78333133	981.3129	978.69147	1000.0	1000.0	994.194	3.5747266	1000.7897	976.92255	4.738487	-0.005953763	1.2710818	0.013139284	740000	8118.14645409584
978.25525	0.58480835	978.8401	977.6705	979.64874	1.2093108	982.22034	977.7549	1000.0	1000.0	994.1248	3.8246765	998.71356	973.01685	3.301867	-0.0032666628	1.3314108	0.008630124	742000	8141.271137952805
977.36975	0.14715576	977.5169	977.2226	978.60205	1.1838409	980.8948	976.7134	1000.0	1000.0	994.3495	3.7091799	998.4128	973.59906	3.0595996	-0.0038780123	1.3034549	0.010460749	744000	8164.677810192108
979.33484	0.14807129	979.4829	979.18677	978.7798	0.93314844	980.163	976.7282	1000.0	1000.0	992.8183	3.51007	997.62616	974.919	4.722995	-0.0060096225	1.3299329	0.01252763	746000	8188.227966308594
979.95105	0.91485596	980.8659	979.0362	979.00586	0.9931249	981.4756	977.84705	1000.0	1000.0	993.1744	2.9700074	999.7666	975.20874	3.2116551	-0.007260999	1.3961649	0.01080555	748000	8211.85273861885
980.6388	1.136322	981.7751	979.50244	979.4176	0.5032371	980.0176	978.2907	1000.0	1000.0	993.1761	3.392131	997.2504	975.71063	3.0412688	-0.0061472123	1.3209733	0.0088616675	750000	8235.421829223633
979.1931	1.2391052	980.4322	977.954	979.2057	0.8368278	980.5454	978.1469	1000.0	1000.0	992.6579	3.4143643	998.1091	974.49133	3.0462768	-0.004285431	1.3225318	0.010593456	752000	8258.798163414001
980.2151	0.48861694	980.7037	979.72644	979.51843	1.1479795	982.05347	978.3487	1000.0	1000.0	992.80664	3.2594118	998.16003	976.2901	3.5740216	-0.0022744113	1.2819858	0.01919707	754000	8282.167269468307
979.16455	0.2637024	979.4282	978.9008	978.99304	0.69137704	980.2051	977.40955	1000.0	1000.0	995.1125	3.6690955	1000.4424	975.40405	2.7696671	-0.008577375	1.3145549	0.011208296	756000	8305.501774311066
978.057	1.1445007	979.20154	976.91254	979.54083	0.9346254	981.26526	977.4131	1000.0	1000.0	992.39813	3.270458	997.65283	970.4987	2.6344647	-0.0040660724	1.257199	0.013290262	758000	8328.942502737045
978.76154	0.55181885	979.31335	978.2097	979.5169	1.009482	981.0427	977.8952	1000.0	1000.0	992.4454	3.336912	998.9351	975.2434	2.1354651	-0.0042995084	1.3325335	0.020416431	760000	8352.418503522873
978.27014	0.94558716	979.21576	977.3246	979.28906	0.9254247	981.4431	978.2262	1000.0	1000.0	991.6714	3.5526128	998.26685	971.6883	2.6754944	-0.0027147632	1.3377964	0.0117630595	762000	8375.677837610245
979.04956	1.778656	980.82825	977.27094	979.6678	1.6093117	981.94257	977.1251	1000.0	1000.0	991.9147	3.2736974	998.009	974.707	5.537444	-0.002998909	1.3270861	0.01678653	764000	8399.081041574478
979.6041	2.529602	982.1337	977.0745	979.45154	1.2333635	981.5125	977.5731	1000.0	1000.0	992.64923	4.5707946	999.90076	950.6828	5.704646	-0.0056035663	1.2805578	0.009619535	766000	8422.113542556763
978.81946	0.6638489	979.4833	978.1556	979.6688	1.4177849	981.6422	976.85565	1000.0	1000.0	993.0099	3.4820151	1000.2488	975.9668	4.760472	-0.0036536953	1.3451713	0.010544987	768000	8445.402406692505
979.2527	0.13479614	979.3875	979.1179	980.384	1.4890591	982.8498	978.23663	1000.0	1000.0	992.9926	3.9088957	997.69037	974.1845	4.791543	-0.0027219425	1.3206652	0.014707058	770000	8468.907770872116
981.30237	0.37457275	981.67694	980.9278	980.32556	1.4630086	981.84235	977.56116	1000.0	1000.0	992.4455	4.088435	999.87286	972.29175	6.0421185	-0.005955644	1.314879	0.010822699	772000	8492.463780403137
980.908	1.262146	982.17017	979.6459	981.15	1.1979741	983.52496	979.46954	1000.0	1000.0	995.34375	3.5321045	1003.53955	976.79456	9.488414	-0.0038586233	1.3129718	0.0124182105	774000	8515.802248239517
980.63684	0.4340515	981.07086	980.20276	979.8696	0.79876804	981.16296	978.13214	1000.0	1000.0	996.4034	4.1292853	1002.97125	971.1174	6.7775407	-0.003705413	1.254596	0.011874967	776000	8539.313371896744
983.3871	3.0521545	986.4393	980.33496	979.96326	2.2292802	984.95917	976.7444	1000.0	1000.0	994.76324	4.1020913	1002.01544	978.188	10.676175	-0.001821065	1.2816322	0.0135674905	778000	8562.766051054
978.87036	0.41345215	979.2838	978.4569	978.5526	1.3762798	981.295	975.48737	1000.0	1000.0	998.18964	3.3888307	1006.36475	981.49286	7.571363	-0.010358154	1.3139069	0.009847993	780000	8586.329817056656
980.6859	0.690155	981.3761	979.9958	979.7889	0.99168426	980.9433	977.4535	1000.0	1000.0	995.0085	4.5124507	1002.0586	972.9607	4.2119255	-0.025505973	1.2819473	0.010257349	782000	8610.074054479599
980.36304	0.07254029	980.4356	980.2905	981.1688	0.8864428	983.3578	980.0523	1000.0	1000.0	994.4078	3.9610786	1001.0155	973.2318	4.975044	-0.0061867367	1.2513832	0.016446598	784000	8633.522794246674
980.194	0.1163025	980.31024	980.07764	980.9238	1.5217292	983.1558	978.98004	1000.0	1000.0	994.0613	3.4276154	1001.91364	976.93695	8.297329	-0.001789307	1.2830389	0.012387816	786000	8657.044185876846
979.3713	0.25323486	979.6245	979.11804	981.3539	1.250424	983.09607	978.97974	1000.0	1000.0	994.829	3.4478023	1001.28564	976.09283	4.46166	-0.0038160307	1.293549	0.0147450995	788000	8680.599539518356
981.9523	0.33493042	982.28723	981.6174	979.8408	1.5951623	983.02747	977.83215	1000.0	1000.0	995.1169	4.056632	1002.9155	972.8548	10.396871	-0.0022063472	1.3228567	0.0127867265	790000	8704.212788581848
981.7637	0.38528442	982.149	981.3784	980.23645	1.2222888	982.158	978.6003	1000.0	1000.0	998.7321	3.770307	1004.1933	978.0501	6.263934	-0.0026107456	1.3175015	0.014853064	792000	8727.89277768135
980.50867	0.97854614	981.48724	979.53015	980.46765	0.92726326	981.7836	978.44904	1000.0	1000.0	995.7839	4.2368135	1000.93225	972.6619	4.679564	-0.001604117	1.3250767	0.017717699	794000	8751.403640508652
980.7444	0.0017089844	980.7461	980.7427	980.4757	0.9567882	982.3434	979.07837	1000.0	1000.0	995.57324	3.4729776	1002.4035	976.0085	4.5241995	-0.005487678	1.3278127	0.0099840155	796000	8774.6605758667
977.6569	0.09979248	977.7567	977.5571	980.2158	1.1984612	983.11096	978.6749	1000.0	1000.0	994.8917	4.29016	1001.1631	974.3854	5.7246637	-0.024085388	1.350449	0.008636186	798000	8798.416479587555
979.24414	1.1305847	980.3747	978.1135	979.3591	1.75224	981.66693	975.7345	1000.0	1000.0	994.5854	4.1067266	1001.757	972.68396	3.48796	-0.026267748	1.2921349	0.010318301	800000	8822.183176755905
979.1325	1.6905518	980.82306	977.44196	979.1621	1.7924417	983.11005	976.89996	1000.0	1000.0	991.7184	4.5837793	996.8389	968.9654	3.83741	-0.0066451277	1.2867635	0.009172679	802000	8846.378831148148
979.57666	1.0580444	980.6347	978.5186	979.2952	1.7307212	982.3876	977.034	1000.0	1000.0	993.12524	3.3898447	999.25775	977.3507	2.3599467	-0.019018313	1.2751783	0.011336049	804000	8869.992177248001
979.22626	1.4605713	980.6868	977.7657	978.84534	1.0446603	980.2427	976.7715	1000.0	1000.0	993.4563	3.6653395	998.2151	973.7555	2.8962402	-0.02867204	1.2661359	0.011158059	806000	8893.990216970444
980.1814	1.3251648	981.50653	978.8562	980.5991	1.4233387	984.00226	978.76404	1000.0	1000.0	990.7407	3.3495085	997.69885	972.1892	4.5046835	-0.006641891	1.280953	0.012439805	808000	8917.53917336464
979.5358	0.32592773	979.86176	979.2099	979.52637	1.6172689	981.88586	976.0321	1000.0	1000.0	993.8272	3.8234692	1000.3827	972.931	4.840954	-0.025306707	1.26538	0.010930237	810000	8941.195685386658
980.05554	1.8665466	981.92206	978.18896	981.1009	1.643391	984.53265	978.14343	1000.0	1000.0	994.0172	5.374259	1004.6565	964.19714	7.020157	0.0037034277	1.2808309	0.02197139	812000	8964.848083257675
981.83264	0.77804565	982.61066	981.05457	981.3384	1.6680495	983.3179	977.53	1000.0	1000.0	995.01526	3.727971	1001.20544	973.99255	5.398024	0.0023200982	1.3004508	0.01893189	814000	8988.27054309845
981.8607	0.6769409	982.53766	981.1838	981.3076	1.200154	983.6456	979.61255	1000.0	1000.0	995.3232	4.324077	1003.87366	971.78436	8.453764	-0.0014186301	1.2763417	0.016068473	816000	9011.696755886078
981.56274	0.87176514	982.4345	980.691	980.4242	2.0446398	984.97546	978.674	1000.0	1000.0	997.8985	4.0508394	1007.65704	977.80554	12.225786	-0.0036294106	1.2694416	0.015775802	818000	9035.27329993248
981.1214	0.99993896	982.12134	980.12146	981.01025	1.5221165	983.7119	979.5091	1000.0	1000.0	999.7645	5.2524824	1010.1615	974.0341	16.358288	-0.00038211962	1.2442478	0.019404957	820000	9058.820494651794
979.6566	1.3329773	980.9896	978.32367	981.69806	1.9141456	984.90765	978.7825	1000.0	1000.0	1000.3874	6.70474	1013.40796	965.19385	15.733648	9.213209e-05	1.2873122	0.027059697	822000	9082.278668165207
979.66583	1.3130493	980.9789	978.3528	981.0633	1.8652544	985.20795	978.55133	1000.0	1000.0	1000.3074	3.7865243	1010.90497	979.1754	12.74301	0.013669096	1.2727358	0.04155534	824000	9105.80772471428
980.14343	1.7419739	981.88544	978.4015	979.41815	2.5990882	985.95465	975.6366	1000.0	1000.0	1000.39935	5.7938046	1009.4992	968.5364	15.772467	0.014250544	1.3035764	0.023238555	826000	9129.273861408234
981.7223	2.4518433	984.17413	979.27045	978.84827	1.7633793	981.9463	976.5357	1000.0	1000.0	1000.93243	5.689783	1011.6145	972.28705	15.342491	0.0015686254	1.2969805	0.017888272	828000	9152.817047595978
979.8552	1.3749084	981.2301	978.4803	977.36865	3.0322127	984.4595	972.9609	1000.0	1000.0	1000.2359	5.17882	1009.14044	972.7753	11.159191	-0.0006057095	1.2221105	0.01540422	830000	9175.824658870697
978.13245	1.1145935	979.247	977.0178	978.2297	1.5121398	980.19946	975.4187	1000.0	1000.0	997.29	4.9481087	1004.7558	971.7468	8.348234	-0.02582317	1.2402272	0.010699199	832000	9199.746288061142
978.7905	0.62265015	979.4132	978.1679	978.68115	2.277672	982.1116	974.67725	1000.0	1000.0	995.5527	4.4859123	1002.55505	972.8794	9.125806	-0.0081460085	1.3086308	0.010445671	834000	9223.425436019897
980.2953	0.6425476	980.9378	979.6527	978.5353	1.783993	982.3427	976.17426	1000.0	1000.0	993.793	4.3301663	1000.31665	976.88983	3.5966403	-0.01213871	1.2386912	0.009281505	836000	9246.931831121445
981.7221	1.8654785	983.5876	979.8566	979.65	2.2039018	983.77216	976.4294	1000.0	1000.0	992.80774	4.018626	1000.94354	967.0619	10.419235	-0.0059434376	1.2248467	0.010926444	838000	9270.34110212326
978.4835	1.27594	979.75946	977.2076	979.31165	2.1661928	983.57446	975.80273	1000.0	1000.0	995.0007	5.548317	1001.981	966.5001	6.7496004	-0.031704754	1.2938017	0.010469979	840000	9294.338139772415
980.72595	0.32861328	981.05457	980.39734	980.6593	1.9000599	983.1265	977.1309	1000.0	1000.0	994.51746	5.0200486	1002.62305	959.8452	6.248009	0.004709841	1.304112	0.021294301	842000	9317.810057163239
979.10596	1.068512	980.1745	978.0375	981.9706	3.3377786	988.9204	977.73193	1000.0	1000.0	994.417	4.6268907	1003.7893	972.0774	6.099172	0.0048432606	1.2830518	0.015560574	844000	9341.31510066986
980.9176	1.4432373	982.36084	979.47437	982.5965	2.2761054	986.73724	979.6004	1000.0	1000.0	993.1955	4.3164983	1002.47	972.04364	5.9860644	-0.0024755648	1.27568	0.009218663	846000	9364.600485801697
987.7656	4.6589355	992.42456	983.1067	980.96387	2.5386493	986.7331	976.60876	1000.0	1000.0	992.8566	9.844615	1005.4217	936.5548	23.360285	-0.0028749143	1.3173543	0.0104121985	848000	9388.075484752655
980.5814	1.1641846	981.7456	979.41724	979.6385	2.3047583	985.83307	977.23376	1000.0	1000.0	1002.3317	5.267368	1014.4081	982.4103	14.790079	-0.008234565	1.2803969	0.011650138	850000	9411.332116127014
980.7257	0.9821167	981.7078	979.7436	981.1133	2.1736236	984.70593	977.30707	1000.0	1000.0	1000.68115	4.6159267	1008.9162	975.0329	18.927832	-0.023113973	1.254511	0.010775182	852000	9435.357199907303
983.11346	0.09387207	983.20734	983.0196	981.5084	2.5325396	984.8372	977.49744	1000.0	1000.0	999.67865	6.2076526	1015.0769	975.90985	16.020031	-0.006263662	1.2901905	0.012660559	854000	9459.107358455658
985.61316	6.4751587	992.0883	979.138	983.64294	5.2754836	992.0584	975.49963	1000.0	1000.0	1000.45026	5.9077306	1012.6718	962.5816	57.815296	-0.0065585724	1.3246819	0.011988023	856000	9482.490634202957
982.5802	0.13858032	982.71875	982.4416	982.3883	3.2064333	989.9861	978.4253	1000.0	1000.0	1004.2486	4.9576178	1018.2775	984.2813	21.660706	-0.0036877196	1.2739683	0.0071764984	858000	9505.891904830933
983.31055	1.251831	984.5624	982.0587	983.71155	3.2671795	989.0049	978.8799	1000.0	1000.0	1002.1095	6.226447	1031.4736	977.5035	18.002592	-0.006752613	1.2572607	0.013855104	860000	9529.347999095917
981.7112	2.7624817	984.4737	978.9487	984.18567	5.9076476	999.3813	978.58685	1000.0	1000.0	999.87286	4.8697376	1018.7906	979.0812	22.289478	-0.0039521526	1.3113759	0.007928225	862000	9552.755340337753
983.99255	5.4894714	989.48206	978.5031	985.1574	5.931185	999.8825	979.4988	1000.0	1000.0	1000.31714	5.3960013	1015.1907	980.83124	41.631218	0.0047612037	1.2970979	0.028045282	864000	9576.279848575592
986.70074	3.6289062	990.32965	983.07184	766.23114	335.0763	996.1352	195.81424	1000.0	756.7	1003.8865	4.1209083	1016.05817	989.7667	28.915863	-0.00089121267	1.2485193	0.011240414	866000	9595.818682432175
980.6269	1.9969482	982.62384	978.62994	985.4709	3.9726825	991.5392	978.03674	1000.0	1000.0	1002.4817	7.1090765	1024.2668	981.6708	14.64845	-0.00018357307	1.2619756	0.016647516	868000	9619.072711467743
982.6074	2.865509	985.47296	979.74194	911.7739	222.52858	1000.66956	244.40941	1000.0	920.7	1002.16205	5.6295395	1015.6795	977.0196	22.888798	-0.0006545687	1.2796346	0.015414563	870000	9641.327618598938
979.744	0.8487854	980.59283	978.89526	990.11005	11.56734	1015.5781	978.6183	1000.0	1000.0	1003.25006	5.6030703	1016.7369	986.0655	16.028328	-0.006627941	1.2783339	0.008260511	872000	9664.696074962616
987.4967	6.491852	993.9886	981.0049	987.6976	5.1941853	996.98975	980.1569	1000.0	1000.0	996.83154	15.835794	1016.8929	883.75476	51.257057	-0.0047105504	1.2760491	0.012146008	874000	9688.019753456116
987.76025	4.3855286	992.14575	983.3747	984.2668	3.8883183	992.08167	979.03015	1000.0	1000.0	1002.44727	10.07314	1021.4567	957.83026	35.345726	-0.005573956	1.3289902	0.011074905	876000	9711.517963886261
982.68726	3.2660828	985.9533	979.42114	985.3656	5.5493727	996.01843	978.91815	1000.0	1000.0	1007.47144	5.4870124	1020.5557	984.847	36.032043	-0.004232287	1.2809546	0.0120927915	878000	9734.88782286644
983.2485	2.3278198	985.5763	980.92065	991.8133	14.668968	1029.2698	977.1336	1000.0	1000.0	1006.4133	6.6073585	1018.8757	983.6896	36.05836	-0.006854225	1.27215	0.011566287	880000	9758.379762172699
981.6249	1.3154907	982.94037	980.3094	983.1151	2.3356278	987.2404	980.2669	1000.0	1000.0	1004.4763	11.546739	1022.1219	911.2168	32.146183	-0.0048212707	1.2691526	0.01652307	882000	9782.116816282272
982.4894	0.47982788	982.96924	982.0096	983.67737	3.9901369	992.10205	979.27545	1000.0	1000.0	1003.778	4.0477457	1015.92596	987.1948	22.276627	-0.0048047462	1.2925661	0.015873076	884000	9805.457941770554
990.85284	5.0906982	995.94354	985.76215	917.9258	206.38344	998.9329	298.99097	1000.0	918.1	1001.0154	7.233125	1017.70276	975.92004	40.84333	-0.004900787	1.2895858	0.010636557	886000	9827.645872354507
980.9686	1.8335266	982.8022	979.13513	982.9072	2.3353884	985.86395	978.92975	1000.0	1000.0	1009.8245	7.6450744	1023.8324	978.16205	30.293781	-0.007557386	1.2076689	0.0117636	888000	9850.83910036087
981.0052	0.9098511	981.91504	980.09534	985.29865	5.8422184	996.3157	979.0374	1000.0	1000.0	1006.882	6.243317	1018.92505	984.18225	23.661907	-0.004739267	1.2666723	0.012249683	890000	9874.366086483002
981.3536	1.744812	983.0984	979.60876	987.6681	5.996611	1001.06714	981.04504	1000.0	1000.0	1004.78546	6.317483	1016.71014	976.1196	20.993137	-0.0023110237	1.283007	0.010212757	892000	9897.882622241974
983.2351	0.41064453	983.64575	982.82446	982.87695	3.1176133	988.12885	978.31476	1000.0	1000.0	1000.92163	8.434756	1014.34534	962.6987	13.790161	-0.01053821	1.2923256	0.011141207	894000	9921.28628396988
987.5305	1.0553284	988.5858	986.47516	986.18835	5.7001686	995.7233	979.4425	1000.0	1000.0	1002.97253	4.526363	1014.81055	983.0171	33.05428	-0.00436122	1.2244442	0.012262524	896000	9944.542558193207
984.2366	3.8426514	988.0792	980.3939	982.6935	3.428798	987.84265	977.6108	1000.0	1000.0	1004.9917	4.775051	1016.5686	988.0241	29.988245	-0.0005739819	1.2736154	0.011790298	898000	9967.931204080582
989.9375	5.097473	995.035	984.84	989.9249	5.335417	998.39264	983.093	1000.0	1000.0	1003.08527	6.114203	1018.79156	983.48615	31.853704	-0.0015141601	1.2449834	0.012416329	900000	9991.270924329758
992.7605	2.1201477	994.8807	990.6404	986.30176	4.811619	994.119	980.4685	1000.0	1000.0	1005.9022	6.706827	1024.4856	987.994	50.516922	-0.008343706	1.2764379	0.0067331	902000	10014.79867696762
993.2235	8.688995	1001.91254	984.53455	987.6997	3.6556442	993.6209	982.5475	1000.0	1000.0	1013.8696	8.578206	1028.221	957.7058	82.832146	-0.018342435	1.2329262	0.009790895	904000	10038.261421442032
987.6694	4.57605	992.2454	983.0933	910.07874	247.0079	999.5725	169.20161	1000.0	913.8	1015.549	5.104518	1031.2402	989.4944	45.74803	-0.0036470988	1.3365498	0.011180464	906000	10060.438643217087
994.9047	0.46600342	995.3707	994.4387	923.2767	200.50815	999.8826	322.01715	1000.0	919.2	1008.9361	6.08325	1023.3017	991.62225	42.17984	-0.0050667105	1.2854984	0.011885387	908000	10082.62055850029
994.047	4.5471497	998.5941	989.4998	912.5477	237.9315	999.4	198.86671	1000.0	917.0	1011.2857	7.060949	1031.0347	964.1102	52.881794	-0.0076993075	1.2465003	0.008940597	910000	10104.686309814453
992.6853	5.7906494	998.47595	986.89465	916.85596	221.79524	1000.48193	251.58327	1000.0	921.8	1012.58795	6.4334164	1030.1561	986.27026	58.23598	-0.00023016456	1.261178	0.016351013	912000	10126.963406801224
993.3053	2.3390503	995.64435	990.96625	990.3879	6.4735575	999.7837	980.0262	1000.0	1000.0	1014.5223	5.34202	1034.3917	999.73413	55.497154	-0.0051558674	1.2610508	0.01271636	914000	10150.716339826584
993.2556	5.2465515	998.5022	988.0091	996.08044	5.177724	1007.9296	990.65326	1000.0	1000.0	1015.58185	4.8732524	1037.9639	983.9973	61.482727	-0.0036150843	1.2769332	0.011610411	916000	10174.279800415039
999.14124	2.7322693	1001.8735	996.40894	999.1875	4.7264	1006.434	991.2416	1000.0	1000.0	1016.83	3.538574	1030.068	988.9474	50.424995	-0.004205753	1.2373025	0.013185705	918000	10197.721309423447
1008.56274	4.9066467	1013.46936	1003.65607	1003.9025	3.8447297	1013.0065	999.84686	1000.0	1000.0	1009.9751	6.180699	1035.0497	975.3289	79.57445	-0.0033967614	1.2458953	0.010604225	920000	10221.240500926971
1000.59644	2.967865	1003.5643	997.62854	1004.8828	3.3289554	1011.9246	998.014	1000.0	1000.0	1022.7703	2.7248442	1034.017	1008.34625	50.66728	-0.0021397222	1.3024609	0.01606169	922000	10244.566375494003
1003.12366	4.4088745	1007.53253	998.7148	1006.2414	4.4147916	1014.8738	1000.4747	1000.0	1000.0	1016.35254	5.0001135	1040.8674	999.72546	74.358826	-0.029752696	1.27195	0.005850062	924000	10268.638088941574
1006.0405	1.2190857	1007.2596	1004.8214	1003.1834	1.3348745	1005.1416	1001.2895	1000.0	1000.0	1023.12665	3.3215528	1041.7113	1003.8652	66.97248	-0.027547609	1.1757936	0.009821276	926000	10292.277445793152
1006.3496	1.1798096	1007.5294	1005.1698	1003.56506	2.373763	1006.8322	999.36676	1000.0	1000.0	1026.818	2.1957572	1040.7118	1009.33594	56.22013	0.003546733	1.1550558	0.017819343	928000	10315.81118106842
1005.44617	4.8723145	1010.3185	1000.57385	1007.80585	3.671146	1015.42664	1002.4716	1000.0	1000.0	1027.1923	2.658603	1037.4352	1007.4228	40.08494	0.013486633	1.2220364	0.046716202	930000	10339.42444062233
1007.7469	1.8578491	1009.60474	1005.88904	1007.9383	3.021799	1013.27466	1003.3313	1000.0	1000.0	1020.72906	2.6269002	1034.5206	1006.6267	49.409065	0.0228661	1.2115664	0.034714088	932000	10362.883714914322
1009.9971	2.894287	1012.89136	1007.1028	1008.4193	2.4439344	1011.0977	1003.463	1000.0	1000.0	1018.3608	4.761183	1040.9476	991.8954	51.64279	0.026658844	1.208199	0.07330727	934000	10386.36029291153
1007.7902	2.9678345	1010.75806	1004.8224	1009.6859	2.6336796	1014.1039	1005.58484	1000.0	1000.0	1023.0012	4.0508633	1037.1506	1008.81744	34.24891	0.046768844	1.2501583	0.08277366	936000	10409.867793083191
1013.5238	2.139679	1015.6635	1011.38416	1013.6647	6.078032	1026.0615	1001.95386	1000.0	1000.0	1018.46985	9.044951	1040.4492	969.77527	50.73876	0.045338586	1.252533	0.097729586	938000	10433.730283021927
1012.04565	2.3301392	1014.3758	1009.7155	865.80743	290.91656	1018.07965	235.7301	1000.0	842.4	1026.3016	5.9854584	1048.7635	985.1073	43.397717	0.06462115	1.3011594	0.08192039	940000	10454.703070640564
663.4702	349.23175	1012.70197	314.23846	949.0885	200.53731	1024.0946	347.55	604.0	924.5	996.6456	102.82959	1042.0455	107.61784	16416.479	0.027255502	1.2780479	0.06179481	942000	10477.009197473526
1017.1835	0.94021606	1018.12366	1016.2432	941.1893	223.15952	1020.1715	271.74866	1000.0	916.4	1008.06604	50.02682	1059.018	588.3715	560.82166	0.01539749	1.1803232	0.02427068	944000	10499.057314872742
1018.4597	1.6850281	1020.1447	1016.77466	897.81506	239.05312	1019.29724	315.0138	1000.0	865.1	975.7728	14.7840805	1041.2405	887.8342	127.05379	0.010242528	1.1369692	0.027769508	946000	10520.600319862366
1014.8957	0.9866333	1015.8823	1013.90906	952.4261	189.97906	1025.3384	382.60468	1000.0	928.9	988.3594	8.070247	1021.02814	934.3921	40.995872	0.0021581717	1.1451746	0.014427271	948000	10543.107731580734
1015.19965	0.43536377	1015.635	1014.7643	869.5995	292.14102	1023.75244	278.29733	1000.0	835.8	998.3888	6.7593923	1050.8716	966.4137	29.17345	0.00538587	1.1448208	0.02952786	950000	10563.999846696854
655.02344	363.41205	1018.4355	291.61142	1015.17664	1.6584872	1018.37134	1012.55695	592.5	1000.0	947.81354	188.6932	1031.6084	-32.39041	15134.334	0.0082907975	1.1523958	0.023718743	952000	10587.348239421844
1014.5795	0.28448486	1014.864	1014.29504	943.6128	210.41023	1017.4259	312.43417	1000.0	920.0	992.28	47.53911	1041.5352	694.7993	2097.2046	0.0032326174	1.181658	0.014297043	954000	10609.362099647522
1022.04016	0.23318481	1022.2734	1021.807	1017.2508	4.081392	1025.209	1011.89014	1000.0	1000.0	894.6403	19.782866	995.0016	789.33234	1081.7908	-0.0038432176	1.1688634	0.01430919	956000	10632.856147289276
1017.1098	2.796692	1019.9065	1014.3131	1020.01514	3.24505	1024.8766	1014.82196	1000.0	1000.0	895.94586	17.96388	997.67004	862.69006	324.2933	0.002831579	1.2009587	0.02676429	958000	10656.290952682495
1021.1923	0.9248047	1022.1171	1020.2675	1018.15466	3.8757677	1027.1304	1012.6922	1000.0	1000.0	944.499	16.512875	1012.2133	907.08105	195.40535	0.007162299	1.1817454	0.022647163	960000	10679.891471147537
1022.45166	0.23336792	1022.685	1022.21826	1021.5182	3.4955866	1028.606	1015.2149	1000.0	1000.0	990.4074	10.385631	1040.7794	953.5047	39.33009	0.007312728	1.2033942	0.022087954	962000	10703.402121067047
1024.0806	0.80340576	1024.8839	1023.2771	1019.9606	3.3844125	1026.8553	1014.19214	1000.0	1000.0	1002.5401	7.635321	1041.8436	976.92816	35.707565	0.00846966	1.1753005	0.02043779	964000	10727.327213287354
1021.8148	2.084259	1023.8991	1019.7306	1018.86395	1.4121014	1021.1633	1016.9717	1000.0	1000.0	1009.6024	6.1872635	1044.9794	984.2057	30.413733	0.009029689	1.1076396	0.021634577	966000	10750.336605548859
1018.5167	2.3852844	1020.902	1016.1314	1019.2967	2.170531	1023.4105	1016.26166	1000.0	1000.0	1012.88544	7.0474887	1052.8964	993.7213	41.44146	0.008350817	1.1901101	0.015292759	968000	10773.892454385757
1018.09875	0.69052124	1018.78925	1017.4082	1016.82697	2.2310734	1020.60596	1013.4365	1000.0	1000.0	1009.6993	5.6282306	1040.5485	985.5272	23.094818	0.00639164	1.1150694	0.01734339	970000	10798.647094011307
1016.34174	0.95355225	1017.2953	1015.3882	1017.6426	1.9562936	1020.3217	1014.13605	1000.0	1000.0	1008.95264	7.437887	1040.5107	990.3149	24.262796	-0.0026517974	1.1550404	0.013172786	972000	10824.637415885925
1013.88885	0.97283936	1014.8617	1012.916	1016.4025	3.4948564	1021.31915	1009.06903	1000.0	1000.0	1011.91736	6.3109293	1058.0703	986.0196	33.884365	-0.010134669	1.1752033	0.010220598	974000	10850.425050020218
1014.2463	0.43896484	1014.68524	1013.8073	1016.5169	2.8991296	1019.83014	1011.57196	1000.0	1000.0	1012.1886	5.7576566	1038.8375	992.4559	28.003302	-0.0052532065	1.1369796	0.0167776	976000	10876.473793029785
1012.8198	3.23526	1016.05505	1009.58453	1014.32355	2.2910087	1017.55853	1010.085	1000.0	1000.0	1014.4271	4.9911056	1049.4836	980.46643	25.567888	-0.0049150903	1.1812158	0.012459098	978000	10901.762481689453
1010.3839	1.4209595	1011.8049	1008.96295	1009.98456	3.9206128	1017.5585	1005.0886	1000.0	1000.0	1014.5726	5.486518	1044.6626	1001.8825	27.192577	-0.002035212	1.1916785	0.014533723	980000	10926.803927898407
1008.02496	1.2702637	1009.2952	1006.7547	1009.95087	1.7698314	1013.5366	1006.31433	1000.0	1000.0	1016.44	3.9174724	1036.4249	997.31366	27.51476	-0.0024143762	1.1482928	0.018505534	982000	10951.733810424805
1005.1832	2.2702637	1007.4535	1002.91296	1004.90686	3.5058873	1011.79865	999.97864	1000.0	1000.0	1015.21356	3.6367004	1041.291	996.6635	27.729437	-0.0030064448	1.1746628	0.017891888	984000	10977.187385320663
1003.2827	1.1799011	1004.46265	1002.10284	1005.6418	3.5188673	1011.4839	997.6036	1000.0	1000.0	1013.1375	3.361166	1032.6453	998.22675	27.180426	-0.0046680025	1.1697751	0.012437932	986000	11003.160104036331
1003.41125	1.257782	1004.669	1002.15344	1004.98987	2.1415908	1008.8534	1001.7687	1000.0	1000.0	1010.237	3.9783416	1030.1997	983.30005	18.75455	-0.0077712256	1.1567655	0.008210099	988000	11029.322389364243
1006.0412	1.484375	1007.5256	1004.5568	1006.632	3.1005282	1011.5908	1000.9141	1000.0	1000.0	1008.10095	3.8197408	1031.4822	994.51794	20.390194	0.0038759364	1.1545227	0.015729783	990000	11055.178282737732
1007.72925	1.4408264	1009.1701	1006.28845	1010.10486	2.8197033	1015.59625	1007.4063	1000.0	1000.0	1010.9583	3.4222145	1027.0123	992.99286	19.781658	-0.0073051704	1.1170114	0.010234884	992000	11081.208140134811
1006.1195	1.9035339	1008.023	1004.21594	1008.6056	3.0022347	1012.61816	1002.2337	1000.0	1000.0	1012.55963	3.3992698	1029.77	996.2783	26.331589	-0.0035292872	1.1256876	0.009850094	994000	11106.430505275726
1004.8999	2.6488953	1007.5488	1002.25104	1010.11554	3.3677986	1014.8049	1003.9033	1000.0	1000.0	1014.5979	3.1148899	1036.232	994.9155	20.860056	-0.00083162496	1.1605496	0.015372831	996000	11131.780900001526
1012.24854	1.4032898	1013.6518	1010.8452	1011.68915	2.0736103	1015.9763	1009.51013	1000.0	1000.0	1009.6287	3.924022	1029.0192	995.5372	15.772781	0.004065135	1.1258156	0.016651023	998000	11156.69773030281
1016.7939	1.1091919	1017.9031	1015.6847	1014.7967	3.7644978	1022.372	1009.68866	1000.0	1000.0	1012.4285	4.8414655	1039.0084	995.0125	37.24934	0.000823476	1.1725898	0.013248786	1000000	11181.743378400803
