AverageEpRet	StdEpRet	MaxEpRet	MinEpRet	AverageTestEpRet	StdTestEpRet	MaxTestEpRet	MinTestEpRet	EpLen	TestEpLen	TotalEnvInteracts	AverageQVals	StdQVals	MaxQVals	MinQVals	LossPi	LossQ	Time
17.527283	11.642231	62.24675	5.933123	127.69167	1.5816886	129.01823	124.43268	21.637363	65.5	1999	411.6579	4075.469	16.064352	-1.9389809	-4.610427	0.114320494	7.283381223678589
18.061882	14.272243	85.23143	4.5712724	177.23087	1.3843232	178.79962	174.42749	22.617977	81.4	3999	1494.479	14795.541	53.46222	-12.003642	-16.887075	0.9510577	17.987504720687866
18.991331	19.629286	129.47496	6.354652	207.08284	1.0769166	208.81456	205.50073	22.581396	105.1	5999	4111.6636	40705.797	102.64793	-97.71006	-45.877514	4.7400737	30.176111459732056
23.366768	22.76327	146.15639	5.010105	202.34726	1.7198925	205.98816	200.1077	25.134146	102.8	7999	7185.1035	71132.94	186.23717	-97.468544	-78.15089	13.189144	44.35692501068115
16.314463	10.918018	75.63692	4.9060836	200.58603	59.01071	223.2779	23.636927	21.340425	98.6	9999	11450.286	113358.51	314.04306	-107.183754	-125.26684	34.011944	57.52554750442505
108.002266	103.78747	346.04407	13.933459	344.4453	1.1684746	346.1003	342.77875	56.19355	204.8	11999	18572.217	183866.03	362.01752	-103.26975	-202.05087	120.61085	72.5152690410614
305.8703	70.53118	492.97922	169.73802	237.16655	1.4246063	240.8508	235.53964	157.78572	148.3	13999	26547.229	262818.62	410.93094	-110.744064	-283.94055	184.46796	86.72791337966919
293.10602	62.74453	423.4974	218.04337	248.97949	4.1149144	254.71565	243.06268	140.57143	99.8	15999	32249.234	319268.5	434.7715	-137.89055	-339.96237	189.73778	100.93046355247498
348.84723	219.32968	875.32275	193.93831	1047.2786	0.748141	1048.8014	1046.3738	254.28572	1000.0	17999	35912.07	355530.72	458.99097	-143.14647	-375.9326	186.57753	121.670170545578
196.15997	336.90726	1003.2984	8.373322	913.2238	290.11032	1010.4905	42.893536	193.81818	904.4	19999	38765.5	383779.6	489.25424	-178.12723	-403.7883	228.6117	141.6159644126892
269.6013	90.76788	406.19708	79.8617	255.82967	16.868534	290.00168	232.03084	159.07692	116.6	21999	40643.09	402367.66	501.32123	-409.37256	-421.9965	268.25357	155.7549397945404
302.05762	41.11804	401.11087	249.54219	259.8635	107.34622	318.11227	45.025337	133.86667	118.6	23999	41676.977	412603.22	518.4221	-172.98236	-431.134	268.77945	168.49249935150146
249.86649	123.67531	444.97363	16.29424	111.42973	65.52156	307.94177	86.97044	126.4375	99.6	25999	42240.2	418179.2	520.41254	-193.02637	-435.80786	275.66727	182.01803946495056
66.85763	101.56754	322.39502	5.275547	1039.1735	3.77299	1045.1243	1032.2168	56.548386	1000.0	27999	42471.887	420472.88	520.8888	-230.9262	-437.56302	340.81757	204.33919739723206
795.5193	253.88408	1139.0281	533.283	992.4084	0.51397157	993.72125	991.8196	745.6667	1000.0	29999	42897.32	424684.66	518.07733	-237.58171	-441.7593	310.47333	226.6045172214508
731.98584	269.8307	1001.8165	462.15515	994.26495	0.64353	995.354	993.4539	741.0	1000.0	31999	43909.81	434708.1	529.279	-206.0929	-451.42892	277.02298	249.03639912605286
222.08563	215.56517	781.8086	25.8567	992.95886	0.5689589	993.9068	992.12317	248.66667	1000.0	33999	44570.605	441249.97	538.72485	-212.8877	-457.4842	282.81595	271.7620327472687
412.23257	327.0339	988.5211	36.232285	986.3707	0.56590325	987.2809	985.4972	434.4	1000.0	35999	45129.4	446781.94	556.07794	-324.73462	-463.25305	283.87793	293.0648612976074
96.8348	141.2278	506.1946	13.457057	999.5075	0.57614875	1000.4326	998.58527	96.888885	1000.0	37999	45863.945	454053.94	559.51044	-207.88278	-470.572	302.3658	315.16689348220825
1000.7709	11.937134	1012.708	988.83374	987.77576	0.73436505	988.69415	986.51697	1000.0	1000.0	39999	46640.36	461740.44	568.9641	-180.77559	-477.5617	269.00113	336.4749925136566
356.4026	347.7792	1007.45447	30.75922	989.5504	1.3366543	991.5091	987.54004	368.33334	1000.0	41999	46807.9	463399.1	578.46936	-184.75294	-478.7039	263.77057	358.3492920398712
432.47107	174.52791	714.3379	245.35004	912.7311	205.34497	1015.86884	461.5173	282.16666	858.5	43999	47494.586	470197.25	585.34283	-166.78545	-486.3227	253.69287	378.2654185295105
388.29935	223.61	1011.0391	227.89075	251.28548	1.8752977	254.16739	247.48245	252.1	116.6	45999	48327.973	478447.78	593.2458	-174.59436	-493.97903	253.99469	390.8536608219147
305.4981	50.28007	359.35797	223.22147	340.75186	6.7158613	351.08072	329.6135	144.76923	181.0	47999	48396.54	479126.53	587.46857	-188.4371	-493.94894	237.5084	403.9387791156769
317.02847	25.185043	367.93796	277.4372	291.77283	0.8412779	292.9161	290.42978	150.92857	133.6	49999	48561.32	480757.97	597.58966	-188.18758	-496.5501	244.14653	417.30174922943115
306.60205	24.644594	340.652	271.15436	323.25043	2.344821	326.05557	318.2815	145.15384	136.3	51999	49252.383	487599.62	584.4142	-258.8253	-503.46405	258.68192	429.12629652023315
318.7713	125.028046	465.42502	25.016268	226.93526	4.3340044	235.09766	222.40306	139.93333	97.3	53999	49112.703	486216.9	586.31555	-228.67859	-500.94162	228.7475	442.65559101104736
216.52986	153.40681	421.8304	18.617233	733.93384	191.85652	1021.6921	509.10315	110.9	602.1	55999	48088.504	476077.4	599.3387	-237.55962	-489.62323	229.07556	459.9849398136139
742.50806	277.7389	968.21466	351.2652	978.63806	0.64835316	979.662	977.5047	722.0	1000.0	57999	47152.42	466810.22	567.9695	-191.31067	-480.24966	211.46713	480.36077070236206
425.49435	236.19447	947.5958	29.92185	380.77136	46.318634	485.15073	329.41312	337.625	236.2	59999	46475.145	460105.12	554.68884	-263.63727	-472.87	211.08537	495.48121881484985
234.21417	94.79052	393.80478	50.717968	267.852	5.735812	274.98267	254.39673	107.1579	116.7	61999	45330.652	448774.62	546.2472	-202.68224	-460.99115	181.86786	507.6491701602936
402.7679	240.66972	1183.3914	261.50516	657.99274	28.367298	693.3983	615.5599	168.66667	222.7	63999	43966.457	435269.16	555.22864	-185.69989	-446.61676	181.11086	521.5171134471893
499.1505	246.91425	1123.0398	268.36884	989.23474	2.406641	995.37103	986.0095	234.5	1000.0	65999	42637.406	422111.62	555.75085	-203.71541	-433.2831	173.91444	543.4828283786774
472.46143	240.64952	817.1383	57.417892	516.64874	180.1623	743.6715	298.32666	291.7143	234.0	67999	41611.67	411956.9	567.8279	-182.70966	-422.973	151.85303	558.4662039279938
330.16568	208.2909	661.1404	50.784702	393.55072	259.1325	862.0446	131.77225	233.125	369.5	69999	41083.48	406727.72	595.3627	-195.97397	-418.05444	154.5745	573.867160320282
336.37738	189.37718	597.20526	10.795133	321.93842	154.16127	698.03613	238.38364	216.1	288.0	71999	41141.395	407301.03	588.4469	-192.99455	-418.8644	162.14728	588.9877727031708
260.80673	139.8706	496.57925	101.66554	89.134476	7.538207	99.145386	79.50337	214.875	68.0	73999	41109.145	406981.78	587.5299	-204.45761	-418.23938	152.78423	602.6571350097656
389.1006	338.64462	978.9579	48.142563	39.004787	9.276328	54.62361	27.696857	371.5	51.9	75999	41204.95	407930.25	573.6171	-196.3293	-418.9467	169.43753	615.5929074287415
559.3114	174.91858	1000.52545	425.53052	663.22003	66.9691	714.9001	506.85306	256.0	241.4	77999	40674.258	402676.44	561.493	-164.26596	-413.0075	153.18526	630.5489749908447
417.14682	222.51384	684.916	107.85962	327.62814	118.35502	577.2802	241.95981	167.58333	141.5	79999	39908.16	395092.0	554.1131	-216.40567	-405.15213	166.76366	642.9911992549896
411.6412	179.17418	603.9564	113.17144	145.4069	3.9705527	151.58649	140.25117	165.5	91.1	81999	39272.23	388796.34	530.2194	-177.04248	-398.88428	142.5393	656.7950403690338
477.42017	138.80879	671.7471	130.29108	512.9891	46.769157	644.00726	468.05017	204.4	191.0	83999	38736.477	383492.4	515.65857	-149.71063	-393.33212	159.52129	670.8092496395111
279.24734	239.57051	757.46063	22.472433	566.7694	49.057255	630.0433	471.1198	131.2	200.6	85999	38340.66	379573.84	502.8121	-130.51845	-389.3349	144.4271	685.0175330638885
470.57745	180.40045	723.07806	21.889729	485.20932	194.08302	780.1006	269.85333	178.9	189.0	87999	38212.926	378309.25	486.6826	-180.88324	-388.17212	144.46556	699.5387229919434
758.8604	94.544754	862.7749	579.03973	893.8009	208.13203	1303.4025	561.3893	313.14285	349.5	89999	38017.324	376372.75	465.76364	-201.43718	-385.84442	127.813545	714.9507093429565
550.7031	237.15369	894.39404	172.572	700.729	36.756126	725.82184	593.3104	245.85715	268.1	91999	37544.316	371689.9	461.65582	-165.2756	-380.82324	130.86856	730.0164520740509
716.4378	130.2825	948.0476	511.63168	786.2628	251.16959	1074.62	406.51157	324.14285	543.7	93999	37197.55	368256.9	455.0763	-178.43147	-377.47696	132.06036	748.486034154892
617.4422	179.26933	941.0605	388.67648	435.20004	324.73727	1409.3329	320.9171	279.14285	180.1	95999	36812.184	364441.7	449.79883	-166.9563	-373.2038	102.64633	762.8420488834381
499.182	199.51965	858.97107	195.70943	538.9214	324.46246	976.18286	270.2982	199.55556	198.9	97999	36224.727	358625.8	452.5131	-149.706	-367.01227	115.05868	776.3503713607788
521.53815	370.45102	1121.9337	126.67027	2132.873	206.15843	2633.2615	1717.9813	209.54546	980.7	99999	35924.727	355655.84	457.7796	-164.58656	-364.3918	107.31863	796.4979367256165
254.59238	135.41707	624.511	44.197105	289.56134	15.421901	313.15958	273.80536	122.666664	139.6	101999	36080.914	357202.12	455.64096	-162.1731	-365.9111	135.8355	810.3701975345612
608.31287	258.65256	930.56586	231.17128	571.18005	375.7659	1633.781	268.32327	248.0	250.6	103999	36202.36	358404.44	459.52332	-154.1141	-367.0536	129.95244	825.2099442481995
570.82056	365.4425	1416.0776	187.27779	1695.7272	802.69165	2523.4001	684.27893	228.75	724.7	105999	36581.695	362159.88	454.6738	-156.96669	-370.4297	126.0245	843.8536026477814
1407.4917	755.44696	2539.723	655.9122	2115.726	543.776	2692.377	891.1385	526.75	805.9	107999	36776.414	364087.56	452.58102	-177.10582	-371.96	128.39908	863.432014465332
1106.6604	587.9288	2371.088	630.9281	964.2342	406.33694	2140.2273	601.6976	364.83334	309.1	109999	36871.887	365032.75	445.92358	-134.95421	-372.58505	134.13872	879.1681044101715
1029.99	617.2225	2135.6619	408.4404	1171.7155	383.92035	1881.3856	718.41156	376.8	380.2	111999	36719.67	363525.78	436.29984	-234.3332	-370.41168	126.88855	895.6498272418976
1531.4843	611.7961	2444.628	757.4159	23.27506	0.70956534	24.742956	22.748877	548.75	16.2	113999	36335.51	359722.53	446.88577	-163.63489	-366.35095	114.05888	908.6905961036682
803.05975	177.50546	956.2486	437.0134	809.14343	32.73461	840.1677	760.67017	313.33334	269.2	115999	36069.312	357087.12	443.71365	-189.6424	-363.78494	112.8535	923.9558963775635
741.1917	173.65776	1059.603	511.24075	722.6365	46.85571	772.84125	649.0794	277.2857	237.5	117999	35799.586	354416.88	443.55243	-196.85918	-361.0652	109.14433	938.6074223518372
934.8576	706.30707	2320.2112	442.7726	997.7791	34.942787	1031.2904	917.9382	378.4	300.2	119999	35517.363	351622.88	445.48016	-151.23993	-358.08832	102.440285	953.8604941368103
748.36115	177.13864	1053.5535	490.127	844.625	157.19672	1036.294	629.65344	249.44444	283.5	121999	35302.273	349493.5	446.24625	-157.13556	-355.9089	104.58211	968.789338350296
551.9671	291.53085	1095.0497	272.18335	264.9085	1.9250602	267.73856	261.19196	214.77777	123.2	123999	35192.7	348408.72	452.52615	-143.97813	-354.8178	108.982376	982.8440117835999
393.85452	163.10266	672.4478	175.07811	191.71243	1.9120961	196.16153	188.97072	171.25	105.0	125999	35270.855	349182.4	449.42453	-144.33136	-355.6297	101.76321	996.5302309989929
417.66232	267.2746	926.284	129.58842	1835.6155	662.4766	2537.0935	828.64954	173.71428	699.2	127999	35305.008	349520.5	459.11328	-150.33873	-355.92194	122.717224	1015.0623390674591
949.88226	888.23083	2353.5195	232.22673	538.6511	48.360294	655.66724	505.65906	387.42856	175.6	129999	35468.516	351139.22	461.5189	-162.70897	-357.72333	107.834076	1029.3691956996918
872.5626	341.27814	1464.6896	504.1402	535.15955	24.576319	579.03485	509.74982	296.7143	196.1	131999	35689.367	353325.66	464.98743	-159.1832	-359.8747	115.24652	1043.1538922786713
739.53754	121.77306	1009.42883	623.4833	797.3006	30.866356	838.8778	741.8244	245.42857	252.3	133999	35912.06	355530.38	468.2507	-122.199905	-362.31143	107.84505	1057.608827829361
837.6238	368.20148	1222.4448	52.184277	664.66406	250.01465	1223.7704	412.9067	263.5	231.1	135999	36470.38	361057.75	473.63437	-132.86784	-368.14133	112.179825	1072.200811624527
1090.0228	449.97873	2012.1924	522.63495	1479.8352	1285.9242	3062.5803	320.3536	341.5	507.2	137999	37014.973	366449.28	487.4591	-181.46765	-373.38098	116.629875	1088.777631521225
973.9799	292.37585	1270.3799	481.81323	468.82935	118.09638	577.6625	287.39096	341.83334	197.4	139999	37324.15	369510.16	497.25714	-116.03518	-376.26547	107.23145	1103.1387221813202
455.73157	315.44955	1098.6187	206.41794	214.0935	3.2036128	218.79115	208.097	181.27272	104.0	141999	37623.72	372475.97	492.52737	-150.76247	-379.3573	110.00001	1116.375510931015
956.11957	408.0101	1349.2196	203.45937	790.4979	82.28717	966.3224	726.49493	343.66666	293.3	143999	37898.56	375196.94	488.67966	-126.724625	-382.1516	123.47767	1130.4309113025665
421.57605	560.4525	1410.9257	6.18761	2738.022	121.04445	2919.1238	2589.8745	138.27272	1000.0	145999	38226.754	378446.1	487.8773	-170.04073	-385.4693	130.649	1150.6697368621826
1452.064	1174.3191	3051.732	327.14514	956.1424	425.1017	1395.4474	145.25066	483.2	311.1	147999	38611.895	382259.0	504.44598	-135.14233	-389.38965	126.261185	1165.5298957824707
1550.833	182.1289	1693.5566	1293.7863	22.280155	1.2575198	23.712626	20.246538	487.33334	21.2	149999	39103.785	387128.7	504.71564	-185.8937	-394.31955	143.36293	1178.6572179794312
1138.7893	941.33026	3245.841	158.27428	2159.124	987.9473	3320.5588	658.2065	360.2857	645.8	151999	39539.434	391441.56	520.7791	-160.9699	-398.5229	128.5048	1196.8444302082062
1044.8617	523.35046	1694.522	239.34799	302.85266	4.5088334	314.38998	297.4833	330.25	137.7	153999	39840.863	394425.66	517.2701	-181.51573	-401.49655	115.128	1210.987782239914
483.843	792.52386	2664.9363	14.11515	1537.0282	237.16467	1971.2053	1182.557	164.5	522.9	155999	40121.457	397203.56	512.8312	-158.48224	-404.36612	123.82754	1228.3438186645508
944.3109	161.23729	1172.782	683.3877	2096.609	850.0017	3317.3928	1204.6687	305.42856	636.3	157999	40284.992	398822.62	515.88293	-128.53264	-405.8175	131.71858	1246.6778733730316
704.1129	403.80276	1188.812	23.935268	95.521996	200.58466	697.2152	23.785011	222.44444	43.2	159999	40363.16	399596.5	529.74426	-149.51758	-406.71356	117.585175	1259.7799444198608
1088.94	670.675	2007.731	59.788017	765.21515	324.77783	1287.2413	354.9972	341.16666	266.5	161999	40648.668	402423.03	524.46014	-222.02705	-409.6884	129.52081	1273.3495390415192
929.58984	216.27272	1220.451	680.0334	1179.8405	363.8665	2057.1575	611.5375	319.4	442.9	163999	41253.473	408410.56	529.00226	-150.65646	-415.79703	128.97675	1290.0697622299194
2195.3367	742.2536	2793.1567	1149.1857	1016.9916	627.06476	2734.48	482.93326	786.6667	347.5	165999	41599.766	411838.84	524.9282	-204.23595	-419.16275	129.94524	1305.8064658641815
1361.083	517.55164	2210.4907	871.66705	3341.8308	10.35771	3359.979	3331.2273	413.75	1000.0	167999	41686.402	412696.56	531.4938	-170.40167	-419.6912	114.68886	1326.6675188541412
851.4605	963.993	3159.8677	123.58829	1188.567	123.90644	1321.9044	895.0271	264.75	377.1	169999	41727.992	413108.34	523.17535	-176.60051	-420.2148	126.53274	1342.1853902339935
942.4025	465.27957	1511.5083	241.86864	414.00742	210.23206	811.7715	268.59637	306.57144	169.5	171999	41796.895	413790.53	524.2897	-178.83191	-420.83463	129.45789	1356.3236167430878
1094.639	674.05554	2427.2454	254.66655	258.41083	314.35617	1171.6598	61.093555	351.33334	107.7	173999	41869.22	414506.47	526.359	-161.42249	-421.52493	120.947235	1370.002522945404
1850.0181	487.86816	2301.77	1172.5193	61.61493	0.8372763	63.270145	60.831173	566.6667	37.2	175999	41957.215	415377.62	522.3	-151.9285	-422.3416	130.6589	1383.4434616565704
1186.0332	957.4617	3142.8916	40.077984	379.17963	27.032957	410.01712	338.6522	372.33334	159.3	177999	42014.875	415948.47	527.3699	-169.74118	-422.7457	115.70581	1396.8666324615479
605.9521	406.06003	1233.6855	58.732483	2007.5	762.1743	3250.6958	1180.1953	205.125	611.5	179999	42014.758	415947.3	530.7687	-105.51824	-422.90796	137.47379	1414.027727842331
1204.9232	894.5169	2987.5366	413.91986	511.4619	88.28132	767.5972	442.95108	405.5	186.1	181999	42099.547	416786.7	528.2261	-217.75725	-423.6544	130.13814	1427.6511557102203
830.3149	181.97012	1071.9222	487.56357	736.61	41.4815	798.89966	664.76495	273.14285	249.1	183999	42128.773	417076.0	521.3918	-154.47319	-423.87338	132.06238	1443.3012371063232
738.6067	296.39362	1167.0774	10.265944	624.21313	29.8564	649.8892	542.3193	231.77777	214.1	185999	42149.543	417281.6	516.74817	-143.38138	-423.996	120.44687	1457.507358789444
843.93695	168.4486	1064.907	555.9772	993.77625	8.012179	1004.9733	976.857	272.7143	299.3	187999	41995.566	415757.28	514.4543	-138.45343	-422.40256	113.00631	1472.2435388565063
781.9837	161.30324	950.5629	394.87756	718.21826	54.894157	870.53973	681.0154	257.375	241.4	189999	42069.95	416493.66	516.31946	-126.309525	-423.32828	132.47455	1486.215219259262
1072.0511	488.09583	1982.7052	412.14114	1000.4364	29.94208	1052.8875	953.4628	322.5	289.6	191999	42204.945	417830.12	507.93146	-144.85951	-424.50937	114.89565	1500.3809950351715
756.8155	116.787704	990.9895	629.4768	685.4228	54.291737	766.6242	596.14545	243.75	239.5	193999	42229.613	418074.34	512.5404	-243.82472	-424.88525	131.6841	1514.238976240158
639.189	137.55287	910.23944	419.5388	364.23663	48.546627	505.37872	331.8641	223.11111	175.6	195999	42247.812	418254.56	512.2146	-177.2779	-425.02908	114.491295	1527.0163898468018
784.2523	164.39404	1147.6793	587.7036	1029.0479	96.83658	1224.8444	963.9744	242.625	371.4	197999	42198.414	417765.5	513.21576	-261.2675	-424.43805	126.372955	1541.6964180469513
880.15076	265.97357	1187.5535	305.11542	229.0856	1.3370907	231.79465	227.33089	273.25	99.7	199999	42103.76	416828.47	521.7835	-203.54291	-423.4122	112.66022	1555.585529088974
926.03955	287.81772	1489.6587	561.8766	1125.3064	72.88474	1160.498	907.3608	288.16666	372.8	201999	41952.043	415326.47	518.01996	-199.29109	-421.83463	115.11097	1573.1627757549286
415.62653	587.1957	1712.6527	14.839038	2151.8608	722.1084	3197.9143	1078.9465	136.5	622.8	203999	41794.805	413769.84	513.6594	-198.65706	-420.2945	110.85424	1591.0080029964447
1341.2875	874.71655	3065.572	675.0704	532.64856	170.35497	811.2058	256.8815	424.6	186.8	205999	41758.117	413406.56	516.8421	-186.32307	-419.8589	100.35861	1605.2171680927277
716.6054	241.83253	1207.3579	441.52524	1736.3844	384.91498	2307.8494	1028.2063	237.5	534.2	207999	41619.38	412033.06	511.61203	-131.17874	-418.53165	101.23232	1622.4943761825562
906.1921	430.96802	1567.2983	314.19922	6.108882	0.37225014	6.4317784	5.4978123	287.83334	8.7	209999	41472.28	410576.8	509.7998	-181.47797	-417.03143	98.55132	1635.3679139614105
222.7592	350.25357	1402.9263	4.667481	22.482487	0.5013155	23.93872	22.06767	94.791664	28.7	211999	41382.2	409685.03	506.13065	-185.3428	-416.2166	113.531845	1647.7502872943878
314.01666	412.07156	1481.6157	14.427763	550.38635	154.04718	893.485	435.02277	118.8125	222.9	213999	41151.98	407405.88	504.93015	-190.98863	-413.83444	109.08564	1661.8401074409485
712.54865	505.73105	2041.2334	442.98874	1298.0444	190.10602	1855.7915	1185.5743	251.375	381.7	215999	40829.703	404215.3	502.764	-215.80865	-410.55542	97.90969	1676.9672918319702
761.1425	397.35623	1368.3779	178.06255	933.8898	57.407425	994.0584	843.4855	251.0	279.9	217999	40609.508	402035.4	503.73254	-192.98259	-408.30624	94.42648	1691.6107149124146
687.9317	303.2699	1195.5387	302.5848	747.81165	95.54769	812.699	547.7048	234.55556	267.3	219999	40343.516	399402.12	503.14346	-189.56665	-405.6994	108.237076	1706.6638593673706
721.9647	229.49977	976.3443	189.70766	838.2516	162.85275	954.6677	584.3689	232.0	238.7	221999	40133.434	397322.34	502.22205	-134.79114	-403.62228	100.72714	1721.6426479816437
870.0838	186.62486	1209.5216	529.942	1224.5189	90.302895	1434.9661	1123.6322	251.42857	362.4	223999	40021.06	396209.8	504.05063	-183.79335	-402.59952	108.00222	1736.4825885295868
1104.3126	732.3953	2318.5728	84.223526	626.26166	257.035	1073.4451	451.2463	350.14285	204.9	225999	39923.848	395247.44	503.66187	-129.41489	-401.47937	96.276726	1750.774380683899
773.12866	764.5569	2339.536	42.583344	48.203968	0.80290353	50.20789	47.32249	229.75	31.1	227999	40061.824	396613.44	513.5621	-207.9876	-403.03464	97.20173	1762.8350081443787
1279.3821	619.9206	2376.2534	796.079	1282.619	199.11406	1584.6742	964.41156	374.4	358.4	229999	40160.363	397589.0	515.35974	-155.15372	-404.06174	96.47531	1778.4806773662567
714.7567	434.15042	1353.7505	47.881077	41.714996	0.905986	42.342663	39.669067	212.0	25.8	231999	40336.793	399335.66	512.99524	-248.5086	-405.746	95.62281	1791.1247277259827
335.29062	358.30902	985.3335	38.735203	753.2467	76.84708	968.4261	700.35236	109.1875	213.0	233999	40489.656	400849.0	511.86124	-210.88426	-407.43842	119.43682	1805.392433643341
1241.704	788.1388	2834.7595	465.96143	2214.5103	751.22626	3279.668	929.35156	368.16666	673.5	235999	40798.934	403910.78	526.3704	-152.80185	-410.5641	112.405106	1823.935438156128
1256.1589	574.7931	2235.954	565.4522	644.9539	18.388372	687.6009	623.66327	365.66666	188.5	237999	41082.957	406722.62	517.5975	-135.12244	-413.40244	108.66501	1837.8450467586517
787.1794	211.59659	1162.215	522.6439	834.15497	53.69299	947.08093	771.27435	229.625	239.9	239999	41270.69	408581.22	522.8455	-189.22844	-415.22394	124.06981	1852.2713260650635
762.3005	85.576965	903.5333	572.6894	676.8263	8.495823	688.91284	659.47833	228.0	204.9	241999	41270.05	408574.94	516.4123	-157.46927	-415.18488	103.414986	1867.2306776046753
738.80054	149.14787	992.8385	415.68774	729.3764	43.092815	820.89606	687.25464	221.66667	226.1	243999	41215.734	408037.3	537.0734	-135.15216	-414.61942	117.705956	1880.173159122467
748.4979	147.5867	982.37775	504.4357	925.8249	242.65315	1545.807	648.5889	237.25	283.0	245999	41161.355	407498.94	530.6992	-193.71434	-413.86844	102.32527	1895.0828731060028
885.8216	382.02606	1721.0381	338.32727	387.97125	82.99206	558.45294	316.55573	269.375	149.2	247999	41007.83	405979.06	534.49744	-175.16615	-412.3361	103.19814	1909.0933954715729
419.82083	272.37296	825.1299	40.146637	439.7435	8.995985	453.9629	427.2455	141.5	164.7	249999	40857.625	404492.06	552.53015	-160.6432	-411.06064	122.21953	1922.749831199646
902.9095	290.57968	1177.1428	367.68875	2045.5455	811.3743	3446.835	1007.69617	274.85715	584.7	251999	40770.793	403632.44	539.5647	-151.07849	-410.02536	122.89587	1939.3912053108215
1147.2333	990.1058	3310.0544	325.5739	2265.9722	710.42017	3471.7017	902.26685	345.0	636.9	253999	40765.06	403575.62	530.7892	-160.28905	-410.06738	107.526	1956.884110212326
956.1551	521.9944	1854.8435	278.28107	2257.1765	888.5366	3596.6536	1299.887	275.85715	631.9	255999	40838.2	404299.75	519.76495	-186.35059	-410.79306	120.32155	1974.6694390773773
1589.3531	1107.8934	3463.7805	743.00073	2351.704	1553.7312	3563.6787	9.783804	457.75	662.1	257999	40891.062	404823.03	513.37604	-164.71033	-411.2082	104.60286	1991.0452966690063
1182.1033	148.33104	1314.6926	916.8738	738.3165	171.42932	1087.9156	593.38153	319.57144	228.8	259999	40925.06	405159.56	509.41	-180.9662	-411.62268	110.46413	2005.1369235515594
1144.53	493.80176	2187.542	788.3903	816.89813	366.42154	1108.4309	259.26572	320.0	251.5	261999	40988.21	405784.78	510.05338	-150.0563	-412.20703	95.461815	2018.3902850151062
1082.3009	621.58136	2010.5094	6.53164	1210.1785	70.19543	1317.2686	1095.8375	307.33334	367.8	263999	41011.145	406011.84	508.744	-156.82225	-412.31586	97.12438	2034.0667989253998
1558.8977	481.5117	2305.8955	1029.3097	964.1234	800.35315	2640.9033	274.27008	450.4	319.8	265999	40974.375	405647.88	534.84937	-140.0935	-412.04248	109.43519	2048.2683293819427
1125.7263	425.5423	1727.2833	548.97473	979.5387	330.34665	1922.5409	750.0032	342.5	304.2	267999	40898.137	404893.12	507.5365	-167.7932	-411.22903	103.57698	2063.1511743068695
831.00885	480.38306	1364.5388	36.19277	3136.6865	955.86316	3477.6882	269.5318	258.14285	911.7	269999	40826.484	404183.72	514.81287	-173.0138	-410.42264	94.85948	2082.1882717609406
2323.298	808.20776	3131.5059	1515.0903	3227.891	14.604968	3248.109	3205.4526	728.0	1000.0	271999	40759.14	403516.97	507.8921	-143.72295	-409.74045	91.59327	2102.8725423812866
1639.4374	823.965	2872.6912	599.11584	1150.8717	794.2992	2913.0303	681.9588	527.5	365.1	273999	40656.023	402496.12	508.22665	-191.72844	-408.5789	103.31742	2117.4931893348694
554.2455	723.79736	2100.757	8.3882475	3508.0964	14.888287	3531.7505	3474.7075	179.91667	1000.0	275999	40384.78	399810.8	503.57285	-113.85711	-405.8773	101.38062	2139.079587697983
1369.7072	914.4166	3402.064	790.30786	1117.9235	56.66879	1270.9882	1076.7646	396.0	304.5	277999	40235.684	398334.7	504.95667	-152.51625	-404.43936	94.448364	2153.3745517730713
1251.4567	560.47406	2467.4282	773.6576	945.99493	33.62017	990.7937	890.09845	351.16666	256.2	279999	40087.047	396863.22	508.80417	-230.55894	-402.95645	96.17694	2167.044523715973
810.17334	160.88539	985.6935	423.73563	693.73865	191.46196	994.08936	509.48828	232.5	212.8	281999	39902.1	395032.3	506.4127	-157.74486	-401.03357	88.0171	2181.267562389374
500.79855	391.53683	1564.2877	34.814133	769.38324	251.15454	1090.4855	499.49246	175.25	220.9	283999	39753.945	393565.56	505.01474	-193.30392	-399.59732	84.380516	2194.9246156215668
549.48334	355.90002	1397.406	180.89398	374.73245	110.39533	476.0329	186.20003	186.63637	146.9	285999	39684.93	392882.34	508.61273	-173.4373	-398.84457	91.21314	2208.0968537330627
472.3661	217.3104	1104.0029	229.5601	555.93115	76.12828	748.2418	437.37436	172.72728	163.7	287999	39682.613	392859.38	505.69168	-163.6035	-398.9075	117.55924	2222.396288871765
708.7135	481.4649	1454.8733	43.96448	452.81168	6.479672	465.53424	440.62558	215.75	171.2	289999	39566.066	391705.6	507.96268	-155.39726	-397.70953	109.16767	2236.474315881729
1801.023	278.15085	2153.7434	1410.4432	1391.1285	337.28275	2094.6445	1103.4236	544.0	395.1	291999	39508.703	391137.7	502.2306	-241.37624	-397.19568	111.86664	2252.4898929595947
1598.882	264.71768	1868.8949	1178.1768	2127.7087	847.26874	3402.3533	1315.7494	458.75	608.2	293999	39561.22	391657.56	510.78598	-203.84344	-397.7746	113.11015	2269.5800001621246
2315.8047	654.3609	3240.4785	1821.5933	1425.6409	17.782742	1468.2954	1409.7806	665.3333	394.7	295999	39690.902	392941.38	513.6854	-128.16096	-399.05432	111.991135	2285.336323261261
1256.2579	246.39598	1704.0695	953.80273	1407.9241	757.25183	3121.7615	634.577	352.16666	440.9	297999	39854.93	394565.22	516.0535	-150.90858	-400.63568	96.1233	2301.80571269989
910.6527	163.04852	1073.2079	610.35114	875.86835	62.565937	974.3424	748.0624	276.125	250.9	299999	39846.84	394485.2	513.3815	-172.59956	-400.6037	109.395134	2316.1825840473175
675.3898	226.42221	970.23444	317.24933	985.0908	323.82874	1637.8129	612.3067	220.375	310.3	301999	39921.734	395226.62	515.3846	-149.28618	-401.41776	110.98476	2331.2650520801544
1225.8546	407.91522	2106.5366	867.4538	669.03455	261.79556	947.78424	356.27444	352.5	223.7	303999	39963.31	395638.16	510.06476	-170.93282	-401.7215	100.79626	2345.1630804538727
1203.2667	299.9853	1751.2975	871.58203	1187.9124	367.72043	1925.8834	871.54895	348.6	368.4	305999	39945.355	395460.44	514.7415	-127.78642	-401.43802	91.84444	2361.251264333725
980.4912	430.47882	1699.8907	36.78551	1324.9353	799.32745	3416.5671	783.862	283.125	373.6	307999	39983.29	395836.03	513.43994	-188.09138	-401.8248	97.243546	2376.588442325592
712.98956	336.78064	1202.5869	287.28244	1093.2922	139.28603	1316.7079	850.79553	217.77777	304.9	309999	39924.902	395257.97	513.2889	-180.16281	-401.29718	99.24733	2391.425826072693
623.7728	214.94838	892.6431	181.3289	1066.8821	174.08093	1583.0099	964.5689	189.2	303.8	311999	39938.984	395397.44	523.9638	-184.02419	-401.49863	99.75917	2406.9159796237946
837.6903	322.12003	1721.1215	599.69025	963.0746	139.16788	1244.3936	784.4331	245.0	277.9	313999	40003.734	396038.44	538.8684	-191.19496	-402.05963	90.98444	2421.507973432541
635.952	350.85526	1154.4972	175.8953	413.38568	125.33885	653.892	309.89825	195.1	151.4	315999	40058.195	396577.62	540.63324	-165.91983	-402.5136	97.816216	2434.2220335006714
659.1615	316.0824	977.11664	42.745	640.56366	162.67612	855.2264	402.0304	206.8	200.9	317999	40009.2	396092.53	540.0488	-250.22314	-401.96454	107.10162	2448.176786661148
889.2448	208.95404	1195.9111	629.5887	855.58527	115.45722	1072.3253	678.9625	258.25	253.4	319999	39880.395	394817.34	522.9183	-133.91577	-400.63483	104.41615	2462.945962190628
1101.9641	516.2452	1643.5048	384.05887	1247.6412	714.55414	2128.1218	218.18742	342.8	391.2	321999	39879.516	394808.62	515.9106	-156.62263	-400.71487	91.80223	2479.2817027568817
1125.1031	247.13313	1581.2975	804.9419	1005.48175	497.17706	1866.102	438.63	318.0	311.7	323999	39887.97	394892.3	515.6256	-166.5152	-400.76022	99.22867	2494.696400165558
1175.9688	520.4461	2004.9894	642.57153	1597.6428	609.5968	3143.9043	1096.9126	329.5	483.8	325999	39840.875	394426.06	507.95416	-214.07547	-400.28708	95.91257	2511.2528944015503
1340.1638	612.33594	2603.4895	804.1628	825.4286	671.26825	2453.6204	424.15268	393.7143	279.2	327999	39772.92	393753.38	511.19565	-188.06845	-399.7486	93.50654	2526.329700231552
955.75494	314.392	1475.895	417.09912	1093.5779	929.836	3234.6416	438.6396	282.7143	348.9	329999	39926.06	395269.38	500.77335	-162.23589	-401.2463	90.61321	2541.670370578766
795.76886	237.30148	1047.0498	424.76462	1397.7052	667.91815	2568.2354	401.63907	243.5	493.9	331999	40047.066	396467.3	531.1763	-173.96307	-402.48083	120.372314	2559.1012184619904
1198.2637	591.6863	2151.968	687.66724	977.68835	143.04907	1141.9302	758.2412	382.25	284.6	333999	40135.793	397345.75	508.847	-196.63077	-403.35226	99.13292	2573.7751517295837
1355.2317	560.30676	2333.6685	651.578	1362.8273	507.1014	2381.6172	858.7392	408.0	410.6	335999	40244.086	398417.9	515.82135	-162.83653	-404.396	92.51877	2589.4716477394104
1095.6156	606.5283	2155.8718	229.44902	3397.4668	54.454193	3499.8743	3320.6516	316.2857	1000.0	337999	40396.055	399922.34	511.43878	-189.1037	-405.9232	88.2122	2609.658267259598
2042.0416	926.8204	3346.5518	1279.4056	1001.525	0.5838216	1002.8384	1000.521	596.6667	1000.0	339999	40521.504	401164.34	517.6349	-149.0793	-407.28726	103.27673	2630.6859900951385
1213.3157	386.9619	2127.3381	877.72736	1817.8391	406.0324	2849.3904	1224.4128	334.2857	485.6	341999	40744.977	403376.7	510.08795	-240.57436	-409.56488	94.106575	2647.768450975418
769.2978	174.10075	1053.5831	504.40863	1142.2207	835.84125	3349.4734	324.73148	227.125	337.1	343999	40975.84	405662.28	505.6443	-151.19556	-411.70932	88.71833	2662.901666879654
1112.4286	408.1246	1599.3389	295.66696	754.9987	531.63275	1410.8524	311.92313	334.33334	239.0	345999	41026.324	406162.1	512.8571	-200.78441	-412.2332	90.80223	2676.9732151031494
2330.3894	890.9525	3003.5938	1071.4036	1290.0931	793.40533	3650.3386	831.3742	674.3333	350.6	347999	41074.76	406641.56	506.42978	-204.20103	-412.6147	95.08313	2692.0695657730103
1121.235	630.0404	1914.7686	31.12539	1091.2739	32.30292	1147.8744	1061.4585	321.8	326.9	349999	41051.832	406414.6	502.40646	-174.82571	-412.37067	101.979576	2705.800354719162
1241.9254	876.19006	3111.1536	299.01395	1356.0645	329.55917	2310.3123	1080.3855	366.16666	409.6	351999	40935.746	405265.3	504.06912	-224.60106	-411.2305	85.656265	2721.610281944275
1174.8914	550.7734	2310.3098	289.41428	1240.3492	122.17957	1384.9646	1090.3436	347.7143	325.4	353999	40976.8	405671.7	509.68475	-352.4172	-411.6272	82.34145	2736.764791727066
1332.4266	463.56558	2232.6426	909.6802	1291.7556	334.4652	1861.2438	940.7981	358.4	360.5	355999	40884.81	404761.0	509.24384	-185.50597	-410.66925	85.90736	2751.7657873630524
1362.8514	308.8468	1959.6056	1050.3175	1277.2424	585.40015	2385.3623	525.1911	372.33334	373.1	357999	40802.383	403944.97	511.3776	-320.87827	-409.89832	88.58017	2767.7318880558014
1671.8573	1199.2826	3406.043	511.65448	237.31015	1.474455	239.36449	235.51576	493.25	101.5	359999	40836.203	404279.78	514.7563	-227.16277	-410.20978	80.966675	2779.9325292110443
1007.13715	750.21344	1926.529	188.6872	2810.2842	872.6439	3124.4612	193.77698	309.83334	909.6	361999	40791.176	403834.03	550.5988	-223.91489	-409.6953	77.30147	2798.6026821136475
1788.2842	469.628	2425.961	1308.6605	2791.6472	965.18567	3299.2827	851.2268	572.0	856.3	363999	40855.996	404475.62	503.7614	-195.04794	-410.38782	95.44911	2817.0420961380005
1895.9875	850.5338	3285.9392	1077.1869	1095.7426	62.89821	1217.0746	999.5752	554.75	306.6	365999	40958.23	405487.7	502.2993	-137.76448	-411.49332	81.45572	2830.8713788986206
1044.5187	250.03308	1369.1382	663.60126	1022.8296	48.56171	1144.7808	979.4178	298.0	290.0	367999	41007.293	405973.34	492.0677	-138.26726	-412.0261	79.11337	2845.3842964172363
1944.2899	599.8483	2430.5308	953.94824	1392.0271	354.25922	2356.8672	1119.056	538.75	385.8	369999	41077.723	406670.6	498.51	-164.25603	-412.58426	84.23611	2859.6670520305634
1644.0842	1047.3112	3079.8323	614.3601	885.1294	121.1315	1139.0627	782.5755	482.75	241.6	371999	40929.125	405199.47	491.1143	-242.65405	-411.03262	79.8358	2873.1950657367706
973.4068	990.93695	2822.2703	19.095406	3377.0007	5.8218307	3384.9717	3365.662	279.14285	1000.0	373999	40759.223	403517.47	492.46912	-146.49207	-409.26978	76.65312	2892.7624588012695
1329.3518	579.0002	2328.8354	946.5321	418.49457	213.94244	838.3243	269.9726	375.0	147.8	375999	40632.855	402266.47	493.96252	-212.38037	-408.00385	71.883194	2906.0951335430145
2148.971	941.73517	3507.8958	1058.7557	3454.2297	29.85481	3512.8032	3423.3096	615.0	1000.0	377999	40546.984	401416.4	495.09094	-157.3408	-407.12222	79.65032	2925.833207845688
1308.7014	580.2389	2189.723	726.3282	1253.7806	68.12737	1324.6317	1083.2485	370.0	337.3	379999	40500.66	400957.75	490.10455	-204.76428	-406.69028	76.57504	2940.8300149440765
1035.5638	613.9488	2725.122	553.9823	790.42816	39.246296	855.1838	728.4738	297.0	218.6	381999	40520.297	401152.16	490.68207	-191.79506	-406.93863	85.00462	2955.4048914909363
701.1876	504.6608	1482.9904	19.555658	1006.6548	181.41266	1090.3396	463.2838	198.3	267.9	383999	40422.688	400185.84	490.93768	-119.30508	-405.84726	68.06275	2970.2968204021454
508.92453	610.9831	1698.1542	21.187109	3571.9602	21.520945	3610.5464	3540.88	143.42857	1000.0	385999	40322.867	399197.56	490.37943	-208.3404	-404.92053	82.405334	2990.4056046009064
1729.5364	426.97745	2371.1545	1227.1865	2777.2017	889.2733	3531.9001	822.1495	471.25	823.6	387999	40248.547	398461.8	491.38947	-244.54108	-404.22324	68.83916	3010.164380311966
544.8061	442.8261	1319.9543	48.538944	2405.339	902.10065	3381.5642	821.1496	179.18182	701.7	389999	40252.348	398499.47	494.84796	-232.46384	-404.10025	82.01006	3028.371557235718
656.44745	241.10858	1086.2732	270.18967	3060.061	748.13135	3467.6462	1316.5847	209.88889	889.1	391999	40163.324	397618.16	506.31244	-107.78332	-403.29498	69.22543	3047.472154378891
705.3179	950.5017	3404.6252	34.699577	2875.2363	949.2669	3365.9163	607.97003	218.7	864.6	393999	40100.727	396998.47	499.4321	-183.00159	-402.6174	85.278564	3067.4395792484283
2392.4902	880.2206	3272.711	1512.2698	3418.3257	9.890339	3431.1194	3403.5432	750.0	1000.0	395999	40074.14	396735.28	495.59555	-173.36612	-402.4774	82.88938	3087.8995881080627
2157.4414	1045.9619	3424.08	601.307	2827.6863	952.79834	3673.4102	1392.1454	614.25	775.2	397999	40159.938	397584.6	500.01202	-159.73013	-403.2446	83.74031	3106.176350593567
1047.3036	417.11603	1825.6582	654.8569	971.1592	29.829159	1010.8652	918.59814	289.2857	261.0	399999	40182.793	397810.88	501.14777	-141.21361	-403.56012	88.03316	3120.541655778885
979.7087	294.1158	1399.198	650.7213	3073.173	703.132	3685.049	1741.9265	269.2857	823.1	401999	40310.43	399074.47	505.23535	-106.64042	-404.90112	75.75593	3141.138050556183
1374.6836	384.36368	1944.1838	936.84766	1097.3699	30.615538	1139.544	1051.5425	374.16666	289.3	403999	40411.61	400076.2	508.68457	-156.38892	-405.91592	76.44284	3156.1965684890747
1206.5607	295.52176	1677.4912	922.9884	336.7786	152.69821	794.0265	273.38248	326.33334	140.7	405999	40507.51	401025.62	506.4186	-131.23941	-406.8113	76.22552	3170.269197702408
711.2023	460.8797	1447.0487	272.47162	946.15515	716.74365	2238.7825	279.874	236.375	326.7	407999	40579.484	401738.12	495.97208	-110.09424	-407.50644	84.376884	3186.1300015449524
779.56024	590.39764	1627.7876	32.55244	2588.7703	817.4633	3133.0386	861.0831	277.66666	839.8	409999	40675.086	402684.6	509.6128	-115.84598	-408.5198	91.24286	3204.279449701309
944.63214	877.8255	2440.4045	31.78361	1316.8337	430.9658	2055.139	747.0558	316.7143	384.5	411999	40810.754	404027.7	511.0876	-193.94106	-409.8475	85.23041	3220.109609603882
816.82385	503.56134	1555.5148	38.590584	654.70703	17.672014	702.26495	640.8094	244.14285	201.6	413999	40878.215	404695.53	505.04752	-129.84416	-410.51678	86.709015	3234.2232336997986
1355.711	818.91907	2962.0344	630.8977	1762.4229	369.04407	2599.9988	1310.6555	410.16666	499.8	415999	41023.445	406133.34	508.40955	-205.9599	-412.00516	84.7574	3250.9628717899323
1205.1952	377.03162	1957.3298	882.2003	1629.8209	437.4009	2381.8188	1070.6903	337.5	423.7	417999	41068.832	406582.66	503.90375	-169.66154	-412.43655	82.8508	3267.7728238105774
1131.6111	270.53577	1456.2421	803.3628	867.58594	113.60174	1005.80475	734.1112	305.66666	229.6	419999	41048.64	406382.78	504.0786	-262.70868	-412.12024	73.08403	3281.021923303604
843.17584	335.90277	1488.7803	164.17052	49.58875	1.7231275	52.16669	46.71104	236.88889	35.6	421999	41075.527	406648.9	506.3069	-255.62363	-412.4427	89.249466	3293.062021970749
844.27	830.6053	2704.4658	59.422607	1918.3313	727.5082	3595.2249	1051.519	239.0	524.8	423999	41010.105	406001.28	501.63086	-211.0768	-411.79294	86.409744	3309.689319372177
869.4263	914.8403	2617.134	77.07877	1713.0176	275.63943	2207.5435	1348.2328	249.625	463.4	425999	40963.883	405543.7	493.11832	-152.39429	-411.3235	75.507034	3326.398204088211
1752.8007	441.6669	2094.433	1000.5163	3135.153	838.798	3569.9292	1455.7725	482.0	879.3	427999	41017.832	406077.78	505.96402	-170.24942	-412.02246	82.446625	3345.6167805194855
1832.4292	828.65186	3264.4014	1277.9016	3418.4739	19.327301	3453.3108	3393.9067	520.75	1000.0	429999	41136.53	407252.84	493.66428	-186.31335	-413.18994	75.2267	3366.1609160900116
2881.5703	497.22278	3378.7932	2384.3477	3318.686	22.801308	3376.2263	3293.034	858.0	1000.0	431999	41273.62	408610.0	496.46332	-228.32275	-414.4739	82.33676	3386.3153970241547
2153.5374	889.2875	3335.7593	1190.9269	1402.0817	676.76013	3426.721	1120.9174	622.6667	394.4	433999	41371.375	409577.75	497.90787	-172.13606	-415.3797	69.09197	3401.9651715755463
1953.9445	1224.9844	3409.808	357.0646	708.1151	450.21332	1415.461	108.93911	582.0	212.5	435999	41325.594	409124.53	496.8743	-199.01184	-414.90244	65.61063	3416.0155041217804
1748.7365	1053.248	3205.685	501.43823	1564.7477	313.88785	2430.2769	1267.7635	533.5	416.5	437999	41341.18	409278.84	511.4816	-138.18378	-415.03183	63.24395	3432.053421974182
2108.6465	1248.8446	3357.4912	859.80194	1055.1323	247.04384	1398.8198	850.8748	624.0	297.9	439999	41267.203	408546.44	498.59152	-123.89932	-414.2082	58.194767	3446.911353826523
1056.8729	1134.113	3436.1316	25.359575	1484.3969	78.78478	1605.8068	1343.5458	325.125	411.7	441999	41258.957	408464.75	487.4305	-188.43758	-414.08755	66.27019	3463.0558791160583
1369.6844	464.8296	2111.2446	916.0227	3184.098	6.150542	3194.001	3173.1562	373.66666	1000.0	443999	41154.285	407428.5	500.48743	-195.82121	-413.04468	66.73953	3484.5005309581757
1578.2944	568.0877	2350.6675	1000.626	3382.5132	9.378875	3403.3323	3371.7166	438.33334	1000.0	445999	41068.223	406576.47	491.66483	-164.9832	-412.0515	48.24768	3504.3898351192474
1862.0289	649.6486	3003.646	1097.8171	2003.706	242.26907	2531.9417	1633.1171	525.6	550.6	447999	40854.152	404457.2	480.32306	-241.57521	-409.89532	58.223824	3521.1811599731445
878.24493	812.89294	2116.3245	24.620096	51.454174	1.878529	54.732307	48.906548	272.0	37.2	449999	40671.164	402645.62	489.47015	-176.83292	-408.2312	55.720455	3533.5990023612976
766.6117	653.9377	1602.0525	32.400192	1447.2976	398.90253	2046.1118	781.85895	232.14285	395.7	451999	40607.484	402015.2	482.88177	-139.08269	-407.46613	56.97306	3548.9018425941467
2137.5884	1086.4093	3535.6353	974.31726	469.08643	440.23425	1056.3606	107.09302	584.0	145.7	453999	40472.434	400678.2	476.70312	-139.03362	-406.0832	60.8386	3562.7254989147186
1580.7377	484.87115	2398.8247	1039.196	3052.4116	866.2156	3514.8247	1273.958	435.0	871.1	455999	40387.53	399837.6	478.0718	-204.31621	-405.2245	52.280216	3581.27250790596
1519.9691	564.5153	2235.9204	959.0485	2638.3386	1030.7898	3654.652	1277.7594	413.6	725.0	457999	40243.406	398410.78	478.3276	-209.82906	-403.8225	55.48951	3598.9256365299225
2662.6401	945.2239	3607.864	1717.4163	1155.814	100.24149	1344.8566	1079.964	755.0	308.9	459999	40169.92	397683.22	491.74756	-148.74576	-403.06082	52.19139	3613.8592052459717
2258.9087	1071.5781	3559.3892	1030.5917	3726.097	33.863144	3756.8418	3633.371	614.75	1000.0	461999	40020.316	396202.16	474.2172	-252.68771	-401.58667	57.96219	3635.0876066684723
1931.9369	1337.8514	3600.458	325.14938	2029.4154	938.4307	3562.582	1333.3638	562.6667	552.8	463999	39977.656	395779.8	464.96713	-193.2438	-401.138	56.033775	3651.7900273799896
1983.7738	896.1351	3449.748	1022.6894	2953.1995	786.5781	3794.0012	1995.582	572.5	787.4	465999	39892.4	394935.72	474.30585	-175.24707	-400.27963	48.495773	3670.9851360321045
1134.1001	263.00806	1414.847	732.20184	1315.2332	30.62437	1346.7277	1244.1974	326.83334	335.2	467999	39791.465	393936.5	466.69263	-156.395	-399.23123	54.069866	3685.9398922920227
1468.2661	750.0636	2547.0264	458.04504	3308.3171	580.6266	3551.5618	1568.6519	413.8	943.2	469999	39753.93	393564.9	465.78265	-178.42758	-398.805	56.68896	3706.1257333755493
1619.9167	717.5313	2842.6345	1037.5619	3489.0688	4.8551598	3495.8667	3481.6929	446.75	1000.0	471999	39619.953	392238.5	459.95694	-167.74059	-397.4525	48.236366	3725.517269849777
1267.1897	469.15463	2169.125	887.8284	1024.495	36.68429	1100.767	975.9912	352.0	271.0	473999	39473.04	390784.03	458.26913	-101.02535	-395.96878	56.13193	3740.0663924217224
756.57007	645.44946	2134.7874	10.649898	1088.3588	65.464325	1143.2988	951.5053	214.18182	286.1	475999	39333.45	389402.1	458.13144	-155.63829	-394.56744	56.415665	3754.8119122982025
1146.8672	456.8749	2058.939	768.04156	1160.3365	101.97585	1301.2091	972.229	312.16666	300.7	477999	39156.535	387650.62	456.9856	-132.00125	-392.8242	53.83001	3768.7057938575745
1186.9286	201.6941	1383.89	776.0483	1916.585	233.71233	2242.7468	1458.7189	318.83334	560.8	479999	39008.855	386188.66	457.4591	-173.32346	-391.4205	49.670937	3784.6159176826477
1123.9706	399.04953	2008.2961	807.1435	1122.8962	105.51953	1317.7212	968.8944	323.57144	311.9	481999	39063.867	386733.25	459.29605	-160.39426	-391.99713	51.177437	3799.8813099861145
775.6168	458.6598	1378.0223	16.336689	1040.6658	31.250465	1117.6707	1005.4804	221.75	287.3	483999	39133.504	387422.7	461.94278	-233.79427	-392.7765	55.996334	3815.258542776108
542.1611	645.3821	1722.9814	7.8281636	1409.9197	28.053944	1446.0376	1352.4917	158.14285	368.2	485999	39192.71	388008.8	465.8141	-131.821	-393.358	60.80877	3831.0926411151886
2015.083	1026.428	3462.496	1196.0981	3071.0464	546.3908	3375.9485	1915.7515	567.6667	909.0	487999	39301.3	389083.84	468.98428	-166.00458	-394.47604	47.82228	3851.2253699302673
1437.2048	319.47964	1909.5422	1045.5419	1241.928	19.582458	1263.3126	1205.506	426.5	338.3	489999	39303.78	389108.4	467.23502	-160.56702	-394.29688	52.15071	3866.834627389908
1886.7927	742.94543	2899.6663	1118.7423	1268.097	45.188614	1338.1029	1218.4493	544.0	339.4	491999	39425.0	390308.4	469.13226	-132.85101	-395.52557	45.694782	3882.4568190574646
1360.1891	562.53314	2571.5728	864.3082	1046.3667	52.978855	1204.348	1020.2107	377.33334	291.1	493999	39317.312	389242.34	463.10806	-134.55357	-394.38107	42.299103	3897.20885682106
1123.3004	246.0755	1543.718	740.72974	1140.3868	81.193306	1287.2095	1036.4338	306.85715	308.2	495999	39250.605	388581.94	461.61426	-126.65694	-393.68024	34.7211	3912.68457198143
1233.0347	108.53488	1364.7985	1030.2189	1242.367	165.4797	1579.4988	1035.5887	342.66666	351.0	497999	39090.785	386999.72	476.45578	-154.9748	-392.0768	36.46993	3928.0455663204193
1118.256	121.60364	1217.7269	898.1954	1423.2881	62.004894	1583.4658	1355.786	314.83334	369.9	499999	39051.906	386614.8	458.55862	-153.00052	-391.77768	36.82052	3942.8524990081787
1066.5345	288.13425	1626.1809	712.802	1580.0923	193.25713	1884.4092	1293.5894	297.0	424.6	501999	39113.05	387220.12	459.41135	-212.80894	-392.3262	34.673866	3958.308370113373
958.70056	337.68912	1428.8953	332.98553	1322.0192	855.44244	2805.9211	350.4296	275.0	382.6	503999	39006.9	386169.28	459.79633	-164.54611	-391.26126	37.028397	3973.5895776748657
759.8959	309.15707	1223.3986	345.22406	1044.7117	179.89459	1566.4264	938.35547	234.66667	301.7	505999	38963.176	385736.38	460.4574	-155.44139	-390.8521	45.189365	3988.764081954956
978.4158	136.97516	1197.3448	779.10504	1089.1744	19.535421	1126.8649	1053.7032	278.0	288.3	507999	38821.99	384338.66	461.8438	-145.43216	-389.4655	33.784496	4003.0116345882416
970.6686	315.3679	1369.746	193.12709	978.36096	44.42776	1044.9993	894.2846	270.25	261.0	509999	38655.37	382689.2	463.501	-170.21463	-387.76062	29.914053	4017.733919620514
398.10095	478.0906	1281.485	15.398322	1010.2643	35.615536	1066.698	974.74817	116.72222	280.6	511999	38577.223	381915.56	462.36844	-212.7212	-387.07675	38.664944	4032.7636380195618
760.76355	308.98526	1219.7496	299.2002	1018.59656	125.97372	1332.2903	887.34845	230.625	311.4	513999	38617.44	382313.72	460.96732	-88.86959	-387.4708	44.005516	4047.7441284656525
1045.674	531.0426	1912.6783	89.5715	3233.5542	7.359865	3250.6057	3225.5505	344.5	1000.0	515999	38498.406	381135.3	465.4127	-173.3426	-386.20367	38.873257	4067.9181592464447
1024.6733	752.2362	1826.784	22.685577	3269.453	11.959508	3282.062	3248.584	322.16666	1000.0	517999	38444.883	380605.44	465.54184	-79.99605	-385.56805	38.610992	4088.3367943763733
1039.6832	920.28064	2879.61	191.2704	993.23193	153.08372	1193.7986	739.46533	364.5	330.0	519999	38375.348	379917.03	462.93533	-175.2242	-384.997	43.78786	4103.758551120758
1243.5305	144.4791	1417.8196	1051.5674	2260.4324	786.3069	3394.8093	1478.8254	385.8	659.5	521999	38338.363	379550.88	462.79694	-131.7747	-384.6103	40.25264	4121.904978275299
489.4364	916.80865	3507.5803	50.52123	1503.2294	1170.9178	3419.1992	55.587173	163.07692	453.3	523999	38373.12	379894.94	463.555	-175.91537	-385.084	48.37445	4138.295791864395
1597.3444	846.2163	2803.9358	685.0142	952.0834	104.83109	1097.9591	729.34595	446.5	259.1	525999	38528.152	381429.8	500.4616	-212.76901	-386.83475	47.553123	4153.160560131073
917.5206	183.80324	1312.1344	703.6145	1242.3313	54.52572	1296.0575	1139.223	271.625	328.3	527999	38774.63	383869.9	508.7351	-177.37842	-389.44144	44.663193	4168.200966596603
694.6384	403.0079	1097.8445	30.190294	21.484724	0.6971452	22.230667	20.559921	211.77777	19.6	529999	39210.27	388182.78	523.9991	-93.22242	-394.06226	54.384636	4181.216920375824
228.44086	257.77448	925.76715	18.751291	1385.6223	278.10138	2151.3044	1127.2267	86.78261	378.7	531999	39680.35	392836.66	526.59863	-125.74225	-399.0653	67.01108	4197.046439886093
745.0197	371.05646	1493.2449	286.35678	318.89282	8.112402	339.22543	308.8425	234.44444	133.3	533999	40128.594	397274.34	516.6635	-157.38861	-403.4577	68.35537	4210.972151756287
1057.0535	217.14526	1358.8057	810.4846	2160.927	482.43036	2722.113	1267.3331	359.0	867.4	535999	40265.805	398632.78	511.2024	-154.16922	-404.75607	65.68914	4230.714178800583
953.8267	501.564	1915.9868	378.21432	1556.1707	589.5705	2320.5505	632.2689	356.5	648.1	537999	40362.633	399591.38	505.25513	-142.17798	-405.62228	70.66697	4249.02697634697
1151.8152	824.49194	2742.2856	474.5991	2067.9497	1250.3645	3614.5303	670.7101	363.4	596.1	539999	40282.324	398796.34	503.9945	-133.40987	-404.65988	63.120255	4267.038036823273
1856.5676	680.51794	2959.7805	1283.744	396.7377	6.201594	408.1571	387.31296	527.5	144.5	541999	40098.633	396977.8	505.23404	-150.49754	-402.71292	62.710773	4280.874510526657
1396.1123	273.01065	1911.6906	1183.095	1295.7288	87.14696	1492.1747	1202.0269	392.0	334.5	543999	40080.387	396797.12	501.546	-140.4647	-402.64755	54.00147	4296.3296620845795
718.4016	437.94052	1383.223	141.8512	1653.6869	215.16035	2247.058	1514.5391	218.66667	438.6	545999	40099.77	396989.03	503.56003	-125.45117	-402.82657	62.71708	4312.359335184097
827.49664	775.4109	1923.3035	20.564365	390.833	97.63461	541.8246	325.19357	239.875	155.2	547999	39985.94	395862.12	501.05865	-143.9131	-401.71805	67.57016	4325.637291908264
1872.944	476.14078	2683.1965	1460.7828	20.950674	2.3116965	26.074757	17.641779	495.75	51.0	549999	40145.574	397442.44	500.6343	-159.33318	-403.40244	62.368706	4337.010951042175
38.518726	209.2402	1564.8578	-0.26910487	9.293024	0.083356686	9.468148	9.157672	42.890907	38.4	551999	40246.625	398442.84	501.72015	-244.83588	-404.4447	67.4287	4350.1123769283295
68.79554	231.01167	1343.5043	7.940032	1337.4081	1347.6088	3499.2268	149.33965	62.375	403.8	553999	40122.98	397218.84	503.77542	-216.68015	-403.24442	69.45058	4366.0113389492035
657.0019	632.62866	1638.9745	60.979603	1073.0276	418.16922	1675.5092	569.6908	241.28572	298.3	555999	39856.87	394584.38	508.07605	-114.96037	-400.50162	74.37156	4380.993607282639
1472.7205	879.9486	2600.3223	538.513	308.59976	3.972137	315.93204	301.44443	425.4	128.6	557999	39803.688	394057.84	503.83804	-122.14276	-400.2505	69.81271	4394.008529186249
2096.4592	916.9611	3350.2053	1182.6765	2628.3289	1257.1981	3292.8818	114.087746	630.0	811.6	559999	39832.19	394339.97	496.00992	-187.50742	-400.46268	71.73883	4412.263003349304
1256.8031	1068.7625	3343.5308	108.078125	3558.2305	41.62777	3622.5278	3476.9956	374.0	1000.0	561999	39753.734	393563.25	492.61978	-142.05238	-399.57605	66.26447	4432.987819433212
867.5002	1112.8763	3382.703	139.58249	3383.7761	13.494428	3403.4312	3360.25	275.42856	1000.0	563999	39638.21	392419.53	491.35132	-260.51938	-398.48755	78.41208	4453.76130604744
1707.1678	1088.2885	3562.9329	785.4141	2514.8933	635.0206	3592.974	1899.4607	491.25	700.4	565999	39525.637	391305.03	487.71524	-181.11159	-397.30847	71.38925	4471.926929950714
1456.2648	331.9774	1840.1661	1030.2665	1030.7303	0.61766154	1031.5431	1029.6171	667.6667	1000.0	567999	39506.22	391112.84	502.781	-139.7505	-397.32526	69.499466	4493.446683168411
2682.9893	556.8082	3239.7974	2126.181	49.01803	1.392771	51.6296	46.438824	819.0	37.5	569999	39604.094	392081.8	520.37775	-200.8245	-398.44238	70.34885	4506.622841358185
1576.093	727.02795	2619.39	540.0931	467.0547	28.905098	539.4448	434.06094	494.8	179.6	571999	39903.17	395042.72	528.2047	-113.37584	-401.61572	70.51584	4520.92037653923
677.3971	247.39906	1224.5679	391.44867	641.9	24.80757	701.32056	607.6794	226.33333	207.7	573999	40118.277	397172.28	514.2946	-210.16785	-403.70462	73.766785	4535.28714132309
1107.5356	758.7612	2573.7837	386.5981	2760.1895	523.3066	3239.3594	1726.7605	350.0	847.4	575999	40069.152	396685.97	504.88943	-161.87631	-403.19214	64.069756	4555.4323744773865
1883.4434	1076.0448	3389.7349	942.8865	482.37128	594.6733	2266.3784	279.628	560.6667	194.1	577999	40055.21	396547.97	496.19058	-174.81754	-402.97058	69.78382	4570.045588970184
2753.7507	510.65356	3264.4043	2243.0972	292.64932	7.3767643	303.6481	278.97845	825.0	151.7	579999	40015.473	396154.47	482.23077	-231.91835	-402.44656	67.23023	4584.19852232933
2167.0664	779.74915	3194.5132	1306.5319	2472.0664	443.9806	2965.868	1749.1343	684.6667	867.3	581999	39879.938	394812.7	486.32996	-190.88718	-400.92487	63.156666	4605.662884473801
2862.9353	626.8663	3364.7417	1979.1145	1030.2264	95.812126	1197.2227	779.185	873.6667	904.2	583999	39759.71	393622.38	487.97485	-139.74104	-399.75937	58.343376	4626.825887441635
796.34503	498.5569	1690.7499	350.56247	1400.1069	1053.6211	3215.2815	446.22412	333.8	581.4	585999	39653.355	392569.5	488.89996	-234.65681	-398.5958	67.94304	4644.395640134811
1484.5723	695.9854	2582.4634	775.0613	1357.422	879.8752	2910.8667	414.73932	635.25	502.2	587999	39547.996	391526.38	505.71207	-145.97234	-397.52106	67.938484	4661.04395198822
651.93494	347.2044	1240.332	321.94672	2170.158	972.26624	3456.806	663.5362	289.5	631.1	589999	39284.605	388918.78	478.8483	-235.05371	-394.8933	64.69165	4679.9198133945465
1082.2975	1094.261	3033.868	256.7251	2874.113	737.3234	3561.5227	1277.9843	386.8	811.5	591999	39106.02	387150.72	476.3811	-162.65895	-393.12357	63.384758	4700.22855591774
868.40393	1056.8821	2771.4521	30.827837	268.72113	8.633488	278.88074	254.76294	303.85715	131.2	593999	38974.97	385853.3	473.57968	-228.17424	-391.8402	76.7551	4714.258203744888
598.1713	513.0248	1626.4359	186.59543	1070.66	874.1909	3546.1697	319.2581	210.22223	314.6	595999	38907.715	385187.47	470.5989	-180.83566	-391.16028	72.68261	4729.314903497696
740.54614	978.8236	2951.5874	15.380253	80.17833	1.7072065	81.89669	77.79167	234.0	52.2	597999	38837.344	384490.78	477.06552	-191.7339	-390.47275	70.142876	4742.387569189072
355.03043	436.34128	1150.8081	14.250056	1571.0149	957.9833	3133.0244	53.97022	146.23077	507.9	599999	38875.008	384863.62	471.0831	-189.9775	-390.99707	90.63865	4759.282280445099
842.71185	467.48373	1744.5527	348.76645	324.3415	76.96551	429.65402	248.5778	301.85715	208.6	601999	38909.758	385207.66	470.1123	-160.92006	-391.3996	93.552795	4774.648846626282
315.00314	280.6291	1027.544	132.82317	188.69905	2.6292222	195.67278	185.47833	245.25	116.1	603999	39109.812	387188.22	477.67807	-134.69165	-393.52182	93.974815	4788.009826898575
225.5595	53.740902	309.97656	131.79567	312.7389	2.7445269	316.92642	307.23758	119.0625	137.0	605999	39299.465	389065.78	474.22107	-208.289	-395.464	104.10584	4801.876658678055
371.48148	237.06235	1011.0193	179.02457	1190.8997	67.45371	1251.7009	1005.7958	143.92308	333.8	607999	39419.555	390254.66	475.3384	-202.18094	-396.74463	94.21528	4817.161154747009
1352.8586	232.81966	1671.1833	1033.2236	2757.169	658.9829	3635.306	1655.653	377.6	779.9	609999	39329.38	389361.94	472.9867	-332.72302	-395.78955	79.965126	4836.545733213425
2404.2637	842.75757	3397.0532	1336.7847	1826.2728	853.3068	3071.0718	558.80566	672.0	617.2	611999	39328.098	389349.25	472.8962	-145.60141	-395.45163	87.7808	4854.127321004868
1266.5416	767.83954	2310.7065	486.28104	519.35675	713.0232	2658.4011	276.65344	474.33334	193.0	613999	39247.668	388552.97	489.07617	-172.82462	-394.89423	102.29626	4868.194791555405
1454.7828	463.80847	2136.0754	1022.174	587.28	935.66144	3394.2566	271.3393	577.4	215.1	615999	39259.113	388666.22	493.97583	-147.87897	-394.89017	83.66603	4883.018720149994
1723.4198	732.63947	2952.3943	1081.728	1503.0508	294.46286	2338.5493	1211.055	496.0	398.5	617999	39163.062	387715.34	482.52023	-178.35347	-393.85532	91.594215	4899.4100177288055
1021.2741	428.33817	1664.873	365.00684	1133.6365	74.608696	1280.2821	1029.9647	292.0	319.6	619999	38974.965	385853.12	487.2556	-143.21863	-391.9599	81.10396	4915.035784006119
1022.3771	421.717	1674.8962	181.10022	1204.0173	50.35189	1327.5751	1170.0446	312.85715	361.5	621999	38878.523	384898.4	501.2097	-164.15913	-390.9464	73.18392	4931.2496111392975
933.1381	243.12187	1426.8593	538.39923	488.6674	233.70645	691.21796	134.84142	291.2857	192.4	623999	38754.562	383671.22	495.49396	-136.27882	-389.82336	77.18466	4945.410036563873
999.7962	355.19647	1401.0298	254.53639	1373.3036	80.519196	1546.864	1268.8473	322.83334	444.3	625999	38831.223	384430.12	497.30823	-215.30028	-390.6934	82.4406	4962.219706535339
1278.1617	113.26456	1429.8269	1124.5021	1897.9209	823.4284	3546.2844	1393.89	389.8	540.5	627999	38918.023	385289.47	500.78372	-162.10085	-391.5034	79.51697	4979.042129993439
1745.103	747.29785	2996.0251	1096.6774	1272.9788	134.41547	1377.958	1064.4904	489.0	393.7	629999	39071.797	386811.8	498.36188	-266.34448	-393.06094	72.026184	4994.866498947144
1799.1816	418.43915	2485.8113	1351.6382	2764.846	302.32022	2983.2864	1984.7694	535.75	943.9	631999	39372.984	389793.53	491.85538	-147.22136	-396.13947	76.84419	5015.15171289444
883.941	925.3031	2623.9827	214.42934	755.20544	91.60011	793.9604	480.9351	291.85715	247.1	633999	39663.133	392665.94	490.41022	-276.3339	-398.83694	77.9928	5029.705286502838
638.6266	775.5765	2559.352	184.28705	2967.48	4.8236837	2974.3513	2958.0498	212.0	1000.0	635999	39729.484	393322.75	486.95352	-124.40863	-399.48544	89.44496	5051.029139041901
2243.5598	1321.4303	3229.9854	375.7599	3481.1667	66.55103	3653.7886	3390.0723	713.0	1000.0	637999	39810.85	394128.28	487.87042	-186.19215	-400.22437	80.29983	5071.794762849808
1562.8157	999.8684	3028.247	294.95645	1108.6829	298.44318	1665.3608	768.2013	474.0	307.0	639999	39869.54	394709.28	489.27792	-171.78519	-400.84244	80.47493	5086.780501842499
1891.3918	625.15295	2552.158	925.22754	1408.4506	250.28972	2035.5878	1092.0226	507.0	387.1	641999	39833.207	394349.53	490.42148	-141.26407	-400.3932	73.82782	5102.527567386627
1388.7662	286.35492	1778.3912	981.62506	866.5006	101.90739	998.62665	740.72943	369.66666	229.7	643999	39707.4	393104.06	488.05014	-174.21553	-399.2258	77.804146	5117.291869163513
797.60516	158.85963	1034.0544	531.1246	3352.609	117.93772	3440.847	3090.697	219.55556	974.3	645999	39546.49	391511.1	482.37802	-121.13852	-397.44058	68.56968	5137.9390506744385
954.98553	215.42384	1360.1178	743.51843	836.6346	5.8816032	849.9034	829.6668	259.75	233.2	647999	39359.184	389656.78	479.36835	-138.35341	-395.48355	64.77809	5152.640809297562
911.1425	162.21259	1096.8385	635.03375	943.9261	47.834312	1012.7233	822.4462	249.25	254.3	649999	39145.76	387543.9	477.3251	-139.91585	-393.4375	60.671093	5167.845325469971
1041.4802	106.84655	1222.9662	858.7351	609.98676	78.275925	744.23376	550.5687	286.42856	173.7	651999	39068.434	386778.34	475.41364	-281.07614	-392.5743	61.767033	5180.751317977905
866.9503	219.70592	1349.3362	653.2376	952.43884	39.06095	1005.3762	894.1371	240.375	265.2	653999	39147.67	387562.75	478.21008	-265.73813	-393.18787	62.7085	5195.738698244095
937.95197	176.8714	1290.7963	707.9721	769.6473	10.469894	789.1342	759.8527	262.375	219.0	655999	39120.13	387290.12	473.6935	-208.63116	-392.93576	62.992237	5210.173942804337
596.0726	294.62744	938.08826	25.023056	596.4217	14.3463745	618.2208	579.02875	167.09091	162.8	657999	39024.438	386342.75	482.1282	-206.34647	-392.00293	58.903126	5224.302832126617
797.1416	170.93513	1035.2192	565.1398	1055.0759	16.844452	1103.6417	1041.8268	218.55556	278.7	659999	38832.742	384445.06	479.71072	-163.61252	-389.964	54.999046	5238.9692895412445
1041.0571	140.05345	1251.174	873.4561	1230.2118	123.315285	1433.5101	993.1399	285.7143	349.3	661999	38653.383	382669.44	483.61108	-128.53674	-388.23026	58.134594	5254.834098577499
980.2755	151.29897	1180.71	716.62396	1142.8022	54.848427	1217.8708	1075.7369	272.25	334.7	663999	38483.375	380986.4	477.04385	-212.53404	-386.4625	49.994995	5270.140851736069
994.2477	214.29588	1331.3057	694.35114	996.7169	44.39367	1047.8661	925.7463	280.14285	262.9	665999	38329.33	379461.3	473.67294	-146.18025	-384.84073	54.232704	5284.991597890854
897.6067	591.85364	1703.0247	101.55227	1414.5448	653.2635	3302.1914	1089.2424	265.0	402.8	667999	38214.008	378319.7	480.15573	-147.57652	-383.8172	47.55576	5301.154174566269
1744.5016	1118.8873	3463.1914	511.11908	3379.2524	8.411375	3392.4456	3368.1099	492.6	1000.0	669999	38270.67	378880.66	486.8047	-197.80847	-384.28943	46.8272	5322.759322404861
3425.8416	3.479004	3429.3206	3422.3625	3112.1057	1032.8708	3466.6934	13.772096	1000.0	901.6	671999	38159.996	377785.03	484.32266	-139.76857	-383.1295	51.714912	5342.669030666351
2124.2263	919.51935	3228.7375	977.5677	3445.4624	4.4660263	3454.0896	3439.8665	621.6667	1000.0	673999	38274.09	378914.5	485.1867	-150.79086	-384.39316	52.000797	5363.6832637786865
2240.36	1018.4719	3529.125	1038.9845	1233.3143	240.42105	1779.6294	1041.1216	615.6667	326.7	675999	38290.99	379081.78	481.46225	-133.17291	-384.39526	40.932644	5378.626613616943
1035.7911	1183.2935	3472.272	28.83341	32.43245	1.6783696	34.448475	29.275778	305.16666	26.9	677999	38244.156	378618.16	476.7346	-195.37285	-383.94568	45.63027	5391.783443450928
974.0835	727.14606	1946.7247	24.722813	1116.425	10.853142	1136.4653	1104.2245	272.42856	301.0	679999	38168.496	377869.1	476.3834	-197.23434	-383.20728	60.174484	5406.988776683807
1207.3058	923.4722	3194.3762	274.83875	614.40497	376.2959	1397.162	268.9016	346.0	209.4	681999	38077.145	376964.72	476.48798	-224.99142	-382.41208	57.13725	5421.01357126236
986.5362	780.69324	2602.0537	62.735783	3364.9722	33.781727	3429.031	3318.532	287.0	1000.0	683999	37982.2	376024.78	477.03903	-115.9553	-381.39407	57.33605	5441.537189245224
1358.8782	656.2185	2187.8218	189.07191	546.12854	350.85052	1574.8839	210.97993	377.6	186.6	685999	37898.43	375195.47	475.26242	-152.87013	-380.45367	62.061	5456.120551586151
1292.1904	438.89023	2229.3657	978.78143	1533.8939	275.6675	2257.3015	1139.2101	353.83334	418.8	687999	37807.766	374297.94	477.9874	-160.35243	-379.52808	61.109257	5471.915103435516
1152.7716	296.10165	1760.9963	832.1256	884.08057	8.450494	896.2385	870.2242	319.0	261.1	689999	37700.17	373232.78	477.6628	-194.02502	-378.46274	58.71257	5486.392874956131
1170.4829	192.64241	1507.781	925.1096	890.5828	56.74775	958.9283	819.0176	325.33334	257.4	691999	37601.78	372258.72	479.95377	-128.149	-377.4064	52.21429	5500.236844778061
1019.776	67.34066	1095.3479	889.3697	1208.1418	24.926363	1269.9114	1172.4329	297.42856	322.2	693999	37412.523	370385.12	478.41934	-151.13063	-375.55377	54.621796	5515.457227945328
954.87244	147.11156	1237.2736	764.6823	835.8048	52.678448	959.6542	783.7714	272.2857	226.4	695999	37344.84	369715.03	474.58316	-167.49042	-374.94333	54.740543	5529.107667207718
835.67523	113.36265	996.13654	689.24396	1633.2361	384.36273	2361.4038	1213.071	242.0	430.5	697999	37370.0	369964.12	474.3098	-117.12243	-375.27747	52.078186	5544.866754055023
869.9382	191.27943	1096.1202	429.01834	1203.0521	77.994774	1301.3374	1034.7875	244.375	310.9	699999	37321.863	369487.6	474.0785	-186.75284	-374.6709	50.03775	5560.129720687866
785.8618	241.71648	1031.7672	143.98024	892.83203	64.60358	956.3467	781.405	224.44444	238.9	701999	37307.875	369349.12	477.54718	-123.26078	-374.52533	41.507984	5573.5490193367
954.85693	136.63571	1196.2104	772.58563	1687.9932	513.52	2360.8489	527.02856	260.75	450.5	703999	37330.805	369576.12	509.02048	-179.62917	-374.72424	41.691837	5589.582665920258
762.88873	322.22458	1311.6929	411.7691	439.4358	202.12929	553.5774	34.38664	217.88889	140.3	705999	37302.81	369298.97	471.89053	-204.22932	-374.35233	43.014126	5603.749615907669
1003.0293	214.72003	1264.7358	600.5572	1219.0973	103.10756	1340.0842	1032.6638	265.42856	309.1	707999	37296.375	369235.3	470.36505	-144.72098	-374.2107	36.619583	5618.4039759635925
1089.5997	234.60239	1544.822	864.49786	1283.0703	152.83467	1527.7349	970.282	286.57144	346.6	709999	37246.785	368744.4	472.46793	-125.12987	-373.7579	40.21829	5633.677088737488
1072.0316	498.15118	1685.6775	34.935944	160.72733	1.8940402	163.25487	157.54686	291.42856	93.9	711999	37311.984	369389.88	504.70328	-162.73294	-374.5125	38.45246	5646.296096801758
1003.598	615.4867	2283.3008	32.666172	836.88934	111.61628	1171.5488	794.49255	276.85715	254.0	713999	37288.81	369160.47	489.9535	-192.04793	-374.19168	39.28313	5660.5918872356415
1289.2858	230.54951	1608.2932	944.12866	1438.9044	97.99903	1656.3389	1357.5234	360.33334	356.6	715999	37304.824	369319.06	471.97775	-180.88097	-374.26205	37.065556	5676.081330537796
1549.964	516.3121	2294.8643	883.6454	3234.808	481.12723	3597.16	1806.2518	425.5	949.9	717999	37241.605	368693.2	473.28323	-106.90708	-373.67587	38.087345	5695.742006778717
1648.4609	471.95413	2379.5674	979.5503	745.64923	214.90071	1338.892	545.1796	454.8	215.2	719999	37215.47	368434.44	467.9572	-255.78079	-373.3293	38.09164	5710.443695068359
1867.2793	686.32324	2795.3777	1157.1926	1571.8812	177.7618	1852.19	1257.7961	514.6667	402.4	721999	37059.457	366889.88	462.43292	-155.85106	-371.6815	37.057964	5725.384578943253
433.70523	801.8183	2601.6047	7.219614	441.65936	392.35815	1580.4921	96.252235	167.64285	343.1	723999	37007.887	366379.38	461.4134	-128.79672	-371.2355	34.809437	5740.242221593857
501.55737	207.38197	712.3291	198.40178	528.2439	96.19304	816.755	493.4094	391.75	164.7	725999	36819.99	364519.16	461.17813	-175.07436	-369.385	34.94278	5753.7467312812805
678.73193	860.0767	3337.6653	70.04401	2052.2444	1444.6718	3345.9736	12.627622	209.66667	622.6	727999	36830.508	364623.28	460.34924	-133.1174	-369.55045	35.658028	5770.980997085571
793.01373	642.5523	1881.2781	12.092377	1905.6316	376.4382	2728.988	1268.6454	222.44444	511.6	729999	36756.566	363891.25	464.2988	-146.84435	-368.773	38.93835	5787.7616751194
536.89575	500.14322	1333.4952	9.474353	1463.2827	610.81635	2598.9727	945.41064	153.6923	416.0	731999	36625.1	362589.75	464.2365	-232.55531	-367.4307	40.91126	5803.781318426132
1037.0155	454.59595	1856.5681	649.35895	805.3706	38.03603	861.4509	755.18384	288.2857	226.5	733999	36487.96	361232.06	460.21664	-125.25635	-366.00262	43.126446	5818.560670137405
763.141	158.71924	1102.0427	435.42398	1061.1792	27.304663	1096.1293	1017.61554	215.11111	277.3	735999	36314.246	359512.3	460.80698	-164.99985	-364.3559	42.442375	5832.805106163025
797.297	189.41365	1073.5828	428.50134	813.40173	47.2035	873.4626	736.5587	221.33333	223.7	737999	36175.152	358135.34	457.47183	-172.78317	-363.02084	40.116394	5846.565043210983
984.86304	527.5125	2333.735	668.3119	667.327	4.5604916	677.619	662.27295	269.375	206.4	739999	36114.668	357536.56	468.92996	-149.50218	-362.422	44.040108	5861.0348291397095
920.13464	124.6605	1105.9718	745.54626	337.29434	3.9371884	345.3113	332.78265	244.625	119.5	741999	36110.64	357496.7	469.0341	-315.35846	-362.4388	40.241627	5874.890271425247
648.4284	78.48463	768.7471	532.7491	729.97546	12.637878	741.3963	704.7757	181.63637	199.2	743999	36265.76	359032.47	467.03522	-161.56714	-364.06195	39.052437	5888.083420276642
707.1375	147.21887	1128.3522	563.8372	763.9942	14.206489	782.9802	736.99133	196.5	202.5	745999	36321.71	359586.4	474.02762	-136.56343	-364.63205	36.778786	5902.633254289627
822.6614	130.39172	1028.5752	639.80664	1135.6477	27.109346	1179.7727	1079.0685	222.66667	304.3	747999	36388.957	360252.2	473.671	-129.74075	-365.3489	37.058353	5917.839402675629
758.0244	482.69684	1573.9117	97.081985	1001.31134	85.95317	1139.5702	890.0316	222.875	267.3	749999	36555.008	361896.1	478.3638	-185.9099	-367.06412	46.819183	5932.8403379917145
666.7643	349.60748	1194.0198	273.3919	1430.5128	179.51193	1952.6271	1333.0493	224.625	382.4	751999	36735.22	363680.12	465.50574	-101.053604	-368.82788	53.56104	5948.477939367294
1015.1412	803.0079	2595.9924	319.9015	781.4977	156.21779	878.8555	469.47244	302.42856	211.8	753999	36782.875	364151.94	467.09616	-135.78316	-369.26483	48.949867	5962.916620731354
1149.5671	226.01173	1579.5887	750.272	1076.578	83.35873	1164.7207	913.50885	296.25	277.7	755999	36793.625	364258.4	466.27692	-123.76055	-369.42462	51.66635	5978.013354301453
1332.4763	266.40018	1800.4736	1044.1951	3405.7317	310.3114	3539.2932	2476.569	346.0	968.4	757999	36944.645	365753.38	471.92737	-148.09013	-370.91745	50.77712	5997.739212036133
2598.068	1298.7952	3520.692	761.30096	3534.4238	41.97247	3616.9714	3478.3413	735.6667	1000.0	759999	37126.656	367555.3	468.17584	-156.18675	-372.70975	39.52915	6019.027004957199
1187.0957	436.07132	1613.2802	401.13766	1186.4055	79.064606	1421.4618	1134.7035	318.83334	337.1	761999	37230.883	368587.1	484.66678	-157.11829	-373.65408	39.447132	6034.56467795372
1195.142	149.50427	1418.65	1026.4082	1096.1375	55.478165	1172.2932	980.78973	352.6	288.5	763999	37117.875	367468.3	463.93408	-113.611275	-372.4537	41.319084	6049.929446220398
2386.0686	1060.7893	3497.7546	957.85724	543.38055	366.00827	954.6108	174.7162	667.3333	164.3	765999	37094.594	367237.8	462.6961	-95.741875	-372.1732	43.08281	6064.193199634552
1233.0852	303.76382	1690.8853	892.21246	1533.6481	705.15717	3640.9768	1182.1619	335.7143	393.6	767999	37071.68	367010.94	467.09253	-136.91235	-371.93475	47.67307	6079.876142978668
877.3404	165.85594	1134.0737	593.81366	3182.3743	611.06134	3581.0562	1987.6229	250.0	881.4	769999	36854.08	364856.72	475.61014	-146.19962	-369.80856	37.530327	6098.736000776291
1173.0798	581.6362	1733.946	65.55923	1487.006	763.6831	3478.5793	507.69214	321.0	424.7	771999	36763.05	363955.5	457.58554	-143.54095	-368.89307	46.22021	6114.993344783783
1220.9325	937.9712	2718.896	69.73284	72.310776	2.3734722	75.86891	69.50844	349.0	44.4	773999	36643.87	362775.7	459.4166	-140.98781	-367.731	36.837967	6128.383453845978
925.98206	596.5537	1717.7573	62.034943	1533.9325	75.41545	1745.3965	1460.9006	263.14285	402.8	775999	36555.68	361902.62	465.4015	-168.741	-366.80005	44.245735	6143.96563911438
1427.6687	194.24387	1698.58	1183.9653	1273.4124	16.837002	1301.6627	1254.1814	394.0	325.5	777999	36486.04	361213.2	482.5528	-174.90108	-366.17722	46.236095	6159.6985013484955
1534.991	537.55493	2350.4739	1049.4242	1179.138	145.19052	1493.6443	869.4543	406.5	318.0	779999	36518.383	361533.34	463.81622	-136.14775	-366.5702	41.87326	6174.025819778442
1186.61	493.36304	2445.2075	754.8575	1644.9705	195.79932	1927.1656	1367.2888	317.625	418.2	781999	36524.44	361593.38	468.4519	-111.32278	-366.55594	41.260937	6189.532467842102
1154.4917	362.08102	1893.8586	750.1448	1082.8138	84.21969	1295.5054	974.8224	311.16666	282.4	783999	36413.73	360497.38	469.64017	-159.89757	-365.4182	39.261353	6204.01858663559
704.28644	855.64496	2687.821	12.431844	854.0624	364.36755	1166.1747	250.46649	192.27272	239.3	785999	36349.043	359856.97	469.01773	-143.01361	-364.787	42.967888	6217.988925695419
942.80066	314.73044	1359.6765	247.21336	1347.5022	705.1925	3460.6057	1082.7837	259.0	364.6	787999	36250.61	358882.5	474.97263	-142.84239	-363.82803	50.43612	6233.066565275192
961.29333	331.2626	1295.2781	229.24104	948.98914	340.18265	1309.3632	238.76578	260.875	291.4	789999	36290.266	359275.1	457.71466	-137.96237	-364.28125	46.515907	6247.987000465393
560.003	395.05673	1060.4813	18.43346	45.43299	0.72918785	46.106445	43.83376	183.6	34.8	791999	36344.402	359811.03	467.923	-91.77451	-364.941	52.637203	6260.2232031822205
1587.0039	744.15466	2320.2134	365.08377	2177.7683	904.64703	3535.1365	1386.3262	522.75	600.7	793999	36507.508	361425.75	458.55527	-123.501785	-366.56018	48.89573	6277.649653196335
1085.9988	247.76892	1687.8016	926.4762	1825.6	798.33026	3473.52	1260.4695	297.14285	489.6	795999	36587.164	362214.38	461.13278	-125.74393	-367.34106	45.559124	6293.777271747589
1991.2013	511.94904	2402.1516	1269.5115	1835.9554	181.71217	2056.537	1483.564	561.3333	475.5	797999	36650.496	362841.38	467.28635	-108.852646	-367.9025	44.979866	6310.078202724457
1461.668	804.58075	3177.9211	641.20874	3544.8625	6.5627804	3554.3562	3534.474	406.16666	1000.0	799999	36686.734	363200.1	463.25598	-129.7633	-368.28418	44.52042	6330.752182006836
1666.6826	1099.9141	3556.5984	837.56256	928.4642	41.848503	1005.6429	873.87506	461.5	250.7	801999	36840.035	364717.72	462.71274	-118.910286	-369.84235	53.35467	6346.07239985466
1049.4138	419.51083	1542.2645	311.16623	1205.1455	192.5895	1694.005	1055.1588	288.57144	304.0	803999	36871.066	365024.94	466.1768	-121.11654	-370.1124	41.080856	6361.126640796661
1322.9001	487.25986	2237.793	774.9554	912.4302	458.83298	1374.6267	39.377117	348.2	236.1	805999	36915.51	365464.94	466.86963	-138.13725	-370.52435	44.036022	6375.074600934982
1671.0427	779.0767	2968.044	802.4458	2161.8271	1569.0027	3495.2646	52.47213	451.4	644.6	807999	37009.184	366392.28	473.0886	-172.3413	-371.54437	43.29328	6392.952723264694
732.4971	806.24567	2204.3616	59.752895	1792.2133	842.2907	3551.041	702.56104	209.7	514.4	809999	37194.176	368223.7	474.95465	-166.20944	-373.3738	42.274757	6409.859525918961
1105.2345	664.36566	1902.705	231.19894	940.5555	260.32574	1242.9869	283.7839	313.16666	289.8	811999	37222.145	368500.6	475.23782	-101.93359	-373.61652	37.493656	6424.793256521225
1150.3881	123.83856	1377.4617	973.03394	1344.1266	120.98414	1680.1932	1252.6614	314.16666	351.9	813999	37249.277	368769.25	505.28308	-200.09557	-373.89825	50.101883	6440.3353152275085
1635.5526	759.13776	3140.4412	1095.0205	3648.3804	12.979685	3676.849	3631.4639	439.4	1000.0	815999	37284.71	369120.0	479.5003	-112.60595	-374.32056	39.276188	6461.62526679039
508.5773	669.96173	2086.898	25.249838	3474.03	431.468	3646.5198	2180.8926	148.07692	957.6	817999	37342.617	369693.3	482.58005	-128.30087	-374.87357	43.3617	6482.391843795776
3577.9731	2.9139404	3580.8872	3575.0593	3249.612	290.52008	3605.1528	2550.1143	1000.0	950.5	819999	37396.656	370228.34	484.4649	-126.566895	-375.47775	44.201637	6502.455891132355
1095.5513	174.72322	1370.6952	899.6152	1172.9963	172.20499	1534.594	982.2382	296.5	332.2	821999	37585.547	372098.3	487.94275	-183.39664	-377.40405	45.829906	6517.9196610450745
1670.9657	948.821	3638.1064	710.5355	875.49915	124.16749	1247.5763	825.9893	469.16666	280.8	823999	37617.414	372413.78	486.84845	-93.8506	-377.6358	41.983864	6531.90628862381
2212.4167	1001.83594	3450.9717	997.3212	1390.0756	695.56226	3445.5366	1012.36786	659.6667	391.3	825999	37731.98	373548.0	487.30804	-102.62717	-378.67853	46.880707	6547.164622068405
1754.0619	897.41046	2985.624	872.8389	2546.0781	917.34326	3209.1052	860.727	506.33334	824.7	827999	37701.77	373248.97	485.53558	-105.95488	-378.34106	45.93878	6567.646812677383
1648.1295	846.6616	2951.0815	654.25714	732.5524	292.51108	1197.1895	302.59067	493.8	234.1	829999	37796.684	374188.56	485.06946	-109.534134	-379.2603	44.446495	6582.3382132053375
1641.7761	755.27576	2830.0679	871.1739	2414.5728	905.2827	3376.845	327.36035	453.25	730.9	831999	37781.27	374035.94	488.0393	-94.6022	-379.0724	43.307594	6600.871805906296
1272.0806	485.44708	2058.1277	533.3771	2203.1882	882.02844	3433.643	1331.4772	391.16666	617.3	833999	37711.613	373346.34	497.62146	-116.01697	-378.3682	51.385937	6618.690379142761
778.5299	512.1241	1975.0746	254.74033	854.55597	187.51347	1288.0476	712.6715	265.7143	273.5	835999	37825.91	374477.88	497.61502	-214.92526	-379.66833	52.62118	6633.4933524131775
2199.1704	438.22983	2815.2622	1832.89	1404.6622	743.22156	3419.0574	961.88916	623.6667	446.3	837999	38069.76	376892.0	496.93005	-135.9343	-382.0663	48.23814	6649.440672636032
1422.469	104.48692	1556.0637	1295.6576	2913.5906	637.6704	3423.9888	1809.5428	412.75	837.7	839999	38191.133	378093.53	492.8159	-158.39798	-383.27426	47.79037	6669.049517631531
2540.7998	1180.3032	3435.9304	873.09937	2793.3594	1165.093	3589.3616	894.94354	718.6667	785.9	841999	38324.99	379418.7	482.6971	-157.8699	-384.62723	50.933903	6688.491249322891
2206.6445	78.459076	2279.4302	2097.723	1970.1238	314.42334	2497.6184	1612.5897	609.0	542.0	843999	38525.254	381401.28	481.68964	-184.08238	-386.54538	47.275455	6704.774648666382
2958.4316	391.53198	3349.9636	2566.8997	3525.268	21.09248	3553.961	3491.787	860.5	1000.0	845999	38694.42	383075.97	513.9144	-156.21527	-388.23328	43.66281	6725.774634838104
3409.63	60.14138	3470.2512	3327.6543	3591.252	6.033509	3601.1316	3584.1885	972.6667	1000.0	847999	38905.586	385166.4	478.18152	-169.27357	-390.30826	49.70366	6746.537406682968
1224.6666	328.99377	1629.5022	586.3479	2846.4224	1018.21643	3705.9583	1370.3479	325.66666	769.1	849999	38972.55	385829.34	478.02426	-121.85034	-391.03	44.634495	6764.952791213989
1662.7266	986.50964	2619.0034	30.166656	3554.6616	11.234834	3570.554	3534.9048	458.5	1000.0	851999	38987.8	385980.3	474.53418	-131.60498	-391.06808	43.523746	6786.219758272171
1415.1295	555.4158	2202.4001	514.7144	2638.5393	811.92694	3690.6638	1796.8136	393.0	715.2	853999	38976.39	385867.4	471.96634	-262.21362	-391.0297	45.11228	6804.777095556259
2401.9297	940.262	3579.9287	1278.7225	3002.5386	928.5621	3574.2703	1201.5049	665.3333	841.6	855999	39069.285	386787.06	475.24414	-189.47499	-391.92554	38.60334	6824.234068870544
1854.7498	623.1356	2493.6138	1055.5142	871.0128	88.9096	1020.3155	781.71136	507.0	240.3	857999	39124.113	387329.8	474.85056	-247.03267	-392.41815	40.621857	6838.404023647308
1119.3281	292.57855	1543.7284	669.0455	2921.1562	619.23474	3502.342	2135.869	315.16666	830.8	859999	38950.227	385608.38	472.469	-163.4214	-390.7153	33.44818	6858.6837594509125
1275.6207	333.27087	1852.7511	893.302	645.8065	75.134125	844.0545	590.5451	352.83334	205.2	861999	38853.45	384650.25	469.7622	-179.22627	-389.66476	36.87918	6872.07009601593
1259.2079	516.4945	2299.0623	678.4255	1478.469	907.3027	3719.2568	430.36942	349.66666	420.5	863999	38771.062	383834.66	470.63156	-164.33374	-388.83725	39.977318	6887.668785810471
1299.0502	707.01764	2650.405	759.43256	810.4686	372.61597	1621.1254	537.81067	362.8	244.2	865999	38696.035	383091.84	467.97293	-165.7544	-388.03583	37.912876	6902.527506351471
1173.3873	323.30716	1607.3849	765.07935	1641.3698	624.1442	2838.8066	1089.8883	317.2857	458.6	867999	38631.305	382451.03	472.75134	-169.61794	-387.46445	41.494946	6919.260140657425
1175.5618	170.88449	1371.2161	872.45087	412.94586	4.7905273	426.73743	409.33868	320.0	139.1	869999	38572.42	381868.1	473.3039	-276.8092	-386.82294	37.308147	6932.967876434326
1051.6569	390.42358	1846.3951	423.53342	1154.369	71.90156	1362.572	1104.2511	292.2857	308.4	871999	38574.117	381884.88	469.74677	-243.71164	-386.89764	37.876236	6947.911224126816
939.50946	237.2841	1340.2872	545.5547	1138.2112	51.543	1199.379	1002.9606	259.25	300.5	873999	38522.1	381369.94	472.068	-104.40591	-386.35342	42.77697	6962.315502405167
815.3933	143.62048	1061.8159	628.24805	502.43497	55.978806	605.67664	422.47586	227.33333	150.9	875999	38435.164	380509.25	468.15338	-119.997154	-385.49487	37.253574	6976.381504058838
552.946	252.98955	778.88715	18.746277	819.63104	51.521164	899.1573	746.75275	165.58333	236.9	877999	38289.824	379070.4	475.01514	-128.6089	-384.0367	39.831413	6990.83345746994
832.6662	151.2597	1068.7908	666.353	951.3372	7.2654195	964.964	941.0138	228.57143	240.8	879999	38146.0	377646.56	472.66568	-186.1735	-382.58063	40.970173	7005.63826417923
2327.595	914.15265	3598.3665	1486.3759	3562.439	30.608456	3619.144	3519.1606	633.3333	1000.0	881999	38196.605	378147.6	472.43372	-150.67296	-383.15906	39.539696	7025.35949420929
2038.3208	854.2874	2921.9536	996.9894	578.517	200.01186	769.97626	176.61281	556.5	187.7	883999	38348.81	379654.38	473.52747	-137.98973	-384.7704	43.126026	7039.141923427582
1684.345	1068.5854	3534.7258	1037.8098	1329.6558	123.25921	1597.0209	1218.6929	473.5	340.4	885999	38553.67	381682.5	471.46936	-159.59138	-386.88168	36.98389	7054.380226135254
1411.6349	779.42126	2933.3535	831.3558	3605.016	6.233748	3615.7131	3593.1262	383.0	1000.0	887999	38655.395	382689.6	475.72437	-118.72003	-387.77814	39.986187	7075.125302553177
1303.4646	921.0372	3535.5203	769.8531	830.0319	223.09521	1054.4883	331.13855	353.14285	223.1	889999	38734.664	383474.3	610.5795	-141.13571	-388.50198	44.66809	7089.211219787598
892.6179	439.0383	1796.1602	90.04481	879.7656	55.986076	1016.81775	829.4931	240.5	233.9	891999	38661.387	382748.84	470.52414	-182.18977	-387.72913	47.188236	7103.353202342987
926.03436	586.772	2049.2593	98.06545	1968.7357	593.15955	3152.318	1057.8298	252.33333	523.9	893999	38586.863	382011.06	469.01587	-163.48337	-386.95325	41.189236	7120.3510773181915
2044.6133	628.96375	3054.6877	1331.7961	3258.5676	32.627506	3310.5422	3210.3684	552.5	1000.0	895999	38558.957	381734.8	467.25443	-211.99333	-386.66818	41.791077	7141.006065130234
2016.2252	756.6338	3323.4087	1520.6608	3509.5547	18.433086	3538.551	3470.602	579.75	1000.0	897999	38460.906	380764.12	507.89813	-230.84984	-385.65762	34.545906	7162.054244041443
3429.2124	30.091064	3459.3035	3399.1213	3556.3286	22.171265	3590.7798	3523.1184	975.5	1000.0	899999	38372.086	379884.78	464.8615	-151.56007	-384.7461	34.858147	7182.428314208984
2213.1267	1067.2592	3494.7043	881.87976	3415.0952	24.817425	3469.9468	3376.109	640.6667	1000.0	901999	38365.344	379818.03	460.96295	-199.4299	-384.6973	37.45176	7202.470675230026
1824.4302	738.932	2750.7942	683.8772	3125.9915	397.63193	3453.6858	2308.9707	512.5	899.3	903999	38364.977	379814.34	460.41376	-115.25065	-384.705	32.972187	7222.36865067482
2142.5881	257.78528	2383.2104	1785.0945	1307.2897	98.00107	1509.7699	1236.6641	592.3333	340.7	905999	38364.973	379814.28	462.08023	-150.71729	-384.66907	36.410954	7237.805690765381
1221.2446	340.86737	1802.0778	683.6422	2230.8518	538.9635	2953.5935	1415.7921	343.16666	612.1	907999	38358.37	379748.9	461.41	-171.59381	-384.6309	37.660892	7255.442059278488
1334.7843	605.88055	2226.0889	329.06458	326.63483	15.394528	347.6134	305.54858	375.0	131.3	909999	38329.633	379464.38	461.74976	-212.51772	-384.316	39.36967	7269.151095151901
1030.559	542.59247	1623.6405	211.93289	205.86356	2.6488473	208.07062	199.55406	292.7143	91.6	911999	38227.027	378448.66	462.18546	-136.39969	-383.28812	44.066868	7281.699796915054
1057.8961	287.5019	1430.0009	505.21048	979.25256	65.03136	1065.8539	884.70306	286.42856	265.2	913999	38189.445	378076.56	462.05356	-152.7212	-382.92047	45.993427	7296.616065263748
847.0907	427.9147	1311.3027	118.49631	1723.0111	245.73366	2349.784	1502.1157	229.75	446.8	915999	38195.625	378137.7	462.7929	-201.04059	-383.0115	40.54855	7312.12295460701
1183.7043	204.91833	1426.9038	903.6142	1359.253	25.53356	1384.9541	1288.5638	323.33334	357.9	917999	38142.105	377607.9	460.39633	-147.67134	-382.4579	40.52514	7326.568998336792
1242.326	553.043	2056.6711	291.6106	1118.0077	166.05174	1380.5966	679.0813	348.66666	290.7	919999	38074.027	376933.9	461.13693	-129.67384	-381.72437	32.08606	7340.249540805817
938.36633	257.01996	1317.312	428.06094	1417.1986	191.23001	1962.448	1259.4724	260.0	363.7	921999	37963.605	375840.78	455.94272	-158.01482	-380.67026	43.335453	7355.385401725769
1226.4124	236.68051	1538.7454	837.1639	2435.3364	799.68274	3908.4436	1485.1149	322.2	632.5	923999	37837.457	374591.9	457.20923	-137.93448	-379.35663	34.56021	7372.742701292038
1366.6913	362.1115	1991.5865	953.1119	1792.8086	308.5459	2067.5352	1003.54175	366.16666	478.4	925999	37783.2	374054.75	458.0882	-170.80191	-378.80316	34.8084	7389.917960643768
1298.2056	557.6302	2443.3835	711.3508	1092.3984	100.891174	1303.3656	938.3226	355.0	287.8	927999	37678.316	373016.44	459.9357	-121.167915	-377.8242	43.718765	7405.740959882736
890.4953	94.7788	1031.1776	749.11646	1976.8389	962.3284	3623.5977	977.321	241.625	530.2	929999	37553.695	371782.7	456.86893	-109.60362	-376.56125	30.956001	7422.6158583164215
1307.0983	494.76138	2172.0476	711.5477	1046.0929	16.792463	1068.9956	1016.18353	350.33334	278.8	931999	37562.008	371865.03	459.25696	-73.45521	-376.628	28.842121	7436.694435834885
935.86163	149.79318	1153.3143	763.34705	847.09436	30.706053	878.6777	765.6721	254.25	234.9	933999	37428.957	370547.84	458.45782	-162.36351	-375.20282	31.063444	7451.369333982468
730.2083	491.64716	1344.4113	9.193612	1139.6477	86.70216	1304.7722	1045.8314	206.11111	302.1	935999	37387.395	370136.38	456.55487	-143.34175	-374.81128	29.174011	7466.144220590591
807.95605	291.30988	1026.2307	48.759857	1265.5472	581.4206	3003.8542	1005.27716	220.11111	338.9	937999	37259.55	368870.75	461.66083	-146.16971	-373.5475	35.391277	7480.391603946686
1164.3206	273.9777	1621.7953	853.66864	1019.3713	76.50771	1140.8282	931.32	305.0	300.3	939999	37183.03	368113.22	461.91162	-154.55896	-372.82504	29.70401	7495.359609365463
1492.928	844.0178	3067.6667	757.79083	3455.9219	17.231752	3483.9841	3428.2979	413.6	1000.0	941999	37104.23	367333.1	466.083	-225.50488	-372.03757	36.200947	7514.986950159073
1620.0549	883.2104	3072.3215	897.76105	2628.5962	576.8822	3662.8853	1996.1649	438.75	711.1	943999	37190.906	368191.16	455.58173	-206.09401	-372.98386	32.465874	7533.216598749161
904.68243	647.11487	2840.3738	589.81024	1521.4592	329.09595	2008.4558	1075.5592	255.2	393.9	945999	37089.164	367183.97	461.34537	-115.03512	-371.8805	25.44843	7548.5295650959015
700.6701	135.40488	1017.00336	524.905	802.1715	40.174065	835.4084	717.4675	198.5	218.9	947999	36860.207	364917.3	464.0631	-96.28946	-369.61487	30.18651	7562.448256492615
728.3971	56.53831	823.13824	639.3452	1280.99	82.484726	1393.8279	1077.2278	203.88889	335.2	949999	36651.785	362854.0	469.5434	-180.50156	-367.48322	28.111664	7577.325697898865
1114.9855	188.91908	1547.9587	945.4152	673.12775	54.491055	835.74493	646.08624	302.7143	210.7	951999	36517.09	361520.53	461.5283	-88.50926	-366.13318	25.338755	7588.419424057007
920.708	118.60987	1068.9521	654.9865	841.576	18.75033	869.9238	814.29456	256.125	233.4	953999	36399.047	360351.94	455.13492	-138.96382	-364.97986	31.219917	7598.799379825592
957.9796	109.518234	1177.4944	816.1153	916.06555	30.99846	970.2896	862.7223	263.57144	251.6	955999	36350.434	359870.66	450.3825	-217.35977	-364.55145	26.792027	7609.7981650829315
915.5947	93.063736	1034.604	724.6679	889.05585	36.031536	942.2474	814.3427	252.875	245.4	957999	36268.87	359063.22	454.44376	-93.51732	-363.72812	26.17966	7620.733069181442
969.6517	194.46779	1238.0105	683.6526	929.76154	27.911339	985.04297	887.1179	264.5	249.8	959999	36245.67	358833.56	467.98676	-154.77045	-363.47977	25.524504	7630.7890503406525
1024.5955	121.580376	1119.0161	736.27026	1748.3914	167.77647	1906.5869	1307.8895	273.2857	451.2	961999	36199.24	358373.88	458.4838	-122.05192	-363.0207	29.379879	7643.096511602402
989.0238	321.46002	1396.9458	286.88052	192.84935	5.59862	201.5684	184.98576	273.0	91.1	963999	36272.484	359099.0	464.26794	-161.37566	-363.75043	26.941534	7653.333011388779
796.6031	563.628	1718.8976	179.39714	1155.2866	12.288987	1174.3602	1140.7471	226.0	307.9	965999	36150.566	357892.06	456.34366	-91.42778	-362.51617	30.987892	7665.100334882736
1315.2347	307.4285	1882.1399	1061.7622	778.034	90.8546	1036.3036	710.666	351.5	216.8	967999	36195.367	358335.56	456.57092	-194.71506	-362.99005	29.337543	7675.812094449997
1295.524	302.74142	1620.0388	733.3502	3499.974	9.51948	3512.4727	3481.4563	343.16666	1000.0	969999	36191.14	358293.72	456.59778	-114.74315	-362.99405	31.351439	7691.177814483643
1370.4186	223.70018	1799.187	1179.0283	2349.533	752.38544	3666.3623	1531.3977	360.4	622.0	971999	36221.53	358594.6	458.6223	-121.79742	-363.31528	24.541317	7704.8113787174225
1160.7498	132.35709	1374.2988	1016.4429	1769.8912	1129.0581	3682.2693	929.2364	313.0	480.4	973999	36345.004	359816.94	455.8069	-198.92807	-364.58032	32.45952	7716.169249534607
1522.7811	466.93256	2358.8533	911.4126	1986.9323	618.9664	3514.0994	1559.8169	406.6	534.9	975999	36487.605	361228.7	457.9015	-105.58478	-365.95923	30.589382	7729.175697088242
1957.0562	536.2184	2487.6838	1163.9976	989.7057	69.18149	1100.8093	887.66205	521.75	263.3	977999	36613.465	362474.7	458.9869	-109.84187	-367.16125	27.913425	7740.4600393772125
1429.8981	493.4541	1888.0148	684.3868	1031.1746	176.26466	1404.1088	845.1029	369.4	267.8	979999	36716.402	363493.75	457.94604	-113.44587	-368.2054	26.541399	7751.732913732529
2322.3005	938.5669	3554.5044	1278.8616	1371.1556	112.404305	1603.4996	1192.62	631.0	335.8	981999	36731.305	363641.28	457.39078	-124.595505	-368.34146	27.661098	7763.496317386627
1837.1758	884.07434	3507.46	1086.8961	3106.314	728.2744	3511.4963	1555.46	492.6	881.3	983999	36740.37	363731.03	458.073	-114.50235	-368.46844	30.610762	7778.816161394119
1138.8304	348.94623	1678.4707	743.4958	2312.7668	1283.5065	3657.3613	911.0048	299.5	632.7	985999	36699.39	363325.3	458.46518	-150.51344	-367.99945	24.95191	7791.244446277618
1006.8524	386.62735	1901.444	701.11017	873.0337	68.52915	924.861	735.8527	274.0	228.7	987999	36610.633	362446.7	457.5967	-148.43553	-367.1738	29.476246	7801.321398496628
712.1921	257.72583	1085.0422	102.74461	2219.5112	1243.2986	3655.3247	783.7418	194.22223	591.1	989999	36551.676	361863.0	458.15372	-105.62264	-366.5717	25.100456	7811.978876829147
3446.7349	46.608765	3493.3438	3400.1262	3282.6707	721.9191	3567.6665	1118.3019	1000.0	928.7	991999	36635.805	362695.88	458.20535	-153.05072	-367.39993	28.959942	7823.224026441574
1581.8779	998.10504	3509.4915	847.8076	3431.45	8.239923	3445.1755	3419.2996	435.0	1000.0	993999	36794.902	364270.9	457.22968	-215.59006	-368.9101	24.370132	7834.801419496536
1088.5288	663.46387	2592.5063	521.204	910.64453	51.99739	977.0851	822.17804	299.57144	237.5	995999	36760.805	363933.34	456.65634	-186.97716	-368.59476	20.36414	7843.175711393356
779.43494	679.90594	2073.271	102.61307	1218.2903	277.5484	1940.1445	1027.7285	224.625	339.1	997999	36670.344	363037.78	459.59442	-208.25018	-367.6943	24.18526	7851.949465513229
1857.8124	1077.7389	3342.4082	816.7449	2667.8872	644.86664	3516.3835	1695.6796	544.3333	724.2	999999	36572.113	362065.38	460.25064	-123.135216	-366.73007	27.675259	7862.3511736392975
