AverageEpRet	StdEpRet	MaxEpRet	MinEpRet	AverageTestEpRet	StdTestEpRet	MaxTestEpRet	MinTestEpRet	EpLen	TestEpLen	TotalEnvInteracts	Q1Vals	Q2Vals	LossQ1	LossQ2	LossAC	AverageC	StdC	MaxC	MinC	StepsPerSecond	Time
-325.34668	15.010971	-310.3357	-340.35764	-93.830124	1.1630955	-92.173225	-95.414566	1000.0	1000.0	2000	1.5457147	1.5451467	0.05163958	0.0510184	-2.4648995	2245.017	6827.376	56386.754	0.4869003	8838.908	19.366345643997192
-249.14355	32.999725	-216.14383	-282.14328	-95.778824	1.0752224	-94.28532	-97.33939	1000.0	1000.0	4000	5.5444837	5.544321	0.17165022	0.17673445	-6.5279527	2279.4158	13857.841	141779.02	2.6899958	8246.942	47.365376234054565
-251.73006	37.697098	-214.03296	-289.42715	-96.38143	0.9953436	-94.81842	-98.074776	1000.0	1000.0	6000	15.746835	15.746296	0.3621896	0.35669672	-18.049965	712.637	741.2811	6230.1753	21.580688	8330.563	75.37821006774902
-267.04803	45.89962	-221.14842	-312.94766	-96.145096	2.070805	-93.79849	-100.08067	1000.0	1000.0	8000	39.167877	39.167347	0.78719664	0.77904606	-42.86153	114.59771	127.00703	1271.3396	4.0933123	8237.417	103.3423683643341
-282.67023	180.40485	-102.265366	-463.07507	-55.318535	48.733585	15.415046	-118.94558	1000.0	1000.0	10000	69.98638	69.985214	1.7368696	1.7261541	-74.007935	261.7839	1000.3154	18671.824	5.83893	8216.4	131.6068470478058
-31.025454	66.40112	35.375668	-97.426575	-185.90263	109.99008	-21.14851	-389.7704	1000.0	1000.0	12000	102.86374	102.86291	2.4103892	2.4029415	-107.97378	980.0574	2059.136	16833.576	7.671811	1752.644	160.37603974342346
-137.21521	40.89626	-96.31895	-178.11147	-131.51431	43.591133	-60.030056	-218.58058	1000.0	1000.0	14000	134.96727	134.96692	3.115358	3.0907485	-140.80475	15121.616	25302.908	163512.44	8.730646	1755.0737	189.5504117012024
-102.430984	0.42251205	-102.00847	-102.85349	-101.71867	1.9244871	-98.12487	-104.52972	1000.0	1000.0	16000	177.8378	177.8362	3.7990038	3.8754332	-184.51747	1515.7985	2522.758	21339.252	10.944709	1711.574	218.5743372440338
-94.26448	0.08588028	-94.1786	-94.35036	-101.79268	1.5542989	-99.01047	-103.79897	1000.0	1000.0	18000	226.63927	226.63864	4.0422277	4.1071434	-233.56177	1000.8669	2372.4224	33368.094	10.375128	1742.666	247.38065361976624
-101.84804	0.19216156	-101.655876	-102.0402	-102.54077	3.6311715	-98.9319	-111.64733	1000.0	1000.0	20000	271.5323	271.53253	4.012799	3.9506528	-278.2882	640.64386	2017.9816	31227.33	12.262046	1741.6725	276.3692715167999
-101.60993	1.2393799	-100.37055	-102.84931	-100.94658	2.1356435	-97.30554	-104.487	1000.0	1000.0	22000	312.92548	312.92493	4.1884093	4.1306725	-319.77142	170.10594	1065.2759	21658.148	11.087833	1722.7218	305.3995566368103
-106.12137	3.8473625	-102.27401	-109.968735	-103.37699	26.753124	-54.51265	-141.63472	1000.0	1000.0	24000	350.48077	350.4803	4.2950625	4.33102	-357.1994	64.53651	206.86346	6414.119	9.27686	1725.8365	334.2159662246704
-82.91031	24.329412	-58.5809	-107.23972	-115.46753	31.586721	-62.16702	-171.97627	1000.0	1000.0	26000	380.8434	380.84274	4.294714	4.3219132	-387.4319	58.93085	248.9003	6133.8853	7.781346	1757.488	363.01165103912354
-71.15985	10.479296	-60.680553	-81.639145	-77.11216	24.782743	-31.13284	-101.54018	1000.0	1000.0	28000	411.82437	411.8242	4.127515	4.1606903	-418.7948	52.206654	103.98213	2730.1309	7.1971607	1722.4458	392.01993203163147
-67.67041	22.665005	-45.0054	-90.33541	-82.4983	15.234939	-61.515755	-100.24969	1000.0	1000.0	30000	439.93777	439.93777	4.28037	4.2826037	-447.15546	46.01349	114.2475	2703.3167	6.799915	1756.7725	420.9879651069641
-87.24452	14.149914	-73.094604	-101.39443	-84.37201	24.829153	-36.651794	-117.115814	1000.0	1000.0	32000	469.6829	469.68118	4.4032674	4.487794	-477.53857	57.454227	266.9657	10637.87	6.0872087	1742.1627	449.84709644317627
-71.656944	30.413574	-41.24337	-102.07052	-94.78325	9.389704	-71.42815	-104.681725	1000.0	1000.0	34000	502.76254	502.76276	4.623947	4.696355	-511.28555	88.976204	612.8054	12951.046	8.14354	1745.1842	478.7330150604248
-98.233505	3.1345558	-95.098946	-101.36806	-100.19605	3.7378228	-94.36446	-105.53195	1000.0	1000.0	36000	539.3912	539.39087	4.7340508	4.840347	-548.9209	41.981514	47.183662	1799.9678	10.234923	1739.7196	507.7101547718048
-54.62042	21.04942	-33.571	-75.66984	-101.956154	19.400122	-69.13865	-141.68921	1000.0	1000.0	38000	583.3851	583.3848	5.139423	5.137958	-594.4938	40.506985	22.16762	439.2371	11.099518	1762.7742	536.6030323505402
-86.21173	17.50137	-68.710365	-103.713104	-101.02998	4.627198	-87.33697	-103.69198	1000.0	1000.0	40000	637.95087	637.9494	5.8550334	6.126198	-650.4521	39.44953	16.626822	267.58014	9.346962	1751.1385	565.5311720371246
-124.308495	22.707146	-101.60135	-147.01564	-95.89778	12.350263	-68.586975	-103.6336	1000.0	1000.0	42000	704.1395	704.1395	6.705636	6.7373967	-718.5535	38.67687	28.073925	1134.4875	10.515332	1728.3616	594.3723797798157
-88.65983	32.857048	-55.80278	-121.51688	-99.52394	3.2403572	-94.440445	-103.95898	1000.0	1000.0	44000	790.12573	790.12396	7.7918625	8.175732	-807.69867	42.171272	18.525856	393.41364	10.515332	1665.6721	625.389321565628
-94.753784	1.6739616	-93.07982	-96.42774	-101.18208	8.308432	-94.26232	-124.055916	1000.0	1000.0	46000	894.18695	894.18677	9.784372	9.519062	-914.19635	43.86736	18.542707	96.0634	11.473395	1752.1283	654.3490300178528
-103.129295	0.1064682	-103.02283	-103.23576	-99.59291	3.5919416	-92.85513	-103.21699	1000.0	1000.0	48000	1007.92426	1007.9232	10.886596	11.185049	-1029.9047	170.6187	1416.591	39253.55	12.618399	1729.907	683.3534078598022
-99.59822	3.2538185	-96.344406	-102.85204	-98.755745	4.2926984	-90.68584	-103.07105	1000.0	1000.0	50000	1127.6561	1127.6553	12.334264	12.566854	-1151.1077	325.49796	1901.8473	38508.664	16.357183	1744.8843	712.3208613395691
-102.96245	0.29616547	-102.66628	-103.25861	-100.71854	3.451482	-94.77972	-104.72052	1000.0	1000.0	52000	1250.8422	1250.8408	14.184703	15.229789	-1275.5116	837.27515	3863.62	69951.125	12.852073	1728.6216	741.3362410068512
-94.87512	0.63615036	-94.23897	-95.51127	702.50354	234.88127	982.14026	267.51913	1000.0	1000.0	54000	1385.0375	1385.0345	16.856468	17.211672	-1413.6248	160.06917	955.3121	20034.277	16.357183	1742.6704	770.0314018726349
-26.586567	55.82944	29.242874	-82.41601	-98.43994	3.5129766	-93.69246	-102.95331	1000.0	1000.0	56000	1538.7954	1538.794	20.613571	21.15726	-1570.2661	220.00352	1479.1079	38888.598	17.852697	1773.3108	798.6126072406769
-92.16368	3.6463585	-88.51732	-95.810036	-87.93551	19.477652	-30.005686	-98.66695	1000.0	1000.0	58000	1699.6488	1699.649	21.731411	22.868961	-1733.4797	92.03669	219.17245	9711.82	19.62862	1738.4576	827.579464673996
-5.1605988	153.55733	148.39673	-158.71793	664.2694	372.42236	950.9736	-423.7579	1000.0	1000.0	60000	1875.458	1875.4554	28.274893	29.329317	-1914.326	154.0412	1179.044	28974.834	20.563316	1794.3265	856.3397850990295
485.71793	371.84213	857.56006	113.875786	840.48975	105.63446	1061.9083	662.1439	1000.0	1000.0	62000	2099.6577	2099.6572	34.299053	34.82312	-2145.546	139.69453	51.666225	311.53424	28.975582	1833.7134	885.4531965255737
482.14017	315.59793	797.7381	166.54224	825.6559	97.37252	932.7434	672.7181	1000.0	1000.0	64000	2346.4941	2346.4932	39.826065	40.808735	-2396.102	151.184	518.1422	23027.549	31.77967	1806.1798	914.6386094093323
-126.820145	195.86514	69.045006	-322.6853	7.5802064	513.6692	988.4305	-389.01166	1000.0	1000.0	66000	2625.1995	2625.1992	49.17962	49.60286	-2682.886	180.88672	1121.8746	39644.3	38.789894	1818.0475	943.1300530433655
325.40475	518.7615	844.16626	-193.35674	850.9505	66.596886	952.9282	725.68207	1000.0	1000.0	68000	2959.336	2959.3376	60.55315	60.6474	-3024.989	179.2302	570.3521	20574.719	37.10744	1819.7849	971.7600355148315
964.3384	10.451691	974.79004	953.88666	781.4966	88.2183	961.96814	670.99445	1000.0	1000.0	70000	3316.8467	3316.843	73.17513	75.07483	-3386.875	212.59352	1027.8203	44431.53	49.5389	1830.2874	1000.4732444286346
612.30676	20.164429	632.4712	592.14233	799.3115	73.37276	958.24207	678.70233	1000.0	1000.0	72000	3715.728	3715.7288	86.763824	89.026436	-3795.9473	356.80734	2300.015	70156.336	52.903805	1827.4408	1029.215914964676
852.1727	121.80231	973.97504	730.3704	72.64369	379.72943	947.43677	-291.59	1000.0	1000.0	74000	4147.23	4147.227	96.38646	97.02102	-4230.936	418.67358	2145.2795	68664.46	84.590004	1774.8135	1058.525356054306
172.90565	562.8804	735.786	-389.9747	719.69885	225.73192	950.0749	106.05981	1000.0	1000.0	76000	4562.335	4562.339	110.857704	111.327736	-4651.057	5012.473	29448.746	442059.97	92.53493	1826.875	1087.1968760490417
760.22253	29.337982	789.5605	730.8845	23.847845	262.1853	621.50037	-269.7809	1000.0	1000.0	78000	5004.082	5004.081	128.49207	128.51888	-5100.038	11633.722	26096.227	265716.94	106.55537	1829.514	1115.7650637626648
872.757	89.98541	962.74243	782.7716	814.73	63.131134	915.186	689.444	1000.0	1000.0	80000	5487.218	5487.219	161.84465	162.59056	-5592.5947	904.77435	5552.5513	117935.1	108.42476	1823.1721	1144.480702638626
821.82056	109.07446	930.895	712.7461	744.20996	128.7152	913.4879	550.8598	1000.0	1000.0	82000	6000.3945	6000.396	177.86699	178.86252	-6112.715	1088.0962	7449.869	140570.28	117.77172	1847.5312	1173.094718694687
698.17126	20.391724	718.563	677.77954	841.80115	100.14235	979.3622	676.5563	1000.0	1000.0	84000	6525.635	6525.6333	211.66376	212.29584	-6640.785	368.6135	343.43057	11194.856	114.032936	1823.606	1201.618680715561
781.80444	11.43335	793.2378	770.3711	754.76666	131.48242	978.1356	602.50256	1000.0	1000.0	86000	7047.025	7047.0254	242.76447	242.22945	-7169.5083	353.52753	198.81226	7584.312	140.20444	1819.0266	1230.0829982757568
