AverageEpRet	StdEpRet	MaxEpRet	MinEpRet	AverageTestEpRet	StdTestEpRet	MaxTestEpRet	MinTestEpRet	EpLen	TestEpLen	TotalEnvInteracts	AverageQVals	StdQVals	MaxQVals	MinQVals	LossPi	LossQ	Time
22.28864	24.521133	148.1719	5.5224953	188.21333	2.0446844	193.03365	185.74309	24.012346	84.1	1999	394.47235	3905.3657	17.977875	-2.8361273	-4.480071	0.15973075	9.464776039123535
17.655697	14.637126	107.66178	5.079228	255.3237	1.4757036	257.5962	253.37903	22.252747	108.8	3999	1500.6874	14857.008	55.814144	-10.865338	-16.63064	0.9528706	23.326053619384766
17.839119	14.794008	83.268	5.4279995	233.83081	1.1417314	234.96758	231.9736	22.043478	107.6	5999	3650.2317	36137.63	94.62945	-32.116764	-40.34804	5.1500077	36.58635759353638
16.72149	11.235777	76.669464	4.908693	281.21545	2.394457	283.33832	277.00415	21.901098	112.4	7999	7318.956	72458.195	151.68599	-51.25672	-80.91309	16.367186	49.36270833015442
19.213884	16.97658	108.91906	4.400785	13.428146	0.5051048	13.7547035	12.397926	22.404495	14.8	9999	11986.123	118663.3	231.17947	-125.08627	-130.75983	37.445107	61.05585741996765
147.99828	192.94632	683.20264	12.501651	1045.4529	0.37695438	1045.9825	1044.8882	103.68421	1000.0	11999	17792.502	176146.64	285.1116	-74.56553	-192.29758	70.85033	83.96980261802673
289.006	125.785866	464.4692	28.008215	157.72183	2.619037	163.91263	153.73146	199.66667	87.3	13999	22681.203	224544.72	306.16678	-85.04303	-240.66916	88.978004	95.99531722068787
221.50537	47.607674	368.82996	150.55797	1036.496	0.5724269	1037.6917	1035.813	118.28571	1000.0	15999	25591.281	253354.47	322.72394	-102.00778	-268.3673	110.78048	116.76298761367798
769.61523	263.36865	1048.7158	416.47256	925.80286	303.2492	1033.0194	16.129282	675.0	902.3	17999	27592.328	273164.8	340.24432	-162.47758	-287.96518	113.575096	138.38738441467285
523.67	330.5695	1130.6207	16.797642	551.9594	58.7453	668.71594	458.87805	400.16666	392.2	19999	29350.416	290569.8	351.16284	-135.43622	-305.13544	109.16788	155.0821373462677
481.27325	234.12129	693.5565	40.98159	274.37848	98.39288	398.10025	110.85383	354.2	200.4	21999	30369.486	300658.6	365.14886	-130.82166	-314.0578	106.52445	169.7938015460968
192.40912	113.31446	520.95233	23.915878	227.68904	1.4362739	230.64352	225.39534	110.57143	95.9	23999	31128.65	308174.3	386.70413	-151.85881	-321.25235	112.919655	182.3659369945526
218.14029	43.34057	289.07034	38.78072	287.58374	9.291547	301.06747	267.5598	93.454544	115.1	25999	32039.775	317194.47	391.5826	-140.76509	-330.5392	133.93044	195.50576901435852
249.30067	55.849987	294.84622	34.159286	219.98491	9.618539	234.2885	201.2362	103.0	94.0	27999	33010.29	326802.72	403.4746	-171.92879	-340.12036	126.31375	208.65969562530518
170.75525	108.50357	356.50192	15.528183	287.3069	1.6617692	289.8902	285.02893	75.666664	121.6	29999	33575.13	332394.78	399.79312	-176.44302	-344.98386	133.00513	221.30656242370605
288.33377	31.756338	342.21332	208.061	242.77725	34.325466	342.43793	222.44366	125.3125	105.2	31999	33571.605	332360.06	403.46463	-380.2995	-344.6083	139.28209	235.30702424049377
316.26468	40.79911	387.93707	271.79608	176.76567	202.61569	492.26086	11.873511	150.83333	109.3	33999	33480.496	331458.1	401.54938	-170.49142	-343.04056	128.62772	247.71069860458374
457.42703	209.5913	721.5211	21.77644	933.9751	218.30922	1043.5352	457.53354	307.57144	861.5	35999	33196.68	328648.34	405.95258	-238.5436	-339.8227	118.190895	267.19032406806946
378.62485	365.62247	1047.8077	21.300209	145.67227	189.37027	476.63852	19.123102	273.14285	102.3	37999	33051.215	327208.22	408.77136	-153.3285	-338.17798	109.875534	280.94782972335815
244.4062	225.51553	817.8972	11.296686	356.7155	33.54901	444.9551	329.40152	149.0	160.3	39999	32898.63	325697.5	398.18335	-177.6318	-336.27576	111.76787	293.910129070282
356.81244	45.50582	422.75522	278.36044	275.6299	6.9135356	286.358	260.5054	146.92308	124.9	41999	32319.064	319959.84	396.43243	-252.47064	-329.93488	105.717674	305.79083251953125
358.70166	110.90159	523.27576	49.60728	555.9639	70.341354	710.0001	508.26425	161.08333	248.3	43999	31517.824	312027.62	392.7888	-164.251	-321.51303	109.16286	320.29212951660156
297.08673	344.2971	1021.12885	24.950718	1143.2272	380.38306	1924.4537	740.9684	147.3077	466.4	45999	30971.951	306623.38	391.93	-148.27454	-315.88007	103.379074	335.7981233596802
378.2081	494.96228	1528.7021	15.067091	912.583	345.1121	1644.3967	587.7462	227.5	500.0	47999	30826.34	305181.7	381.34988	-168.45743	-314.75726	101.488144	352.1959445476532
966.11786	279.66098	1338.6825	664.8917	1004.0122	16.240385	1010.66846	955.39746	477.0	942.4	49999	30853.834	305453.78	378.04407	-153.45847	-314.38382	115.269714	372.8768253326416
721.0208	409.9354	1535.4984	297.9558	1019.3353	7.574029	1032.1068	1006.09467	338.42856	1000.0	51999	30530.578	302253.47	377.3267	-180.40714	-310.9662	100.96287	393.93183851242065
272.50983	298.17154	973.69684	35.29186	141.16406	35.799126	178.13716	69.35376	212.8	114.2	53999	30360.805	300572.7	383.1117	-192.5726	-309.2432	105.93042	406.98538541793823
88.382324	42.57372	199.97777	43.610493	95.49783	13.043204	130.19969	86.1505	80.76	92.4	55999	30585.7	302799.1	403.955	-127.25571	-312.01462	118.38169	419.60544538497925
414.0372	354.761	1079.2987	100.04288	579.7121	352.48016	1128.0767	218.52466	377.4	470.0	57999	31459.861	311453.34	414.00192	-212.35501	-321.08368	129.43553	435.3646948337555
447.48514	267.30743	1173.4906	231.09541	449.61636	9.544978	465.8763	431.0543	230.22223	160.5	59999	32185.95	318641.66	421.3973	-140.95021	-328.11118	121.26437	447.88586235046387
423.2454	179.99103	913.3643	126.35414	390.04266	49.241714	491.83643	344.67087	159.38461	148.0	61999	32664.889	323383.22	420.72754	-216.27898	-332.8134	137.68387	461.36856055259705
658.96857	254.77327	1023.2248	268.00653	1268.0123	97.634094	1507.1356	1175.9613	225.33333	418.2	63999	33337.62	330043.28	420.66312	-158.31642	-339.79706	125.634445	476.56436824798584
437.96207	299.62125	1011.7351	187.48903	264.26797	70.80948	468.52487	200.08533	197.7	140.3	65999	33671.223	333345.94	424.55057	-242.37633	-342.5325	123.814186	490.73816180229187
228.21223	203.09842	879.9075	122.04859	98.95683	10.553946	125.927765	89.189095	162.0	95.5	67999	33839.426	335011.1	419.5481	-154.50221	-344.40436	132.76506	503.1989109516144
199.95467	156.13963	578.66064	14.580824	34.487972	54.255116	197.23045	15.660756	174.0	28.0	69999	34173.34	338316.72	423.39584	-143.06155	-347.67056	145.95717	514.7892768383026
255.4569	315.10782	1077.9554	12.01677	440.45758	59.46994	618.7121	418.07437	140.64285	175.5	71999	34255.27	339127.84	434.3303	-205.31407	-348.1147	150.66975	529.3084654808044
1023.63934	315.27628	1384.5566	616.459	1569.1176	25.555452	1608.8362	1523.294	468.66666	1000.0	73999	34026.74	336865.4	442.4078	-157.04796	-345.65283	141.19762	550.5756089687347
512.5077	378.28772	1416.2362	34.78575	26.035568	0.85043645	27.669212	24.525116	248.7	24.1	75999	34084.617	337438.4	462.38693	-159.82845	-346.47858	124.08593	563.362387418747
238.74715	206.009	639.63416	20.734787	814.1869	239.13571	919.43536	99.263275	101.47619	286.7	77999	34659.58	343130.6	466.37683	-224.4139	-352.68048	157.93872	579.0182893276215
509.71967	430.7539	1161.235	47.787266	940.75525	5.014796	951.2867	932.2987	185.33333	357.3	79999	35356.586	350031.03	465.12405	-210.64793	-359.83682	161.34187	595.3456513881683
508.58676	344.93015	1055.3933	152.79115	975.47784	172.89735	1036.3673	456.81213	360.5	929.1	81999	36083.133	357223.9	467.52213	-188.47964	-367.03345	158.67307	616.4419121742249
906.9385	323.76718	1416.682	602.16016	879.08875	69.00451	922.67975	681.23944	390.4	313.6	83999	36626.5	362603.28	472.0874	-141.32228	-372.41492	149.28928	632.1095108985901
363.57285	249.76926	1000.92645	37.995842	449.60733	17.36498	482.66483	431.87384	144.4	168.1	85999	37131.473	367602.56	467.53937	-158.13979	-377.66125	148.29482	645.9872145652771
476.1061	165.7583	743.4313	274.80148	297.88043	27.955013	368.37024	277.56888	188.4	147.5	87999	37604.223	372282.78	467.35257	-234.43369	-382.18677	163.14497	659.2675149440765
641.2124	374.51578	1147.8955	39.067314	538.1103	18.493652	559.75024	508.29514	244.42857	216.7	89999	37680.93	373042.16	479.42206	-270.29337	-382.44247	167.2255	674.0328545570374
544.50507	505.72318	1670.5178	41.476414	534.7856	524.28357	1565.2985	65.5798	227.6	230.8	91999	37764.258	373867.12	485.67276	-156.69568	-383.5067	165.58066	688.6431696414948
452.67133	241.8	888.9651	78.960075	263.7198	12.454192	281.96674	250.03528	207.3	132.9	93999	37804.734	374267.88	491.43454	-161.85803	-383.82687	152.67145	702.5295121669769
235.5041	146.88979	459.8729	43.226414	24.954245	0.07935883	25.102894	24.852133	108.57143	23.0	95999	37934.54	375552.97	501.6402	-181.53607	-385.21494	187.73164	715.9476325511932
1406.8765	586.9034	1917.6329	574.6217	244.44621	1.0117835	245.5003	243.14392	508.4	133.6	97999	38211.438	378294.25	492.6288	-201.82208	-387.9534	161.08292	729.4769332408905
1416.4203	641.93225	2058.3525	774.48804	2141.391	386.57666	2751.7249	1455.3109	529.5	742.8	99999	38553.05	381676.25	499.756	-170.0145	-391.42908	162.7865	748.524897813797
2574.7126	208.38129	2854.4475	2354.5618	2430.0056	52.12856	2466.4822	2276.6567	979.6667	986.2	101999	38859.176	384706.94	496.76282	-203.1035	-394.21558	177.93369	768.8695552349091
1133.4863	383.69418	1496.5327	595.91425	822.73303	512.97906	2116.8093	559.8634	389.0	338.2	103999	39263.945	388714.1	492.91043	-202.99857	-398.09055	155.55367	784.6687924861908
939.4865	345.74112	1540.7947	459.6323	416.36093	1.3654244	419.47702	414.87054	308.5	160.9	105999	39467.453	390728.8	495.54004	-216.83841	-399.51126	151.2792	798.5778028964996
602.2394	393.3626	1348.5381	29.894693	731.904	13.627205	771.5352	722.9456	197.72728	226.1	107999	39392.523	389986.97	508.898	-238.36052	-398.07126	144.87831	813.0567495822906
728.8154	456.34424	1276.401	14.612271	1032.8575	246.21318	1620.7875	659.32056	231.375	342.9	109999	39293.176	389003.4	487.00034	-202.68704	-396.92767	145.41354	828.2813556194305
1208.4666	352.56494	1685.446	784.5764	737.5306	29.882317	804.8992	708.41754	458.25	239.9	111999	39393.42	389995.84	487.37918	-166.502	-397.80118	129.4884	842.065318107605
579.6894	480.085	1593.8357	17.329084	22.916582	5.605477	39.428684	19.529049	217.45454	21.9	113999	39427.43	390332.56	488.47784	-212.1214	-397.98856	142.84013	855.0791087150574
477.3431	763.18665	2612.4702	28.308273	1078.6271	127.676605	1317.6783	946.4624	186.8	362.0	115999	39351.633	389582.12	487.85516	-165.14696	-397.18256	146.359	870.8303141593933
1005.9099	177.06483	1175.7693	625.4056	720.32794	71.70872	827.9865	650.52246	330.5	239.0	117999	39406.69	390127.28	489.6848	-157.54991	-397.78732	136.47906	886.3851630687714
752.90356	211.07248	1060.7751	453.46716	683.0979	76.24129	910.7694	646.00214	255.375	265.3	119999	39496.92	391020.56	487.31198	-173.48792	-398.70557	131.80411	901.342182636261
815.7798	448.46445	1414.3607	144.80037	566.9745	176.08862	916.5516	422.87817	288.2857	235.3	121999	39658.02	392615.47	484.99084	-188.22812	-400.38846	138.42583	916.1671698093414
721.60925	232.1982	1193.9476	399.8675	808.18835	173.62735	1105.8477	448.06247	256.125	291.8	123999	39698.105	393012.38	480.84818	-222.36465	-400.5097	132.68483	931.2510001659393
466.0882	261.26248	852.94696	92.148155	192.33292	43.38848	295.19043	159.7434	179.7	89.2	125999	39514.617	391195.88	480.8702	-201.89952	-398.41888	125.516304	944.5363550186157
300.74545	198.71875	975.7657	154.81618	452.6214	100.409164	525.0097	242.91129	116.42105	162.8	127999	39246.863	388545.12	481.35162	-181.78214	-395.7425	138.00893	959.1531116962433
283.4608	191.04842	665.20276	100.56005	147.09024	45.090034	163.20795	11.847951	109.833336	72.5	129999	38986.01	385962.78	484.40005	-519.9705	-393.20312	139.28456	972.6332519054413
347.66193	194.75577	748.2428	77.90744	194.72166	20.699759	218.8678	147.8883	124.3125	85.3	131999	38948.875	385595.16	487.23105	-287.0029	-392.91586	124.89592	985.9577968120575
469.61435	228.6696	816.5289	147.65265	833.65735	5.1496983	842.09186	825.8592	155.90909	257.3	133999	38771.004	383834.28	489.7944	-198.52866	-391.04126	141.13676	1000.6541066169739
1004.69824	194.17947	1318.6925	641.99243	781.18616	103.03601	880.7149	627.92944	317.57144	236.3	135999	38662.73	382762.4	493.51685	-175.47438	-389.87524	114.71381	1014.6334655284882
825.9376	326.07474	1431.9763	315.6552	760.48865	254.19498	1199.1116	591.3679	281.85715	268.8	137999	38589.266	382035.06	491.85455	-161.94327	-389.15417	117.89319	1029.1668395996094
799.23914	196.99051	1131.6531	469.1597	511.20868	194.63715	1073.7158	364.54483	265.375	241.1	139999	38395.043	380112.28	497.78265	-158.80232	-386.95062	125.645744	1044.0127878189087
656.6644	305.18533	1101.3793	342.23926	1651.7795	734.89307	2910.5015	905.2534	241.375	581.3	141999	38040.047	376597.78	503.59937	-169.42668	-383.12924	122.58842	1061.276729106903
1864.8678	668.7142	2769.9756	1174.9263	1122.3293	332.72266	1724.4502	428.99173	661.6667	811.4	143999	37820.9	374428.2	504.8171	-143.78401	-381.0572	109.57508	1081.196041584015
1616.8779	145.89496	1814.0007	1465.5438	2055.4282	868.43866	2902.5022	850.0653	573.6667	718.2	145999	37687.703	373109.56	501.89767	-200.08469	-379.7252	125.25505	1100.4241993427277
1379.0531	764.37085	2891.5532	840.8439	2970.5835	98.267	3080.1824	2695.848	461.2	969.5	147999	37637.137	372608.97	490.8766	-134.80228	-379.1408	103.95664	1120.4229662418365
607.62885	404.71393	1290.3997	88.73381	1362.2131	282.49268	1749.4734	866.0682	213.33333	411.0	149999	37454.246	370798.28	484.47803	-156.94688	-377.20325	117.67533	1136.43000125885
810.14465	467.24265	1703.4241	180.67023	545.92584	147.88948	764.82526	313.11633	262.625	188.8	151999	37229.887	368577.12	475.66974	-162.50427	-374.99133	106.661316	1150.8000209331512
1181.2637	386.0699	1769.5027	725.0176	867.40216	108.536934	1181.7156	794.9829	341.83334	260.0	153999	37153.43	367820.22	472.8813	-133.40793	-374.2797	96.094795	1165.6836824417114
441.02896	613.8251	1713.198	4.2597055	871.83673	479.48984	1297.6857	143.61606	136.07143	268.5	155999	37189.855	368180.88	474.8554	-142.86641	-374.50943	100.23917	1180.224369764328
809.9409	126.62894	973.2349	556.7512	1151.9114	497.2686	1984.9026	144.62413	247.875	352.8	157999	37207.758	368358.12	488.78973	-180.60995	-374.70264	100.96313	1196.334573507309
742.17084	275.75034	1162.9996	131.71346	1132.7766	25.388521	1202.4939	1111.2126	236.0	333.6	159999	37224.844	368527.28	497.0719	-142.73347	-374.88434	102.139656	1211.6196801662445
501.85544	300.08386	993.7006	136.37227	1042.9514	760.88055	3021.4197	382.51147	177.18182	330.4	161999	37401.836	370279.47	502.91153	-140.02086	-376.54144	100.741	1226.687213897705
695.1238	397.88272	1500.4261	122.40225	975.9474	97.142265	1213.6716	874.31	237.625	302.4	163999	37473.5	370988.9	492.51468	-216.26808	-377.2541	104.02296	1241.0827016830444
663.0767	628.78754	2258.9714	81.25084	933.3171	96.77641	1142.0812	870.25555	222.66667	285.5	165999	37431.21	370570.25	485.8621	-160.92549	-376.86676	115.0378	1256.138177871704
727.1053	191.4344	1119.3159	378.70514	638.60364	161.31049	746.8531	187.05461	236.88889	237.9	167999	37414.203	370401.88	495.008	-174.4359	-376.68723	100.95908	1270.3180844783783
935.28925	515.71625	1919.3997	383.75107	1585.6179	406.7677	2598.8655	1258.5056	304.5	551.2	169999	37536.547	371613.1	481.60806	-193.68944	-377.88342	113.71797	1287.818303346634
669.14575	191.23807	907.1904	321.94012	1007.5467	341.6971	1735.8672	758.9875	230.44444	348.9	171999	37536.44	371612.1	479.56754	-214.53561	-377.81335	108.15667	1302.254076719284
1029.2578	507.65866	1906.8453	383.92322	1014.43164	388.02927	1729.5004	204.81677	333.0	331.2	173999	37457.215	370827.78	485.38513	-192.92107	-377.02353	105.22028	1317.3639302253723
677.5939	351.4104	1141.5428	197.821	436.17667	102.58538	665.85516	361.94412	234.0	185.8	175999	37467.383	370928.5	483.03723	-182.66718	-376.98557	102.69495	1331.780324459076
898.0362	320.06467	1318.6633	572.9627	157.27847	5.2012124	168.05165	148.36317	297.0	112.4	177999	37537.438	371622.0	475.82462	-170.28944	-377.5897	94.1988	1345.5682876110077
587.17596	505.5276	1576.3323	123.53848	1367.2688	737.8296	2515.5085	180.22372	230.66667	472.7	179999	37520.47	371453.97	475.6871	-183.49243	-377.41058	95.20358	1362.4150524139404
648.2678	386.85037	1134.872	157.07587	1392.0486	823.22906	2596.2368	370.16504	229.44444	536.6	181999	37395.55	370217.3	478.97293	-156.38727	-376.1185	93.84056	1379.921695947647
1131.8951	465.81174	1610.7673	242.38745	1378.7902	520.8833	2843.7578	899.07214	389.2	437.8	183999	37305.188	369322.7	481.79498	-256.51215	-375.25394	101.23892	1395.2395992279053
796.33203	435.08017	1715.6384	248.94705	367.61993	345.156	1031.624	50.17033	265.875	114.1	185999	37225.727	368536.06	476.05527	-171.89708	-374.45743	87.82848	1408.513324022293
858.2306	808.1798	2616.1658	45.408447	1384.967	293.75735	2037.0127	973.59436	284.85715	441.7	187999	37213.89	368418.84	480.00436	-161.30138	-374.19464	91.521576	1426.1098597049713
963.4081	404.4464	1593.989	446.36115	2106.9878	685.49536	2912.9116	807.12665	315.2	646.8	189999	37162.766	367912.7	472.72467	-230.70683	-373.7234	84.669205	1444.2458798885345
1073.7183	535.5809	1688.3856	245.8984	2858.2808	712.56635	3122.3489	721.17694	361.8	923.0	191999	37077.12	367064.8	468.0474	-160.17758	-372.84375	87.67921	1464.4206647872925
2427.7024	691.4253	3128.2876	1486.6571	1875.3083	831.9796	3159.0876	807.86206	753.0	578.1	193999	37153.914	367825.03	468.59406	-140.36134	-373.5149	86.51327	1480.7619128227234
891.5697	655.7418	2183.0596	112.67543	961.06934	769.89056	3008.1685	246.78667	288.0	323.7	195999	37107.445	367365.03	464.26328	-146.38667	-373.12723	87.45358	1495.3770842552185
988.4893	504.73715	1783.3499	112.261955	2506.5454	850.61786	3214.7507	834.682	293.7143	837.0	197999	37113.145	367421.5	479.31503	-165.66135	-373.1336	83.16666	1514.6133913993835
649.123	238.38727	1117.5197	324.28064	2719.4294	546.18414	3235.3132	1721.9344	207.22223	858.8	199999	37068.047	366975.06	468.204	-345.46408	-372.68063	77.83708	1535.1653320789337
1405.4888	382.14615	2076.9592	1004.7446	1159.1339	99.61064	1292.6385	996.22656	425.8	348.6	201999	36989.344	366195.94	475.1278	-136.14668	-372.01022	78.02666	1552.995364665985
1040.857	293.1482	1506.7933	723.93555	1132.4705	90.12495	1355.8162	996.3824	312.0	323.7	203999	37106.195	367352.75	478.06998	-237.67386	-373.334	79.110374	1567.6449224948883
844.1437	204.51663	1144.3989	413.2729	958.3097	45.1878	1074.6644	909.0319	257.25	276.9	205999	37246.117	368737.97	478.44534	-223.72575	-374.5968	72.170586	1582.9145975112915
865.1265	366.94144	1179.4316	31.075388	1078.4712	119.15237	1248.0172	972.67804	263.14285	321.4	207999	37289.508	369167.53	473.90048	-124.9176	-374.957	85.5054	1597.8185231685638
918.49176	297.44138	1310.2113	327.31134	1424.3353	766.2082	3201.0847	816.0557	276.85715	453.9	209999	37316.242	369432.2	472.43655	-224.66043	-375.20624	67.50019	1614.7783184051514
1031.026	312.14133	1516.3336	701.2663	7.5000396	0.14561805	7.779849	7.310638	309.6	11.0	211999	37330.97	369577.97	471.9881	-172.33522	-375.33737	77.09646	1628.138175725937
604.07666	898.7366	3192.166	7.754595	1985.1918	737.64154	3028.4702	1027.7549	197.0	647.2	213999	37335.96	369627.38	469.6986	-317.37857	-375.31802	76.67361	1645.4504771232605
1344.7969	1019.3331	3042.4849	141.23505	162.53069	38.415844	243.48863	141.03445	426.66666	83.8	215999	37261.016	368885.47	470.5461	-170.23691	-374.63406	77.55003	1657.3156790733337
250.44489	191.46765	847.33624	62.121403	159.12617	3.8036108	168.82149	155.2866	101.833336	80.2	217999	37186.484	368147.6	465.11475	-277.37704	-373.9292	83.854904	1670.6383023262024
335.25104	328.99762	1023.33813	45.44992	184.69449	107.528564	359.77173	12.36183	121.17647	78.5	219999	37114.145	367431.47	464.6783	-205.55785	-373.2627	78.308525	1683.909292459488
334.1234	283.0129	886.1313	9.61363	338.20154	50.171196	425.71573	283.29404	117.05556	121.3	221999	37040.96	366706.97	469.7536	-241.33447	-372.5455	86.84875	1697.546998500824
717.6936	344.3436	1356.6234	280.07755	765.04803	60.263405	907.3317	717.76416	216.55556	230.3	223999	37071.312	367007.44	468.29208	-195.72668	-372.90576	76.12151	1710.9050633907318
611.21954	230.73737	949.1868	322.91046	2677.3987	707.78827	3363.7888	1561.506	199.0	813.6	225999	37152.7	367813.2	469.00082	-180.65738	-373.64453	74.42871	1730.523196697235
581.65643	321.26382	1241.5807	216.31587	578.99744	5.0073795	586.4723	571.8979	191.54546	188.7	227999	37174.85	368032.53	465.37076	-165.41512	-373.85593	77.0909	1745.0823888778687
634.4354	321.65436	1446.6793	386.73953	1104.7397	725.08386	2954.412	558.8682	212.875	359.9	229999	37247.355	368750.25	462.4869	-174.45128	-374.53125	75.90567	1761.0426936149597
826.0765	565.28723	2107.2922	186.41162	331.96347	9.180457	342.2916	305.88403	278.0	142.8	231999	37335.746	369625.28	465.32404	-279.30292	-375.42975	73.89915	1775.1160943508148
631.1574	130.721	822.0336	336.4885	986.39355	122.32148	1057.0482	625.2187	207.44444	291.7	233999	37542.434	371671.44	548.2803	-314.00345	-377.6473	81.39789	1790.37966299057
631.8807	290.78622	1232.8599	192.81526	580.67645	124.22706	795.9548	288.1215	203.3	179.4	235999	37717.938	373408.94	561.28735	-202.22336	-379.32706	72.79602	1803.4191477298737
597.3245	169.61336	873.1294	294.79025	464.78345	301.90784	1158.359	232.41989	194.0	178.2	237999	37652.21	372758.25	526.5012	-215.63228	-378.59738	69.77975	1817.6361601352692
857.21155	654.2305	2099.5803	332.0288	262.76608	56.107758	425.1171	233.45348	288.2857	123.6	239999	37691.56	373147.78	475.96353	-274.5473	-379.0563	77.94579	1831.4545786380768
705.5131	985.9796	2886.9028	126.61156	2584.187	9.294063	2602.596	2571.1316	268.0	1000.0	241999	37814.77	374367.6	477.04047	-245.19931	-380.25943	75.83313	1852.6913847923279
1429.4915	706.78375	2804.267	855.7472	1668.485	892.3331	3343.215	467.53345	480.2	503.4	243999	37808.07	374301.25	481.56082	-247.06035	-380.10022	77.62253	1869.7421615123749
1620.9425	552.1636	2399.8867	1183.9163	1633.0372	1093.419	3037.8342	389.50867	483.66666	556.5	245999	37795.113	374173.0	470.19327	-180.78368	-380.01843	81.46136	1887.7064654827118
1111.8386	565.4691	2185.7942	485.60645	704.329	27.775673	739.36914	657.40405	348.0	219.3	247999	37728.406	373512.62	470.65204	-137.80113	-379.3063	74.56906	1902.655924320221
866.9022	478.44888	1656.8982	285.2637	270.5143	5.134094	280.06577	264.01663	262.625	107.9	249999	37672.805	372962.2	469.984	-223.44923	-378.81213	73.02971	1914.1043105125427
720.9611	430.12622	1508.4574	158.13116	224.39563	23.757948	275.75415	188.93332	217.88889	96.2	251999	37616.555	372405.25	471.42004	-227.37611	-378.2537	71.70961	1927.2445397377014
543.1599	651.33606	2335.5127	165.301	424.81134	109.03531	660.4364	267.2791	186.55556	139.3	253999	37547.137	371718.06	475.03998	-198.30037	-377.53085	68.8097	1940.255267381668
2390.549	422.716	2813.2651	1967.8331	2756.7424	11.494115	2777.1724	2732.305	857.5	1000.0	255999	37506.695	371317.7	477.3391	-300.97488	-377.06546	67.02195	1959.9985373020172
983.0397	944.5947	3018.3848	161.08229	1879.415	747.2022	3315.5356	1084.1703	320.75	551.9	257999	37567.926	371923.84	480.79767	-224.89604	-377.60233	74.706276	1976.7843506336212
1725.3856	617.9008	2735.167	1054.7347	2633.982	860.04614	3264.985	1228.9688	497.5	818.4	259999	37498.426	371235.78	472.9767	-192.33989	-376.93497	74.896454	1995.242823600769
1272.0775	269.44623	1527.0922	798.2467	2803.4915	620.0349	3151.4883	1102.6553	384.0	899.0	261999	37447.348	370730.16	467.52103	-215.37465	-376.3812	62.602234	2015.2613096237183
1348.6106	122.7389	1557.8268	1246.3445	1646.5676	872.97186	3497.296	1015.17944	416.75	482.6	263999	37417.516	370434.8	466.7008	-299.13855	-376.09543	65.35506	2032.044758796692
1776.397	1038.0468	3230.6763	546.98047	2917.479	721.2222	3236.9514	834.51587	551.25	909.9	265999	37486.61	371118.84	471.45322	-308.23355	-376.7518	68.321266	2051.388917684555
1600.8434	1096.882	3090.6418	481.64404	2486.8315	726.44293	3232.295	1449.8574	538.0	771.9	267999	37466.65	370921.22	465.25406	-176.1036	-376.52557	70.9713	2070.1495900154114
1419.4496	802.2688	3162.1917	757.27545	1944.6787	1065.1154	3065.6296	60.20478	441.66666	639.0	269999	37429.54	370553.84	464.6942	-148.83997	-376.14484	64.185104	2087.4260642528534
1545.9019	626.82263	2581.0623	939.0464	806.3711	47.9267	865.7265	734.00366	450.25	240.1	271999	37404.35	370304.47	464.02142	-205.92303	-375.8535	63.1685	2102.003930568695
1081.0369	180.94806	1438.4493	895.2677	885.9494	6.9531803	897.1651	875.8969	311.14285	260.1	273999	37381.61	370079.3	464.4173	-180.99692	-375.6962	65.29394	2115.5391318798065
991.2293	72.661766	1116.2568	917.6939	992.854	249.8558	1150.3008	260.7303	289.5	304.6	275999	37368.266	369947.16	476.9515	-214.37701	-375.54138	63.98298	2130.2864179611206
1183.608	381.69852	1869.3973	795.8081	1444.0742	536.82184	2258.7334	882.7402	354.0	431.5	277999	37232.246	368600.56	468.24234	-176.16566	-374.08005	60.751205	2145.2346682548523
1001.20044	314.93585	1576.0137	704.5883	1056.2698	61.98198	1200.3588	996.17163	307.16666	320.0	279999	37273.85	369012.44	467.72513	-193.17848	-374.53156	59.445778	2160.014095544815
1263.4781	550.072	2214.9548	900.0489	109.827675	1.4229634	112.76127	107.93458	395.0	58.7	281999	37165.81	367942.84	464.28384	-218.52403	-373.3204	62.886154	2173.3392412662506
1331.4086	911.36725	2775.8135	38.114265	652.30585	11.59781	673.452	636.43994	397.14285	205.8	283999	37103.76	367328.6	463.2926	-213.84329	-372.73282	60.713943	2186.649168252945
662.1166	341.05612	1081.7312	70.79059	967.5466	58.326977	1054.434	863.6559	201.44444	275.9	285999	37094.31	367234.97	463.38788	-138.37846	-372.61932	60.153778	2201.8513412475586
640.7384	308.294	1164.5947	89.01116	974.33624	127.28184	1200.0208	858.9773	202.5	275.8	287999	37050.875	366805.0	466.08417	-172.49345	-372.1975	58.419556	2216.92294716835
948.47516	203.49142	1279.9921	677.0017	1590.6442	589.6078	2501.4275	765.3786	283.85715	470.7	289999	36958.76	365893.06	467.71542	-126.368385	-371.28903	64.0881	2233.4438219070435
1087.0072	247.14053	1419.111	825.6771	1146.6625	258.91806	1656.5875	816.97766	321.16666	385.2	291999	36900.676	365318.0	468.62457	-310.1974	-370.66122	54.818375	2248.9108350276947
1412.3235	608.81665	2172.7449	439.2571	1045.2839	213.15097	1297.7684	766.5259	434.8	324.3	293999	36791.375	364235.97	462.84393	-100.42615	-369.58	53.61286	2264.1080451011658
1172.5363	669.5505	2084.523	388.94778	1328.9989	285.8555	1945.8376	1033.6736	391.8	472.6	295999	36791.285	364235.1	466.83868	-82.93203	-369.56332	58.654095	2280.6934764385223
1285.5424	500.1207	2026.447	824.9189	864.84735	212.82352	1502.9077	779.7875	411.8	306.3	297999	36823.4	364553.0	492.8293	-437.76782	-369.972	61.042362	2296.2453560829163
2121.8152	618.9571	2726.6196	1271.398	679.32446	712.80133	2586.0752	232.38367	661.3333	247.6	299999	36883.312	365146.16	471.86728	-108.011604	-370.47333	52.352444	2310.8997888565063
1405.6656	456.35767	1953.6711	785.353	704.5775	254.8717	988.43365	438.86597	432.75	232.1	301999	36853.535	364851.34	459.56268	-310.71353	-370.1352	56.81101	2324.647304534912
1103.5427	385.58823	1715.1838	398.95236	907.29315	34.403828	972.2167	855.271	330.0	266.7	303999	36837.89	364696.44	464.88885	-202.81914	-370.0114	55.355915	2339.7741646766663
1232.8291	89.00198	1386.1987	1145.1938	1060.8519	231.46198	1374.7026	542.1618	363.2	363.0	305999	36812.3	364443.16	464.13412	-177.3862	-369.85968	58.590942	2354.9994611740112
946.94366	546.70386	1544.5935	236.97202	240.22116	1.8199508	242.43472	237.3687	305.5	118.0	307999	36805.098	364371.84	504.1766	-91.56548	-369.6649	53.431202	2368.2343435287476
812.6936	498.2191	1330.1558	11.973398	904.1327	44.474007	992.1543	864.7764	253.77777	271.2	309999	36854.387	364859.78	461.93167	-83.200905	-370.16095	67.87692	2382.526015520096
1162.1644	499.26175	2160.5398	713.3196	1021.7167	113.09491	1358.9482	970.3781	348.83334	306.5	311999	36869.637	365010.78	464.69324	-346.653	-370.40744	63.42714	2397.7280554771423
1397.2393	278.4735	1804.7561	1085.1315	1958.2727	459.03668	2725.238	1304.2831	401.6	592.6	313999	36825.94	364578.22	465.81546	-219.08138	-369.97394	60.323452	2415.0204272270203
1239.8103	237.2471	1667.9005	978.4552	952.57245	4.709526	958.7482	943.4753	367.0	285.5	315999	36858.734	364902.88	462.8299	-144.53195	-370.1969	55.624226	2430.361920118332
944.9066	265.2793	1206.8843	442.1863	417.25864	9.826411	431.84503	401.82776	289.6	163.3	317999	36935.953	365667.3	463.6545	-139.85008	-371.00214	50.80164	2444.336193561554
1294.3718	614.51636	2584.4055	430.3045	1018.111	46.192505	1068.9098	929.4831	373.85715	293.0	319999	37108.043	367370.97	464.58572	-142.88712	-372.725	56.084404	2459.329065322876
934.1955	309.5917	1304.3911	242.93126	1465.5334	393.49384	2251.1787	1062.4496	273.2857	422.1	321999	37264.29	368917.78	560.80585	-239.83395	-374.27722	52.144363	2475.4243013858795
1234.3677	566.2771	1904.2697	505.07153	958.7665	10.704839	985.3055	946.8282	358.2	279.4	323999	37461.367	370868.8	523.5644	-182.29477	-376.16556	47.667633	2490.0948922634125
1096.0049	518.1664	1790.894	256.02438	1681.6869	419.5341	2561.9119	1179.7145	319.7143	491.3	325999	37508.37	371334.12	583.1303	-132.68721	-376.6414	56.347897	2506.5638320446014
551.55786	267.05423	970.68896	210.18582	205.31006	4.543844	213.97285	200.75314	190.27272	104.5	327999	37585.67	372099.38	464.79147	-138.6366	-377.41544	54.266315	2520.0866074562073
689.0785	298.28757	1294.7072	209.51074	991.6239	408.75867	1377.5305	211.86028	218.625	319.1	329999	37564.574	371890.5	458.78082	-197.40863	-377.11575	53.016933	2534.9551815986633
1007.6761	645.35583	2018.295	249.12172	1044.6957	286.52393	1484.3273	300.85208	323.16666	313.6	331999	37523.566	371484.53	465.66595	-144.71797	-376.786	60.86498	2550.161723613739
1125.8131	284.9939	1525.4463	719.21356	1115.9802	57.14666	1212.7607	1036.1466	334.14285	317.1	333999	37607.94	372319.78	461.6118	-220.87962	-377.6589	59.13319	2565.103637456894
817.6601	238.20422	1043.521	306.98392	1773.6228	303.15268	2266.8218	1122.2494	251.71428	508.9	335999	37679.17	373024.97	469.04712	-174.15343	-378.38626	49.234436	2581.0030605793
839.16113	230.03548	1254.9304	389.24692	476.79355	24.492998	505.7107	431.2853	256.125	164.5	337999	37740.09	373628.06	462.32346	-134.15532	-378.92477	48.848362	2595.3040130138397
846.0914	361.86722	1206.2477	107.370605	1288.8044	329.80084	1909.4434	902.01086	247.55556	373.3	339999	37752.76	373753.5	492.18967	-179.41365	-379.12787	61.26734	2608.4314661026
909.0578	178.33539	1226.6521	713.1315	346.4459	318.86688	1302.8899	233.99449	262.42856	136.0	341999	37659.95	372834.7	469.0944	-154.05959	-378.12393	52.497272	2622.188576698303
281.8553	169.46231	927.4031	199.8521	194.4586	43.77949	288.99927	124.53049	125.875	213.5	343999	38020.824	376407.5	615.26965	-163.14023	-383.02902	68.844025	2636.359857082367
250.24771	332.3663	1290.4652	15.559789	29.803305	4.365192	37.16582	23.453117	165.61539	30.0	345999	39452.477	390581.03	621.9854	-201.73918	-397.76633	92.22917	2648.960580587387
130.10027	157.3017	550.58167	22.055363	1019.204	0.49699402	1020.006	1018.6587	139.35715	1000.0	347999	41047.074	406367.62	603.49133	-188.44421	-414.6305	99.3798	2669.325283050537
311.30078	330.38507	1002.2273	39.288166	476.08325	27.699165	495.69144	399.34024	245.25	196.5	349999	42863.746	424352.7	599.70935	-169.28415	-432.09286	119.138626	2683.4726753234863
1103.928	711.76044	2297.332	476.3008	1507.9172	599.962	2731.953	798.14325	359.0	489.8	351999	43626.176	431900.72	587.3484	-165.3912	-439.2302	98.46141	2699.7691164016724
1172.9298	826.03455	2785.6575	229.9881	878.09534	281.1862	1317.7136	423.57477	384.0	295.4	353999	44001.168	435613.0	562.26074	-170.20023	-442.7373	103.04828	2715.0033597946167
1443.3253	1106.3259	3048.4915	213.75867	800.84015	710.01276	2656.8772	303.33087	460.8	285.5	355999	43923.61	434845.22	555.9939	-259.12207	-441.65045	92.2487	2729.2552444934845
762.7794	548.6996	1619.92	89.115135	2079.8354	1110.069	3205.2178	917.55566	248.0	642.2	357999	43678.64	432420.0	545.2942	-127.657936	-439.07745	82.568535	2747.6448867321014
1234.1484	1115.2291	3103.5618	195.31311	3124.4915	69.069	3289.662	3069.3184	412.0	999.2	359999	43525.297	430901.88	535.0428	-213.76797	-437.71063	79.63573	2767.5832874774933
1240.1643	1073.2303	3034.1704	267.09668	3070.627	28.180603	3109.418	3022.699	426.5	1000.0	361999	43526.8	430916.78	537.5925	-176.79268	-437.6534	81.41539	2787.0531661510468
1969.693	612.3815	2528.828	1024.1508	2938.0894	447.67813	3208.6719	1985.1323	620.75	926.2	363999	43339.02	429057.7	535.7283	-205.79752	-435.54675	77.1129	2806.600916147232
1513.912	1111.6957	3007.762	422.6058	3142.3535	19.54195	3170.7307	3102.2073	497.25	1000.0	365999	42938.7	425094.5	527.153	-370.09134	-431.5287	83.83453	2826.7930777072906
1368.5648	959.16925	3231.9214	616.864	2771.8687	724.6736	3394.4814	1606.6136	426.6	819.9	367999	42607.883	421819.38	519.6864	-163.7825	-428.17026	71.496544	2846.004361152649
1013.0213	1032.7794	3307.3909	371.87964	2444.036	764.16095	3099.9897	975.8702	321.5	790.9	369999	42266.02	418434.9	518.4524	-143.08702	-424.70038	75.24811	2864.11563038826
683.4488	302.7807	1289.0844	309.9095	2924.3174	461.18204	3214.2927	1681.3855	226.625	922.2	371999	41900.613	414817.3	513.3674	-201.82253	-421.03897	77.003044	2883.7007830142975
1838.3579	915.06866	3011.8638	563.54224	1828.0457	757.8589	2998.8489	767.7262	590.75	622.3	373999	41693.312	412765.0	507.80673	-155.79591	-419.01892	68.7654	2900.516024827957
1132.3293	543.7491	1742.3997	366.33728	1369.4783	169.56567	1731.4293	997.6938	371.6	434.5	375999	41544.48	411291.53	517.9093	-138.43645	-417.46365	64.9313	2916.4640605449677
943.6342	327.00745	1277.0836	342.6162	1027.907	203.62695	1300.8687	660.892	292.42856	309.5	377999	41277.656	408650.03	505.64893	-174.05754	-414.79626	66.05085	2931.6644604206085
1272.4413	496.71228	2187.2166	794.25226	2442.1877	596.26904	3061.322	1429.4058	386.6	804.4	379999	41093.44	406826.28	504.63245	-117.91695	-412.97003	63.338814	2951.3679022789
1165.2002	423.53235	1499.7266	237.20586	564.5436	3.1521077	567.9586	559.51715	338.33334	200.8	381999	40881.79	404730.97	502.99655	-120.53936	-410.849	61.15873	2964.3148653507233
1162.7124	415.558	1775.6223	532.9785	918.52576	17.92826	962.0261	898.6216	352.16666	289.5	383999	40662.047	402555.56	499.30902	-144.83812	-408.40314	53.14644	2979.166627407074
1110.6663	618.53864	2051.4395	128.38113	1227.8494	220.37494	1795.8447	842.23883	329.0	381.5	385999	40444.527	400402.03	497.49026	-119.646225	-406.28958	55.28637	2994.681657552719
1290.8693	349.5373	2010.1383	906.0453	1093.8715	45.54813	1195.0825	1043.637	371.5	312.5	387999	40318.184	399151.28	492.13046	-131.15738	-405.05258	56.519024	3009.0408565998077
1259.0813	195.56306	1488.1198	914.86035	1280.6306	93.30673	1412.1797	1130.7401	364.8	363.1	389999	40134.406	397331.88	491.09442	-125.067696	-403.18192	49.678314	3022.853734254837
1402.6232	185.12784	1614.9462	1125.8772	3322.2651	25.586222	3364.459	3283.5295	422.25	1000.0	391999	39996.586	395967.44	488.7814	-206.2057	-401.77032	53.982956	3044.3238096237183
1726.7012	836.89825	3067.338	914.3901	1643.3035	428.00235	2347.0293	1063.2898	504.0	469.7	393999	39868.06	394694.97	484.00842	-148.7843	-400.58682	53.267323	3059.8944194316864
998.73785	386.1275	1240.1886	58.79967	2203.414	333.96417	2962.2605	1669.4934	288.42856	603.1	395999	39787.703	393899.44	499.73575	-161.8017	-399.79395	52.1587	3077.1440572738647
1108.9264	319.18216	1377.9539	450.34067	2037.8274	285.4306	2479.752	1599.8242	319.66666	557.5	397999	39617.67	392216.12	482.6218	-172.08884	-397.96292	48.710735	3093.727658510208
1382.3293	407.57025	1863.8643	704.2942	2027.6091	860.0136	3504.2498	1292.8889	391.4	583.3	399999	39459.83	390653.47	496.89902	-177.72748	-396.42758	51.32861	3110.529632806778
1305.2787	309.9293	1904.365	1022.089	3039.0261	671.4885	3393.536	1467.8342	365.33334	903.9	401999	39342.15	389488.44	484.9051	-191.00363	-395.2081	52.661327	3132.772022485733
1278.1824	316.94208	1771.261	901.73755	369.08243	347.63004	810.06165	83.485466	367.6	125.1	403999	39158.695	387672.28	485.1536	-165.55563	-393.3073	54.7047	3147.056901216507
1250.085	112.59795	1413.1221	1047.0084	3372.6812	18.218115	3399.6157	3343.5115	355.16666	1000.0	405999	39006.957	386170.03	483.69543	-149.66101	-391.81287	46.972603	3168.408828020096
994.81024	344.91702	1363.3469	240.95271	1234.6377	165.76534	1381.6246	753.509	285.42856	331.4	407999	38912.57	385235.66	487.239	-149.62	-390.85532	44.321342	3182.6813945770264
1056.0057	195.75677	1488.205	938.3204	1325.0311	82.22552	1374.9084	1093.2618	299.16666	357.9	409999	38783.97	383962.47	486.97122	-157.56035	-389.56226	42.00986	3197.8997371196747
1211.4058	229.08247	1604.6742	972.2941	1446.5858	146.36845	1618.494	1236.4142	344.83334	395.0	411999	38696.85	383100.0	478.1797	-104.20522	-388.6144	40.18105	3214.143098592758
1323.9172	489.22922	2094.4358	781.7917	993.1669	34.998093	1047.8568	925.439	393.0	271.7	413999	38532.223	381470.22	487.4435	-140.01402	-386.99103	43.292606	3228.609359025955
1187.5143	517.52356	2315.483	833.3967	3213.7637	450.32974	3580.0798	2263.435	336.0	915.5	415999	38449.52	380651.5	479.2867	-196.8231	-386.15518	39.422604	3248.868921518326
1074.9983	352.0901	1596.7772	610.0069	2611.9407	720.9126	3528.5093	1585.4564	307.42856	764.9	417999	38398.43	380145.62	485.49887	-146.17747	-385.6318	42.17745	3268.0307700634003
927.71375	180.88475	1217.5763	729.6351	937.3325	171.45586	1417.5477	828.1435	272.0	314.9	419999	38295.832	379129.94	480.4465	-114.889885	-384.59747	39.49611	3282.8100032806396
1300.0648	949.8206	3056.7417	209.89812	1274.5442	558.906	2262.969	573.49567	386.16666	399.0	421999	38221.832	378397.3	472.4836	-214.21878	-383.818	41.67197	3298.8624324798584
1345.5674	204.13684	1592.9011	1050.6008	1255.1259	285.79523	2013.6819	895.92706	394.5	415.3	423999	38154.164	377727.38	470.4584	-157.16661	-383.1685	47.533215	3313.9425871372223
1299.9363	632.4053	2480.6843	825.7924	901.20575	384.47992	1851.8229	527.802	387.6	275.3	425999	38005.402	376254.6	470.58365	-192.1291	-381.64194	44.62183	3328.5078196525574
627.5769	373.8452	1503.5924	54.567352	1170.853	331.61853	1531.3898	402.4804	208.88889	339.6	427999	37882.402	375036.88	469.13467	-169.27756	-380.37823	39.85004	3342.261556148529
1158.9688	704.22003	2688.9382	654.8802	2010.6953	1184.8425	3393.3752	767.7701	345.5	594.1	429999	37661.03	372845.3	469.77194	-142.94173	-378.0453	39.071712	3358.8546240329742
1117.1902	451.24573	1816.1418	555.31964	944.942	50.038048	1066.8396	864.154	324.5	275.9	431999	37483.2	371084.78	463.9666	-102.968994	-376.32425	44.068806	3373.4642000198364
1414.0422	783.29913	2934.2795	736.114	1018.93884	234.88066	1326.1382	719.3504	400.2	294.7	433999	37337.168	369639.03	466.3196	-127.13675	-374.83557	40.48099	3388.1993968486786
946.202	401.6999	1534.0497	35.845016	853.882	19.313171	883.8361	824.4446	272.25	252.8	435999	37276.824	369041.66	468.2728	-155.39299	-374.2549	37.07881	3402.8230180740356
926.98645	115.184906	1043.5111	741.12634	890.429	103.2142	983.88153	651.3942	263.57144	260.8	437999	37192.336	368205.22	468.889	-134.2818	-373.4195	39.635868	3417.4311027526855
736.4889	231.02371	1123.6085	271.66464	1012.591	164.83844	1355.4619	848.2716	231.11111	295.7	439999	37069.516	366989.3	468.97394	-130.97809	-372.16617	36.775883	3432.4651832580566
1211.6145	1059.2296	3321.887	543.6893	771.4951	190.18613	1268.1884	658.68713	383.0	274.8	441999	37022.83	366527.12	468.10785	-136.70212	-371.72144	43.546204	3447.2200231552124
618.03827	244.99922	1130.1964	334.10913	801.0491	297.66226	1057.7205	311.8806	211.7	250.0	443999	37053.887	366834.53	464.5813	-142.891	-372.06845	40.178806	3460.623768091202
899.15094	332.0943	1406.9928	366.93335	2142.0884	1042.2162	3575.0505	703.90015	284.5	618.7	445999	36973.504	366038.8	465.88083	-101.65155	-371.2303	37.1376	3477.2948853969574
1536.2671	619.92755	2715.499	1051.7214	2794.2913	568.608	3455.4155	1986.8954	449.8	795.2	447999	37053.945	366835.12	461.27505	-249.27179	-371.80658	36.574364	3496.2993450164795
1481.1719	289.9166	1942.8259	1216.5316	1532.2568	618.06805	3024.4985	568.13763	430.75	482.0	449999	36942.41	365731.0	458.01205	-111.81651	-370.64902	37.95946	3513.3618042469025
1110.722	472.59363	1937.8522	473.74265	1338.7865	168.56593	1552.3069	886.03723	350.16666	367.5	451999	36989.285	366195.0	457.21954	-205.62024	-371.16318	33.05876	3528.727499485016
1919.4397	796.8677	3266.557	1194.1444	3388.0586	20.22994	3409.1118	3342.2957	559.75	1000.0	453999	36939.72	365704.34	453.58395	-193.8553	-370.61273	35.655514	3549.627697944641
1765.6576	426.29526	2195.3472	1184.5934	3075.8794	599.64355	3392.9622	1574.6023	511.33334	910.8	455999	36954.97	365855.28	455.50925	-161.57346	-370.80475	34.883762	3568.381170988083
1368.8746	774.6183	2963.6726	511.79947	1299.2771	291.61142	1771.8259	990.77936	402.83334	384.1	457999	36956.89	365874.34	454.8052	-129.58795	-370.7903	32.907494	3584.055253267288
1260.1731	308.24954	1688.259	856.4676	1229.0107	91.580894	1358.4092	1098.6761	357.4	350.1	459999	36863.504	364949.8	455.30722	-119.968414	-369.8001	33.30928	3599.395020723343
902.5629	301.63757	1203.4615	436.29745	1642.0906	486.6468	3053.5781	1315.1115	271.33334	445.1	461999	36804.746	364368.12	457.76813	-142.57228	-369.2391	38.899193	3614.599400281906
1505.9521	762.2085	2378.2131	434.09543	249.57791	44.184208	289.58453	137.94205	452.5	104.9	463999	36808.117	364401.53	458.5311	-147.49728	-369.29892	35.137665	3627.3209822177887
558.6062	823.7669	3091.998	31.159037	207.38399	30.409355	247.11562	170.7028	180.78572	92.6	465999	36805.617	364376.78	465.5669	-166.88406	-369.34113	43.617264	3640.6504225730896
1217.1578	935.4847	2971.206	476.9019	1130.8474	983.52527	3480.791	363.17014	362.33334	342.3	467999	36830.848	364626.56	459.5409	-163.88289	-369.55295	43.562042	3655.801767349243
1047.2563	538.0019	1713.6669	216.53119	1217.9587	126.460175	1374.1055	1046.1693	322.83334	364.8	469999	36794.812	364269.8	458.16492	-89.96764	-369.28476	43.254757	3670.687660217285
699.75653	634.0575	1785.2219	35.46059	1460.8245	931.77136	3309.7336	313.03348	222.33333	432.4	471999	36909.79	365408.1	460.36658	-108.40336	-370.38843	43.3692	3685.7317826747894
1624.892	821.5404	2771.9087	891.20404	1570.402	456.49106	2763.824	1211.8639	462.0	429.2	473999	36912.71	365437.03	461.68875	-105.59544	-370.4081	40.96548	3699.2903110980988
1854.9078	859.2031	3099.8176	728.68427	472.0546	510.27936	1685.2333	102.54	527.75	169.5	475999	36919.9	365508.2	463.84122	-140.95662	-370.50787	41.54376	3712.853494644165
1006.8226	799.8895	3075.506	106.48788	2362.106	941.3266	3529.4595	1144.7185	300.22223	660.3	477999	37085.67	367149.3	468.06793	-324.1571	-372.23547	39.106102	3730.5695853233337
716.6983	402.60403	1240.4569	256.67188	765.24963	6.070367	772.3658	752.5672	223.0	228.5	479999	37191.883	368200.8	481.3011	-166.02844	-373.4095	41.047733	3744.2922492027283
309.11478	422.45334	1230.768	6.284635	1031.6564	531.51215	2032.4489	82.38682	102.23529	302.1	481999	37305.566	369326.28	480.89273	-216.53012	-374.4435	47.974808	3757.868718147278
855.2663	583.26886	1970.7604	80.25039	605.10626	402.1463	1308.043	330.2706	251.66667	214.1	483999	37322.105	369490.06	478.5853	-210.59813	-374.69006	54.43176	3772.3274257183075
623.1525	318.29007	1162.3999	281.18234	2.32212	0.70768684	3.549454	1.487643	214.5	24.6	485999	37424.195	370500.75	482.17206	-156.65619	-375.7632	47.31364	3785.733845472336
557.8956	674.1267	2078.8958	1.9068332	571.0917	382.26328	1480.5541	327.33923	198.27272	213.7	487999	37484.797	371100.72	473.8372	-109.8354	-376.44403	47.63109	3800.1968278884888
680.76025	366.2599	1209.322	240.22638	1313.7461	477.66458	2514.765	945.2485	227.0	387.1	489999	37587.438	372116.88	475.97562	-133.92926	-377.5222	55.6861	3815.7941539287567
460.594	345.2275	1063.5018	149.08992	617.4225	77.77751	754.99585	499.6754	168.0	204.4	491999	37651.58	372751.84	483.23975	-186.74121	-378.12195	52.267147	3828.5504076480865
605.8554	264.92984	1292.1116	386.79007	869.9579	33.624798	902.23285	780.2498	200.55556	255.2	493999	37616.37	372403.3	483.747	-178.08383	-377.73257	56.30323	3843.1905047893524
664.64514	424.47757	1701.905	184.0481	267.40585	46.92143	310.4862	155.28992	214.3	109.7	495999	37461.824	370873.38	485.16757	-208.01637	-376.17624	47.025444	3856.5531063079834
608.90857	391.89774	1558.9568	312.23172	484.22638	105.99877	591.41797	311.75723	195.3	161.7	497999	37472.344	370977.53	482.22324	-152.0468	-376.29007	49.34343	3870.1859641075134
604.77423	645.4553	2405.1643	224.6938	871.5709	224.62903	1259.8792	575.20044	207.11111	265.2	499999	37475.207	371005.94	489.14307	-143.84528	-376.38376	48.569275	3885.1400752067566
1600.5	633.7324	2243.3438	612.01196	2119.2917	890.0936	3349.4001	1030.0776	488.75	649.0	501999	37500.242	371253.8	481.90216	-242.34392	-376.7652	52.626865	3903.517294406891
1366.3278	265.34848	1757.8561	990.81836	1015.96936	8.674378	1028.2988	1004.1339	381.0	307.5	503999	37603.96	372280.62	479.4394	-263.00333	-377.76843	48.178368	3917.6390368938446
1020.2441	219.39748	1307.9462	755.1236	1471.7522	416.94977	2208.8838	732.9025	304.83334	433.8	505999	37710.316	373333.5	479.23132	-195.94496	-378.8265	52.809452	3933.0620532035828
1077.6866	273.85684	1502.9049	794.7681	920.95447	35.770157	983.10675	847.64905	309.14285	265.4	507999	37751.13	373737.5	481.4989	-110.351524	-379.16974	46.644585	3947.159752845764
1054.3992	233.74748	1426.3973	850.2704	972.7152	80.42979	1195.6442	892.2761	301.0	271.7	509999	37741.29	373640.12	482.21143	-167.8523	-379.13574	48.10667	3962.0742812156677
1404.2411	382.78613	2179.979	1064.1818	1400.6447	695.21814	3274.693	614.1834	390.0	394.4	511999	37780.31	374026.44	485.2018	-163.7456	-379.50143	48.23936	3977.3214161396027
1048.6335	495.3365	2222.977	573.90967	864.01855	164.096	1223.4819	617.5184	308.57144	260.9	513999	37842.406	374641.22	488.74103	-219.44632	-380.16956	45.592937	3991.9484469890594
1173.33	379.3052	1702.6208	638.60944	1118.8894	162.679	1525.0865	943.62445	334.16666	326.1	515999	37877.12	374984.9	493.53937	-131.54346	-380.4378	45.793526	4007.4126827716827
1005.49506	292.7957	1448.3557	453.3661	3210.2505	546.19806	3500.198	1828.1588	300.5	915.8	517999	37889.844	375110.88	491.80115	-194.57683	-380.54562	47.977455	4027.6668705940247
925.5082	318.96344	1336.1251	470.19534	995.9281	170.5968	1493.4049	891.2365	281.7143	304.4	519999	37859.605	374811.53	486.80948	-165.55078	-380.15112	42.771652	4041.5921742916107
1033.1062	383.50027	1762.4001	428.85388	1360.5406	475.72635	1922.0903	251.17566	314.57144	391.7	521999	37728.258	373511.2	495.25485	-106.22161	-378.89777	49.31626	4057.07417011261
1464.2014	845.39014	2511.2095	253.24146	236.05286	3.8830402	241.25099	229.65434	442.75	111.0	523999	37695.406	373185.97	484.70764	-113.50904	-378.60992	42.893196	4070.2709369659424
1423.9734	446.60364	2103.6672	950.77997	1201.2848	85.33188	1288.2954	1049.5148	419.0	322.5	525999	37672.57	372959.88	485.7949	-146.88217	-378.3048	41.498474	4085.2420229911804
1017.38275	486.4189	2036.0045	320.71823	309.79883	46.966698	391.74268	250.99939	307.7143	130.0	527999	37683.715	373070.22	490.19943	-137.04167	-378.4568	43.742138	4097.958961009979
920.0722	521.0813	1721.2708	283.707	1230.9802	241.74928	1630.8308	855.11816	293.66666	431.0	529999	37775.137	373975.28	494.6028	-232.18765	-379.52124	47.030205	4113.994931221008
490.14258	442.78992	1469.8005	77.99925	315.34033	7.478185	329.02734	298.9454	201.09091	156.3	531999	37912.094	375331.12	491.90704	-140.11134	-380.7975	46.25773	4127.999104976654
617.71136	280.33603	1054.8427	321.85504	1045.0361	15.612746	1069.2903	1019.65393	213.0	300.6	533999	37737.344	373601.12	497.23795	-123.65374	-378.96283	50.718628	4142.756662607193
860.73083	112.24764	1062.1818	724.13513	1376.2572	90.764656	1551.7046	1294.3575	251.0	372.1	535999	37714.61	373376.03	500.03494	-185.78879	-378.89285	48.100784	4159.155111312866
883.0322	451.1506	1721.5883	241.86069	241.79805	3.72171	248.74065	236.60884	261.125	104.0	537999	37679.027	373023.75	496.34195	-190.47913	-378.5012	48.51389	4172.294693946838
765.5343	288.78528	1181.226	257.5847	931.14636	9.419732	940.1301	906.76965	236.42857	258.1	539999	37691.906	373151.28	497.81613	-122.12218	-378.54413	46.178345	4187.2528076171875
1148.0619	321.90765	1783.0834	770.39716	860.12335	14.794209	897.6023	844.55206	318.85715	244.3	541999	37696.145	373193.22	493.44092	-100.20051	-378.60257	51.708374	4201.231181144714
1059.4481	178.35738	1386.9974	850.66296	621.2314	391.82852	1254.3828	290.0426	349.5	209.3	543999	37533.87	371586.72	500.67285	-175.28036	-377.0071	51.953445	4215.524570941925
363.8682	101.795685	617.86884	225.17284	125.43961	13.617518	147.60875	103.32103	175.4	160.5	545999	37542.316	371670.38	497.62292	-200.9753	-377.18515	52.22262	4228.989915847778
513.2543	485.09592	1418.776	56.36877	479.378	642.4477	1817.3584	141.87859	232.33333	266.8	547999	37479.11	371044.62	491.21298	-224.30273	-376.42932	60.36829	4243.195587873459
1189.758	149.71672	1334.5739	906.2059	651.1249	248.81778	856.5878	169.80238	323.16666	241.2	549999	37423.688	370495.97	495.3441	-148.57216	-375.98456	51.466103	4257.9734942913055
1462.2185	519.1108	2287.8125	777.6526	676.5343	195.6538	1093.4899	495.28778	425.0	231.3	551999	37368.37	369948.3	508.38614	-171.28842	-375.43387	57.75422	4272.429108142853
1606.0686	729.97687	2859.6763	1048.8689	2402.9895	495.26138	3358.5244	1377.1871	469.75	716.5	553999	37517.38	371423.47	512.0622	-151.28027	-377.00186	58.295216	4290.728653669357
1307.1388	451.56732	1942.7141	729.35944	3220.2944	359.5851	3431.3945	2459.9172	360.16666	944.2	555999	37565.07	371895.62	510.13177	-98.18296	-377.47287	67.2737	4311.340884447098
2285.6917	796.0585	3393.8079	1559.5221	609.63477	2.516772	613.12024	604.03986	664.3333	204.3	557999	37629.133	372529.84	509.6849	-132.76106	-378.15292	68.099884	4326.080352783203
1068.6693	357.805	1448.7114	439.5031	1093.5035	312.5315	1606.5494	626.432	312.16666	312.5	559999	37834.38	374561.78	507.4089	-109.88451	-380.30145	62.62277	4341.164286136627
540.5075	637.4343	1620.1567	20.688236	2247.0437	488.44592	2926.6406	1467.4797	156.5	626.7	561999	38044.2	376639.0	505.27322	-157.33836	-382.35443	62.28284	4359.082498788834
1636.5568	672.588	2716.5266	865.9248	2334.1658	728.2932	3322.3826	1313.1681	479.25	692.6	563999	38134.39	377531.9	507.7352	-121.70693	-383.2389	60.676582	4377.401443243027
1365.5376	382.18356	1996.6425	955.7221	1027.4474	116.343094	1317.128	875.21796	402.5	302.6	565999	38239.57	378573.2	504.86423	-157.10419	-384.2545	57.81595	4391.377759695053
1281.5471	485.1549	2243.3018	951.85736	1352.4518	422.51324	2295.6562	988.60034	373.2	383.3	567999	38321.777	379387.0	498.9583	-126.18919	-385.06412	46.60549	4405.973762273788
836.2571	352.05273	1318.956	334.76672	1181.9846	343.3555	1660.2828	303.91434	260.875	346.4	569999	38313.164	379301.72	499.02728	-113.43407	-384.924	65.439896	4421.148665428162
1380.2318	284.3828	1761.8036	948.4177	2015.7279	1009.00165	3430.6675	677.06335	386.6	593.2	571999	38239.97	378577.1	496.64096	-109.812744	-384.12573	53.569992	4438.204096078873
1259.1603	361.9249	1862.8766	877.0586	1636.768	680.6861	3523.9998	1029.3912	356.33334	436.0	573999	38122.145	377410.62	497.34128	-179.25479	-382.90463	46.70841	4453.850210905075
1213.8757	719.65594	2560.4324	397.58115	1119.025	77.67348	1311.9376	1012.85583	347.4	301.4	575999	37962.82	375833.34	495.25226	-119.20346	-381.3243	50.358112	4467.548209428787
1185.4894	189.29237	1539.8749	1011.07574	606.10266	15.15914	627.33215	582.83527	324.85715	207.9	577999	37860.496	374820.3	498.75623	-146.56628	-380.2187	46.97255	4482.534065961838
1280.5068	382.49487	1882.7838	723.9659	1190.7957	55.46003	1288.345	1105.9714	364.4	321.5	579999	37786.04	374083.2	502.40253	-133.57639	-379.47925	46.5425	4498.041019916534
1002.53033	706.26807	1970.7096	232.51433	256.12888	4.5293837	262.64578	246.21432	300.2857	121.1	581999	37798.547	374207.0	497.5496	-152.45251	-379.67258	51.75665	4512.127437591553
237.74007	301.26794	1285.4827	59.84286	245.7893	6.3654165	264.20645	241.32883	130.66667	123.0	583999	37801.49	374236.12	498.11792	-122.23321	-379.64465	55.30641	4525.571245670319
904.1742	1192.8031	3287.3362	258.32523	320.66278	7.862865	330.7665	308.31247	303.8	168.2	585999	37823.066	374449.78	513.1594	-114.85919	-379.89215	51.883682	4539.57612991333
476.71854	535.75696	2156.5193	205.61803	291.58765	4.897146	297.11075	280.5307	231.63637	136.5	587999	37814.27	374362.66	514.732	-187.88068	-379.87125	54.497807	4553.558887004852
280.38742	72.78639	400.75537	148.45218	256.36636	3.3117535	261.19604	249.19965	141.92857	120.5	589999	37827.824	374496.9	508.62302	-127.6725	-380.03568	55.197796	4567.6028616428375
251.38089	10.331239	273.20547	235.39828	246.58733	5.200118	257.0427	240.58029	116.76471	114.3	591999	37667.312	372907.88	502.65814	-96.32186	-378.45947	58.8185	4580.850935220718
248.46637	11.084318	264.97287	226.08316	238.89627	3.6620927	245.69716	232.52507	115.27778	112.8	593999	37389.164	370154.25	505.3055	-95.657265	-375.6516	51.20832	4594.464467763901
313.4091	230.0304	1173.0054	228.09525	252.46931	5.6603155	262.0044	243.79828	131.46666	116.0	595999	37090.027	367192.8	506.9942	-165.79485	-372.61075	51.6733	4606.541539907455
236.81728	16.457075	257.83273	204.26855	249.29387	10.158615	270.83905	235.1912	109.5	118.7	597999	36796.258	364284.56	498.06775	-124.80162	-369.70215	54.608707	4619.760298728943
246.49843	13.155905	267.50534	214.94566	263.96835	84.93417	503.3847	211.04045	113.833336	113.7	599999	36443.555	360792.84	503.93216	-97.03932	-366.14346	49.583645	4633.447288513184
234.06758	275.46774	1006.41425	43.957874	814.3626	314.85434	1120.202	217.1653	90.045456	242.8	601999	36136.94	357757.44	510.8139	-141.67207	-363.12286	50.61797	4650.213219642639
496.26352	258.20715	869.2575	137.23271	452.14932	4.447689	461.82758	445.61548	162.66667	165.7	603999	36035.11	356749.3	516.1934	-118.59571	-362.303	57.127693	4664.072066545486
190.97208	366.69556	1085.1898	17.836777	33.10247	1.1993409	34.49576	30.588877	64.6875	25.5	605999	36078.516	357179.06	513.45013	-112.728424	-362.88895	58.300365	4676.113570928574
825.9132	460.03647	1179.707	33.580845	1015.9235	68.12782	1093.7894	925.0433	235.25	279.7	607999	36280.26	359176.34	518.9372	-127.38639	-365.0198	69.410034	4691.365961551666
892.1122	347.47058	1345.6447	419.68967	416.78476	279.783	1242.9908	252.11292	262.0	160.5	609999	36460.113	360956.88	520.2742	-94.66595	-366.67798	57.85492	4705.127690553665
648.05255	327.93536	1163.6311	177.43912	421.44522	237.156	977.16876	224.66861	209.44444	148.2	611999	36550.406	361850.8	514.60095	-87.76734	-367.5998	57.906944	4719.216941833496
699.2819	349.23938	1086.4901	64.30416	1863.151	839.86646	3438.7366	886.07666	252.33333	569.2	613999	36592.48	362267.34	507.17957	-145.55817	-368.11487	59.931366	4736.091388940811
266.48526	584.42224	2039.1406	-0.03890921	1244.4832	404.581	1983.2806	851.716	104.565216	385.6	615999	36687.21	363205.16	496.41757	-152.80107	-369.15225	64.52511	4752.124599695206
1434.7584	494.72324	2380.9888	1060.4694	1070.9597	45.433777	1133.4747	993.84357	433.4	284.2	617999	36919.375	365503.6	499.73416	-196.2677	-371.62976	59.58709	4767.415040254593
840.5674	233.61281	1173.6244	433.86035	1321.2278	90.75748	1410.5941	1164.1327	242.75	353.5	619999	37186.883	368151.9	502.3195	-147.14148	-374.35013	62.588017	4783.107861757278
1074.9247	94.212906	1245.1533	949.52765	1132.8497	68.75309	1242.5054	1043.4272	298.7143	307.5	621999	37293.164	369204.1	504.25174	-177.3809	-375.2102	62.31219	4798.241406679153
1068.4891	463.11707	1746.2341	323.1046	1062.482	310.12277	1279.5172	478.51688	307.66666	313.1	623999	37320.84	369478.1	510.41626	-166.91582	-375.5509	60.91999	4812.915868520737
751.92944	372.0466	1156.0481	180.32715	97.84377	6.546069	104.664185	86.08692	239.66667	92.6	625999	37306.9	369340.1	508.43884	-145.3983	-375.49612	62.006546	4825.404093742371
628.08716	545.41284	1902.8483	113.31115	1318.5983	726.1846	3485.295	934.9124	250.625	385.1	627999	37373.62	370000.56	507.49048	-102.48938	-376.22278	65.97225	4841.124963760376
711.8185	487.62042	1459.8679	77.3457	733.99243	392.8001	1248.5708	80.777565	223.22223	226.2	629999	37367.67	369941.62	500.9819	-135.14796	-376.00266	58.61387	4855.791640281677
890.799	606.84424	2077.2158	77.84923	102.76482	3.130777	109.657135	99.62928	280.14285	84.7	631999	37221.76	368497.16	501.06537	-179.36499	-374.33508	59.979702	4869.429881811142
622.24646	604.3282	1503.3279	45.52741	155.01396	3.958499	163.40091	147.71234	229.25	109.5	633999	36992.965	366232.1	507.0111	-226.19281	-371.9765	62.292965	4882.802363395691
674.24994	539.8794	1674.0328	43.688297	375.52942	584.47943	1593.0734	73.11289	215.8	122.6	635999	36692.562	363258.16	509.6756	-129.74747	-369.03616	64.85151	4896.52198433876
374.6776	279.2989	1201.3396	36.02407	484.93008	141.64597	719.4784	170.9362	129.93333	157.5	637999	36499.508	361346.94	502.9188	-146.83331	-367.18655	64.86872	4910.500659942627
495.8159	302.58914	970.9169	33.35831	569.5975	1.8691237	574.1939	567.36743	156.23077	183.3	639999	36277.7	359151.06	512.5142	-152.53716	-365.03546	62.347702	4924.568277835846
855.1404	325.738	1615.7621	546.05695	2557.7593	491.5204	3410.4937	2116.3208	256.0	709.0	641999	36281.715	359190.84	512.5696	-198.62752	-365.1141	67.05464	4942.819538116455
1281.2528	287.2393	1713.7218	943.83325	1095.3767	870.0666	2540.5884	263.50363	357.2	352.0	643999	36367.93	360044.38	507.8078	-140.57088	-365.97037	74.575874	4957.913798332214
677.5548	712.5118	2334.8638	176.69017	449.93353	371.82324	1431.0073	156.32896	217.1	148.2	645999	36554.723	361893.6	501.53055	-139.66245	-367.8261	76.46972	4971.924950838089
425.29422	267.6884	1073.5339	150.36664	1258.6387	117.69501	1501.1212	1067.9674	141.63637	345.9	647999	36458.207	360938.1	503.7092	-107.07179	-366.91443	68.3128	4986.461050748825
1067.0448	533.99646	2418.7822	693.98334	1377.434	462.03323	2363.9907	1003.7037	312.625	414.0	649999	36542.113	361768.72	507.93524	-123.014626	-367.77994	59.24036	5002.309171915054
909.83026	425.85413	1481.8624	124.902596	1427.3047	302.91473	2090.7017	994.05383	267.14285	393.2	651999	36487.1	361224.1	502.87057	-199.48615	-367.12424	64.29518	5018.151509523392
1063.9061	279.09482	1615.2767	790.71704	1468.2421	754.0414	3292.2644	750.06744	304.42856	421.5	653999	36344.695	359814.34	509.65094	-119.70402	-365.62357	67.23626	5033.704353094101
679.3873	567.82996	1880.8156	107.10641	1436.4747	1076.8723	3264.6199	110.31139	220.66667	430.1	655999	36264.93	359024.66	495.78708	-107.56886	-364.8787	70.69921	5048.552119016647
575.13226	318.54697	1020.8254	97.3806	208.68497	3.3609273	214.35004	204.18713	202.1	110.3	657999	36216.44	358544.6	503.30432	-116.979294	-364.42215	63.181515	5061.623510837555
717.1437	248.82108	1105.5913	208.68707	758.6756	33.203148	820.7093	725.41895	237.625	254.8	659999	36071.85	357113.2	499.2942	-105.81185	-362.98492	69.04978	5076.197742938995
777.9149	219.03932	1316.0743	619.86554	707.3188	14.844116	729.7933	682.7416	250.875	237.2	661999	36040.465	356802.44	496.86136	-93.44437	-362.6758	65.83965	5090.968187570572
528.0993	182.03159	866.38495	288.2304	1328.8645	602.21564	2716.4324	711.49677	188.72728	381.0	663999	35856.363	354979.88	550.3912	-116.167366	-360.9187	67.35771	5106.367431879044
795.34326	338.2115	1338.9573	321.08575	620.548	97.873566	723.908	510.20972	249.0	207.5	665999	35885.6	355269.34	621.3422	-117.66048	-361.29584	73.1328	5120.392561197281
667.9225	444.44333	1185.4125	103.08781	135.97633	157.87502	568.9264	52.268993	218.0	82.5	667999	36127.484	357664.03	682.0324	-109.02182	-363.94318	83.87506	5133.946863412857
103.60788	368.19824	1884.7599	5.995907	972.9606	0.5179729	973.54504	971.7825	86.31035	1000.0	669999	36606.547	362406.7	738.726	-140.55888	-369.16608	91.61723	5155.495204925537
8.712479	7.9180427	43.38254	3.843153	9.835767	2.862645	18.344706	8.357135	36.381817	37.3	671999	36992.812	366230.78	734.2963	-140.50348	-373.3745	116.92848	5168.40212893486
86.134285	89.26426	362.331	30.344427	1111.1102	329.8246	1292.4897	139.58269	162.18182	425.7	673999	37326.223	369531.5	734.5442	-271.7634	-376.78186	106.88494	5184.934191226959
918.73755	511.46237	2001.7562	345.58755	854.26843	346.8301	1225.3594	201.37552	360.83334	330.9	675999	37768.54	373910.4	758.10846	-150.09665	-381.21887	114.35782	5200.780568361282
213.80707	201.0358	869.95	88.42188	377.38574	76.98735	488.22745	258.88446	168.58333	267.1	677999	38048.137	376678.44	786.18134	-159.93858	-384.1885	109.376274	5215.591104269028
208.38057	286.72375	848.90704	19.19813	581.36285	367.08237	1070.7878	162.61652	164.25	202.0	679999	38583.926	381982.78	781.3573	-123.29214	-389.74432	132.36707	5229.871914863586
651.56586	274.97205	1019.21686	242.25284	313.6643	222.23642	778.7974	140.42714	282.2857	151.2	681999	38860.117	384717.06	722.65173	-202.08577	-392.60944	125.82956	5243.541282653809
696.83405	533.68524	1599.1852	205.33746	232.08578	93.874825	499.808	164.95161	318.66666	258.5	683999	39149.684	387583.78	698.2447	-158.30998	-395.7135	132.99304	5258.40922498703
515.5272	499.26657	1506.8693	53.47623	185.991	30.164246	250.06107	162.60468	264.5	240.0	685999	39367.78	389742.97	671.6985	-163.99934	-397.60068	122.22719	5273.100848674774
214.78252	300.02734	1169.8047	45.138596	44.48219	0.5900249	45.854828	43.82936	171.41667	35.2	687999	39282.44	388898.16	652.83685	-141.67923	-396.45276	128.70917	5286.225942611694
156.92743	195.92557	698.8093	43.08201	162.93513	12.00263	190.46475	150.0618	84.045456	204.9	689999	39137.406	387462.28	633.8756	-220.11447	-394.99213	134.57143	5299.512346029282
434.73053	261.19662	913.54	148.43503	719.8278	63.85915	795.1161	604.7698	194.8	237.1	691999	38990.203	386005.0	627.6245	-213.8434	-393.60065	136.66635	5313.097558736801
819.0146	230.02982	1216.5034	435.10513	792.5269	98.298386	928.4114	524.4232	256.25	246.4	693999	38912.0	385230.8	604.9536	-131.11752	-392.8081	131.48502	5327.638990163803
1063.0887	206.71227	1358.6936	817.54694	880.5394	540.3914	2445.8816	579.46094	328.16666	286.6	695999	38970.04	385805.34	592.66534	-122.00061	-393.22607	129.7056	5341.151731967926
868.3685	175.42477	1103.1666	601.3847	783.0297	131.05281	939.1381	551.5085	278.0	247.1	697999	38967.027	385775.47	590.01056	-189.9481	-393.0542	126.2118	5355.333009004593
846.9322	189.16069	1175.5143	592.7408	710.2802	134.9013	971.3204	606.1935	299.2857	200.8	699999	38881.703	384930.72	586.575	-130.2136	-392.14957	131.81432	5369.749335050583
790.3729	491.89	1452.0278	78.14447	354.61115	391.28842	1370.8915	21.034834	294.57144	139.7	701999	38878.92	384903.2	578.9282	-139.7453	-392.03204	112.41689	5383.473667144775
632.39844	796.4001	2126.4465	60.44773	415.64078	291.87152	894.5583	73.293205	230.375	326.6	703999	38762.53	383750.84	561.75714	-132.52715	-390.6998	116.44797	5398.99368929863
558.7762	325.35986	1092.066	173.44684	278.97028	199.03099	849.55273	161.88557	359.83334	215.7	705999	38635.227	382490.5	542.12463	-191.5864	-389.4495	109.59169	5412.535529613495
232.67415	262.6763	847.0849	55.109436	92.43055	17.09702	110.578	66.10612	150.91667	82.9	707999	38449.055	380647.34	542.30457	-150.72218	-387.42313	114.445656	5425.683804035187
265.97726	265.3475	966.215	66.919395	936.16785	391.96265	1831.7947	361.81226	193.22223	366.3	709999	38400.746	380169.06	559.6196	-128.40538	-387.0612	118.046074	5441.64933013916
674.20294	537.7655	1706.5679	86.47206	868.3509	373.9708	1530.4425	205.87727	255.375	320.9	711999	38137.785	377565.8	582.7216	-113.41083	-384.4305	108.33489	5456.246853351593
682.7843	443.3102	1846.06	106.94323	2526.6802	1215.9478	3350.4067	653.0849	236.6	759.8	713999	38147.758	377664.56	568.4001	-128.1406	-384.77444	103.153404	5475.025127887726
828.60565	90.15965	964.1954	686.837	3355.3745	470.81256	3572.6438	1946.5869	228.33333	953.8	715999	38296.98	379141.88	566.4794	-163.71628	-386.22812	109.20467	5495.740521192551
1567.7039	1187.8606	3612.6047	673.43225	1612.2668	663.17065	2872.4077	964.5526	441.75	444.9	717999	38519.57	381345.5	567.82855	-161.06245	-388.323	109.202515	5512.134310722351
1280.5961	860.3845	3424.7808	698.65717	1216.3269	271.41788	1944.0457	931.2814	369.5	330.2	719999	38658.297	382718.88	566.1236	-78.117905	-389.8437	111.20575	5527.407155036926
1257.4817	495.37662	2173.0056	840.956	2758.4934	1058.3038	3418.8533	552.0316	380.6	823.3	721999	38831.395	384432.6	568.5527	-111.23868	-391.7465	111.192215	5546.850784778595
922.9793	648.44073	1948.3169	270.10333	1517.4321	812.24146	2899.8218	862.7613	279.16666	434.5	723999	39265.39	388729.2	566.5351	-115.12363	-396.07275	106.62828	5562.863379716873
1731.0054	1245.5038	3383.8157	274.01456	2181.739	517.7978	2824.112	1484.8226	524.75	672.9	725999	39492.574	390978.25	558.31226	-153.63376	-398.25797	111.640434	5581.769909858704
986.5615	445.9872	1887.119	499.16708	2017.8752	606.8779	2904.5786	1340.7483	310.85715	556.2	727999	39702.953	393060.97	548.6895	-158.07487	-400.32025	118.28444	5599.062009334564
1565.9806	1086.7156	3376.8872	484.29486	2512.2388	969.8272	3528.299	983.3045	468.75	728.7	729999	39865.094	394666.12	560.8656	-123.86204	-401.91794	116.78129	5618.165367126465
1403.676	398.83072	1934.5208	808.3376	1679.0911	415.92	2443.7231	1268.0477	414.2	473.2	731999	39964.254	395647.75	534.0954	-111.942154	-402.78607	115.813805	5634.586573123932
1096.2361	569.84515	2204.95	699.9701	1898.7832	660.4141	3054.7595	826.7542	338.0	531.0	733999	39870.098	394715.56	525.42926	-143.68304	-401.8403	127.476166	5651.747584104538
2088.0945	187.78133	2338.553	1886.4086	2473.011	591.246	3506.3682	1813.9805	584.3333	679.1	735999	39821.52	394234.62	522.6854	-184.31032	-401.16876	108.629715	5668.897392272949
2254.2007	819.0246	3234.7031	1271.0616	3427.6863	52.12076	3508.0386	3318.3118	636.75	1000.0	737999	39988.82	395890.84	525.8885	-160.81169	-402.97717	100.07119	5690.277483701706
1664.1036	424.1411	2235.031	1157.2219	2519.3418	768.7533	3651.7295	1604.0758	463.75	710.0	739999	40166.402	397648.8	523.61816	-113.83001	-404.6398	109.314545	5709.334726572037
2278.6814	518.15607	2821.9788	1581.1813	2803.5803	745.61755	3458.193	1375.6218	659.0	828.5	741999	40013.2	396132.1	541.6864	-174.39919	-402.95963	103.32202	5728.240740299225
1891.518	494.9351	2556.4797	1369.8004	1694.1155	843.6041	3322.6182	816.77325	526.6667	493.0	743999	39801.113	394032.47	540.57385	-197.40315	-400.69144	92.88606	5744.544701576233
1408.1317	988.0987	3487.6436	468.442	2416.4785	654.3249	3357.7385	1379.6151	416.16666	704.9	745999	39606.297	392103.78	540.8064	-132.18343	-398.81766	87.52668	5763.312294244766
1882.3427	1006.86914	3270.3274	578.3861	1483.8754	374.2205	2244.34	1126.2767	561.25	421.1	747999	39644.914	392486.03	548.45306	-143.7999	-399.2484	94.17797	5779.491202116013
1102.2354	353.80225	1555.3818	759.8829	2243.2068	868.1933	3660.3352	1345.313	311.16666	599.4	749999	39657.17	392607.38	556.09076	-176.51863	-399.3365	88.27019	5797.585247755051
1520.9277	403.74838	2288.802	1163.8228	2247.1274	1153.8457	3662.3132	1029.3978	423.2	620.3	751999	39700.06	393031.97	563.5777	-121.88301	-399.8437	82.88827	5815.326328277588
1125.0653	786.48004	2792.6077	376.91568	341.4121	411.30228	1527.1945	111.93671	330.16666	155.6	753999	39752.383	393549.97	574.6379	-155.01538	-400.2253	93.3785	5829.313322067261
330.18973	239.48195	1042.7968	73.339935	330.42892	95.37189	476.3792	228.896	133.66667	142.1	755999	39505.016	391101.1	576.0322	-147.91498	-397.78067	92.532814	5843.400115013123
421.93222	323.80246	1067.2626	75.088455	2063.2158	1078.6648	3343.179	291.1507	153.25	638.9	757999	39344.805	389515.03	583.49646	-195.07458	-396.1717	88.79269	5861.072057008743
987.5635	299.4493	1566.6096	670.209	790.19617	427.85883	1293.9363	235.57608	342.16666	328.5	759999	39212.57	388205.9	604.6938	-167.3819	-394.7575	85.66475	5876.45218539238
1021.30035	660.3354	1901.7413	223.4839	630.8133	359.50067	1509.7133	156.67824	369.16666	273.3	761999	39074.12	386835.3	605.4549	-149.59448	-393.37183	97.583885	5891.387646913528
851.22034	449.71506	1502.2421	378.04617	1578.2268	395.43588	2315.452	1138.2776	341.4	548.0	763999	39071.742	386811.72	604.95435	-138.03052	-393.37238	82.835526	5908.762687444687
1420.2964	254.74908	1770.172	1170.9548	1237.8439	1133.6924	3485.679	513.05194	447.33334	358.9	765999	38937.504	385482.72	619.3729	-128.67168	-391.92953	96.51516	5924.333302497864
1086.0372	1154.0514	3423.395	59.6813	679.2787	526.74524	1386.3127	76.41021	322.1111	215.3	767999	38808.71	384207.7	624.2585	-203.68932	-390.655	83.43716	5938.781467437744
950.6955	391.77274	1553.642	221.30331	2406.7827	1254.302	3316.1187	395.236	302.5	774.5	769999	38684.84	382981.34	631.24524	-157.98068	-389.30902	95.207	5958.318918704987
1032.5165	592.8716	2168.9346	394.20602	874.2674	206.15811	1100.6293	377.1918	336.33334	271.7	771999	38804.305	384164.0	623.80646	-158.38713	-390.39246	84.86101	5971.980584621429
786.296	343.20682	1140.78	145.59201	367.58047	39.58668	454.84177	311.1913	290.7143	241.3	773999	38981.297	385916.16	621.09595	-198.2662	-392.04327	81.05102	5986.5234360694885
984.1392	370.37637	1648.4299	343.63373	620.5777	445.07016	1361.8031	81.68854	310.42856	253.3	775999	39024.773	386346.62	610.82935	-178.30972	-392.51355	75.78192	6000.347921848297
744.25256	256.43326	1123.1478	491.84747	528.86554	55.77903	607.9839	424.4531	235.375	200.2	777999	39034.945	386447.38	619.4021	-177.99393	-392.6319	79.97309	6014.695306777954
760.21857	323.8561	1565.1249	470.00565	503.6063	12.776311	517.9551	467.91626	232.0	171.4	779999	39288.41	388956.7	621.6405	-189.58224	-395.11545	79.33097	6028.623179912567
974.61285	144.19182	1282.0386	802.3527	1384.7644	336.07526	1952.1846	910.59863	276.42856	404.1	781999	39418.445	390244.1	616.5548	-213.58815	-396.465	72.46668	6045.02264714241
1255.7683	597.35974	2218.0994	612.82806	2241.2468	630.7121	2915.772	1157.3693	431.0	772.2	783999	39690.45	392936.97	596.8298	-139.87868	-399.38013	82.31517	6064.507377624512
862.09686	917.5083	2743.397	50.21732	555.8268	675.8972	2000.4159	46.546364	294.375	202.4	785999	40130.426	397292.75	582.19714	-183.71188	-403.89725	83.74499	6077.3378694057465
1010.47485	243.72684	1383.0951	553.17847	1406.0779	633.0161	3025.1272	814.0096	333.33334	458.5	787999	40605.824	401999.2	567.7101	-196.00232	-408.45212	81.98134	6094.484061956406
669.89307	504.82065	1399.7657	56.013996	1239.8785	225.29147	1795.972	952.3253	254.25	373.0	789999	40766.117	403586.06	559.6801	-231.08745	-409.86414	70.98469	6110.906643152237
1075.3204	428.45404	1698.3611	594.7575	664.66943	153.89809	880.0603	512.1305	318.0	214.6	791999	40960.305	405508.47	552.0549	-145.45638	-411.88156	79.34689	6124.99032330513
1186.3208	598.01636	2307.049	601.92456	3389.7798	518.6508	3656.2546	2004.6621	347.83334	933.0	793999	41208.387	407964.44	548.09546	-165.97261	-414.46207	72.26957	6145.553626298904
660.43176	594.9981	1932.1234	48.174046	3493.357	27.549124	3567.8032	3465.891	202.33333	1000.0	795999	41463.45	410489.5	546.3191	-154.09236	-416.98593	73.294235	6166.380459070206
2806.6191	774.2891	3580.9082	2032.33	2390.1685	1390.9454	3532.8472	684.4732	760.5	686.8	797999	41643.22	412269.25	561.34955	-175.84175	-418.79263	86.53464	6184.597317695618
2020.1318	827.9125	3259.1829	1065.6703	1084.8513	209.7578	1447.8885	634.60846	595.25	341.5	799999	41788.31	413705.56	562.314	-182.33875	-420.202	85.48979	6199.5802483558655
1154.4791	943.05035	2626.3848	351.9676	1303.4144	418.0648	2153.2075	910.7405	350.33334	419.8	801999	41956.65	415372.12	564.519	-192.17203	-421.78653	71.3535	6217.286306858063
954.8973	520.85693	2145.4268	468.8137	3181.0134	669.59827	3428.0815	1172.5941	296.0	940.9	803999	42017.17	415971.22	559.2569	-171.64584	-422.40005	68.94549	6237.698815345764
922.545	434.87656	1406.961	246.38559	929.28357	216.39906	1540.4164	721.1065	293.16666	273.6	805999	42169.023	417474.5	555.341	-265.60693	-423.953	78.41789	6252.114358186722
1519.4037	494.5766	2232.7014	902.7328	1130.1346	54.66749	1283.5676	1076.0372	467.5	303.0	807999	42263.664	418411.44	554.3338	-291.79755	-424.76492	82.178185	6266.862773895264
2803.991	439.58035	3384.0889	2320.3933	3102.665	962.9427	3456.875	214.29114	816.3333	910.6	809999	42316.223	418931.75	549.61993	-192.61627	-425.2042	70.977425	6287.234128475189
1465.1117	723.2355	2237.5344	278.11856	838.6918	212.15099	1055.7891	469.16113	454.25	274.5	811999	42421.055	419969.62	536.69836	-133.7447	-426.3589	68.09436	6301.41112112999
1705.9658	243.10692	2013.0073	1403.5802	2988.31	569.8971	3409.585	1563.8573	505.0	882.6	813999	42518.82	420937.53	553.30493	-156.43872	-427.31897	67.665794	6321.336031198502
1308.9225	1340.8538	3200.239	244.83931	2784.861	866.67004	3263.2456	819.40356	409.0	869.8	815999	42643.023	422167.12	557.30536	-159.56554	-428.47513	69.438126	6341.328611135483
1344.6791	1208.8746	3229.2122	222.95488	1346.1539	785.91394	3258.4426	276.8848	411.85715	376.0	817999	42563.12	421376.12	568.7209	-130.5531	-427.61374	64.50148	6357.344164848328
1217.8145	1250.9159	3323.3628	239.37987	298.23053	175.43088	816.9166	215.64891	390.75	120.5	819999	42520.223	420951.47	634.0863	-121.17033	-427.29205	77.974236	6370.1997582912445
188.67744	434.15125	1710.4489	12.400057	46.3971	1.4611565	49.215927	44.152023	73.35294	36.1	821999	42663.37	422368.6	669.61664	-184.36154	-428.6802	86.82183	6382.533148527145
138.10277	154.0366	609.1374	43.0808	437.6607	344.1686	992.37854	89.18062	94.55	334.2	823999	42711.77	422847.75	608.1764	-222.60872	-429.53967	115.896965	6397.849048614502
980.1224	6.2371826	986.35956	973.8852	1908.4963	622.9457	3509.1028	1302.946	1000.0	522.8	825999	42913.64	424846.22	557.4072	-218.76474	-431.81906	100.65375	6414.967164516449
1171.2584	1084.9376	3473.5981	131.99956	1385.9802	269.585	1669.9535	972.4411	342.16666	367.6	827999	43231.74	427995.38	555.09644	-154.58676	-435.27176	96.98626	6430.334573030472
1028.8888	298.34152	1629.8728	652.519	1452.1183	425.49338	2281.6995	1036.09	280.83334	391.5	829999	43416.72	429826.72	528.4869	-220.43071	-436.81317	87.248055	6446.030766248703
1649.3318	75.50743	1750.3118	1545.9125	295.442	2.464858	299.3208	292.1045	451.5	130.4	831999	43347.473	429141.22	528.0945	-154.83223	-435.96243	100.62083	6458.3779854774475
2166.5654	448.4516	2898.9111	1721.8146	2399.1282	1327.8711	3382.3901	279.95505	593.25	746.5	833999	43238.86	428065.94	537.6575	-229.46951	-434.76157	81.21695	6476.706864833832
1909.0326	1440.9651	3349.9978	468.06747	1003.28955	0.574864	1004.19025	1002.0576	640.0	1000.0	835999	43071.406	426408.1	545.93054	-174.41158	-433.02237	79.59878	6498.369603633881
1570.564	1027.6979	3342.1992	826.0047	2317.101	902.78424	3539.4739	1462.1924	638.25	632.1	837999	42985.883	425561.4	555.8741	-130.03804	-432.1589	84.83843	6516.600918531418
1346.9537	778.758	2947.2896	487.0402	197.01387	1.1970768	198.73317	194.98433	372.83334	90.8	839999	42852.906	424244.94	567.1966	-174.46336	-430.87656	76.10611	6530.194469451904
1080.2805	164.71396	1299.5024	806.51483	783.1559	835.0113	2194.7747	125.78594	296.42856	281.4	841999	42735.48	423082.4	564.4854	-135.03722	-429.57285	84.07037	6544.360657215118
844.97394	344.40082	1334.9349	382.91272	669.004	204.7019	1160.8375	485.89807	286.66666	272.3	843999	42545.117	421197.8	559.614	-105.55981	-427.57156	72.0911	6559.590317487717
1122.625	312.40448	1516.4363	764.9344	1434.1736	307.34232	2076.6243	1179.2678	362.83334	432.7	845999	42264.43	418419.12	555.14746	-106.29238	-424.90036	77.3662	6575.169529676437
1013.3387	437.3679	1397.9021	375.87802	1582.2582	1170.9417	3371.4646	39.634075	320.33334	428.3	847999	42148.57	417272.16	553.5321	-152.04834	-423.72278	65.28042	6591.091862201691
566.4286	451.95892	1541.9395	133.51611	1582.7657	709.62256	2526.215	256.9827	197.36363	483.9	849999	42097.586	416767.4	549.0375	-211.54974	-423.22888	77.054955	6607.8070385456085
799.1845	445.1766	1537.666	291.83704	1551.8457	191.1566	1939.6191	1370.9341	244.25	421.9	851999	41977.727	415580.75	543.39355	-286.9864	-422.02365	87.323875	6623.634598731995
979.59076	375.20053	1639.3821	195.60634	1355.1458	104.32452	1488.3213	1144.8676	266.0	351.6	853999	41785.176	413674.5	535.9602	-262.49255	-419.99106	71.02828	6638.807621479034
1102.1635	63.904564	1196.5438	1044.1827	1393.9109	242.48198	1783.0538	1160.2805	296.66666	367.3	855999	41709.457	412924.84	521.4915	-158.4768	-419.27246	78.85964	6654.442131757736
1077.267	151.40393	1236.6494	858.1907	2800.1	863.208	3583.3486	1613.989	294.16666	771.3	857999	41788.5	413707.38	523.72174	-216.78954	-420.03812	78.311	6673.004579305649
1309.8212	582.4354	2603.5215	769.399	1101.3773	68.828606	1179.4924	960.14636	348.2857	282.1	859999	41714.17	412971.5	532.7064	-225.70876	-419.17465	72.11025	6687.646991729736
1046.4615	116.74639	1185.8438	892.8587	1661.193	655.2905	3584.656	1252.9838	278.2857	444.4	861999	41527.727	411125.7	527.25586	-169.73047	-417.33917	72.81344	6702.857493638992
1393.3013	211.96135	1700.7462	1181.3298	1490.0555	422.749	2545.4778	1060.8419	380.75	400.4	863999	41496.016	410811.72	516.7746	-253.86523	-416.9749	71.587685	6718.14341044426
1476.3815	670.4577	2907.0532	956.5978	2374.964	814.4637	3564.8105	1381.2443	401.5	655.9	865999	41441.0	410267.06	514.2177	-220.91753	-416.39664	64.62447	6735.686748504639
1383.2511	362.77	2041.5569	1017.2577	1167.176	109.53914	1396.3761	1048.5386	383.0	321.6	867999	41187.984	407762.2	511.02097	-155.49046	-413.77988	60.45335	6750.847982168198
1139.7623	310.08936	1793.0671	852.7091	1301.4105	122.85989	1535.1411	1139.9672	322.83334	337.7	869999	41081.344	406706.4	505.64432	-121.883125	-412.7566	62.791103	6765.099093675613
1065.9696	158.79753	1291.5813	877.1034	1209.1842	40.245243	1268.6472	1142.389	294.85715	305.7	871999	40850.01	404416.3	513.27997	-146.14146	-410.33148	66.39736	6779.589044809341
889.9336	113.56123	1077.2632	719.8144	850.5714	39.128193	913.8775	799.85925	243.66667	230.4	873999	40708.86	403018.88	500.3565	-111.80702	-408.91788	64.48424	6793.95414853096
896.7883	115.292114	1144.6155	753.13165	1066.727	84.86647	1192.036	955.57654	248.25	271.1	875999	40569.297	401637.25	502.42493	-111.084885	-407.5375	59.23771	6808.634035110474
1096.0927	278.55136	1665.6216	814.3806	704.54926	320.60602	1209.9048	493.08115	300.5	217.1	877999	40479.06	400743.9	508.70084	-130.91994	-406.60962	54.297653	6823.32411980629
1302.9956	853.84814	3081.0437	485.6391	2983.8037	854.6439	3665.6755	1632.8143	355.5	824.8	879999	40389.523	399857.53	508.33545	-110.668625	-405.64188	66.323235	6842.241256713867
2042.6378	1020.9461	3459.4907	1093.603	2533.9116	829.41016	3680.832	1547.0812	581.3333	693.3	881999	40392.777	399889.7	500.50668	-186.39336	-405.66803	59.327457	6860.480660676956
1897.0247	831.3264	3012.1301	1092.4548	567.3411	267.58902	1370.0782	474.00156	539.75	182.5	883999	40464.15	400596.25	500.33054	-142.44878	-406.45105	61.849907	6874.7824466228485
1644.7869	532.2482	2624.1812	1069.1653	1462.6229	919.3242	3709.789	781.6806	428.8	384.1	885999	40456.613	400521.62	503.10208	-102.46225	-406.33075	72.8109	6890.883454322815
2195.8508	1221.9333	3737.0173	748.2994	2940.2942	861.6028	3694.508	1450.2137	585.3333	793.5	887999	40440.168	400358.84	562.63916	-154.32555	-406.29984	74.30645	6910.341272830963
1898.4462	956.2119	3246.3455	1130.2229	2547.031	822.8044	3571.8594	1453.8667	503.66666	719.0	889999	40563.08	401575.62	550.824	-108.07887	-407.50574	62.16691	6929.428423166275
729.9991	987.41034	3402.412	74.13834	255.59187	439.15723	1571.2762	90.18895	278.0	152.0	891999	40612.625	402066.16	536.85986	-135.85144	-407.9823	66.901924	6943.32164812088
914.23615	624.0606	1842.73	93.07592	1489.3635	269.49094	1750.6879	738.442	300.83334	389.5	893999	40623.13	402170.12	509.5258	-163.99078	-408.18936	65.07172	6959.700218677521
921.3147	375.95535	1378.1733	36.860294	1013.6283	55.14954	1149.9539	942.8238	247.0	261.9	895999	40654.15	402477.22	515.6148	-151.15173	-408.51254	67.18886	6974.626888513565
1021.7222	291.0638	1474.875	625.2797	3480.3157	503.49017	3668.0293	1970.3165	271.0	948.2	897999	40479.523	400748.44	519.36505	-151.05647	-406.66812	55.563046	6994.7508862018585
2744.6711	940.17	3692.9993	1463.4231	1591.9753	342.31958	2379.2698	1136.3966	733.0	410.5	899999	40380.746	399770.5	504.90994	-145.45358	-405.5435	62.134605	7010.400264978409
2009.9003	508.2556	2779.4038	1456.7115	2920.0444	851.19543	3687.9504	1636.8297	519.0	790.2	901999	40246.656	398443.1	503.95132	-164.13252	-404.1981	51.734135	7029.717792272568
732.602	771.34216	1897.047	7.3239307	1367.1819	959.76526	2634.961	8.997348	213.55556	387.0	903999	40183.74	397820.22	514.92444	-131.16646	-403.4283	59.345287	7044.923470020294
1709.9514	371.57608	2042.4705	1080.5675	1998.8147	727.6021	3570.7961	1315.9438	452.5	538.4	905999	40035.97	396357.3	512.21	-122.48985	-401.97412	58.440453	7061.855127096176
976.8523	526.6617	1894.1849	179.88321	2382.4712	819.5036	3703.2747	951.1195	271.5	629.2	907999	39944.973	395456.47	520.91046	-269.94412	-401.14856	59.917328	7079.813623428345
1055.7969	470.34933	1779.7888	177.19418	1890.9514	597.948	3635.7556	1518.1102	295.85715	504.0	909999	39879.465	394807.97	512.42444	-132.25241	-400.53745	59.849075	7096.248256206512
1241.4845	227.42	1689.4451	979.0051	1191.5098	559.7217	2403.199	742.1075	340.83334	353.4	911999	39844.074	394457.6	496.6379	-151.58626	-400.151	55.953415	7111.267571687698
1306.0369	547.67694	2007.2218	532.7726	2114.76	881.7058	3791.5334	1360.0048	351.75	537.6	913999	39876.332	394776.94	492.75894	-143.15788	-400.4505	54.07795	7128.183687210083
813.9851	961.6332	3153.5398	221.01157	1097.2408	64.18488	1265.4788	1039.2024	233.77777	291.1	915999	39833.574	394353.66	493.2003	-142.42134	-400.0087	54.84492	7142.364332914352
1432.9686	666.3811	2506.5774	535.21497	3309.8267	429.30435	3675.9675	2538.653	388.4	905.3	917999	39754.586	393571.66	501.80026	-119.91161	-399.187	61.656326	7161.715652704239
1609.5415	1056.9299	3618.6755	500.67667	1801.2502	594.3775	3084.2954	1306.0684	447.8	486.8	919999	39683.383	392866.75	489.50186	-213.9653	-398.51376	69.428734	7177.0543212890625
1094.1244	258.8756	1554.7825	861.6731	981.8781	5.17751	991.09375	972.08453	307.85715	263.7	921999	39548.2	391528.47	499.4143	-114.10274	-397.16537	53.606133	7191.317433357239
1042.0945	397.14517	1987.7146	756.6234	986.71796	19.132767	1022.8	945.93243	290.14285	265.6	923999	39538.29	391430.4	499.15604	-137.01936	-396.80075	43.783085	7205.924365997314
852.27875	134.7392	1027.9086	564.25653	1211.9807	200.97346	1632.6489	993.26917	233.77777	324.1	925999	39506.36	391114.3	489.41318	-204.13441	-396.4336	46.933952	7220.744973182678
1069.7144	268.94992	1548.1461	731.91815	1114.6306	268.2547	1479.7053	838.0368	288.16666	295.3	927999	39292.06	388992.75	490.48602	-90.451164	-394.2738	45.39456	7235.469396114349
1447.371	191.76294	1733.0881	1199.336	2967.759	1168.7289	3715.8723	756.4482	386.66666	798.6	929999	39220.586	388285.16	487.92484	-102.56513	-393.5793	43.578827	7255.1234657764435
1645.0533	273.45825	1976.7004	1306.9603	3402.9114	631.37085	3839.928	1898.217	442.33334	910.2	931999	39120.004	387289.4	488.64276	-132.5776	-392.59564	45.08739	7275.597908735275
3359.0576	296.06628	3655.1238	3062.9912	2820.026	804.8416	3397.6582	1412.6235	887.5	855.1	933999	39135.984	387447.6	530.5782	-147.39124	-392.80902	47.61053	7295.362434148788
2535.6826	1013.0661	3573.5972	1279.6733	2930.5342	823.0055	3419.2754	1282.3002	702.0	852.8	935999	39171.89	387803.06	505.7894	-125.82895	-393.1563	46.463837	7314.427314043045
792.07574	304.2217	1322.9736	200.55917	951.25977	93.91849	1083.8258	747.2226	224.44444	252.4	937999	39174.676	387830.66	503.58438	-117.69465	-393.28183	45.081017	7328.7010452747345
983.88776	414.1982	1365.7493	31.742188	1089.162	536.5109	1826.139	30.547451	278.85715	337.5	939999	39334.38	389411.72	516.90326	-161.06586	-395.0117	49.53743	7343.400271654129
165.62367	328.4343	1027.9785	10.491171	354.01166	426.33075	1071.1663	9.479693	109.76471	126.7	941999	39525.457	391303.3	522.4836	-124.67615	-397.03027	52.31746	7357.134463071823
83.57396	232.6006	909.9778	0.32983503	11.472928	0.75737953	12.339204	10.056438	53.142857	36.2	943999	39744.945	393476.28	533.0841	-197.73987	-399.2987	70.15663	7369.818021297455
128.61786	239.19173	759.2086	0.85768527	969.16815	66.522606	1036.4801	841.8856	80.90909	282.4	945999	39729.195	393320.5	525.21796	-155.14407	-399.28714	66.583855	7384.939000368118
811.1806	504.34412	1324.775	125.76931	2486.1362	860.8198	2950.4812	761.712	476.33334	852.9	947999	39900.824	395019.7	522.32465	-136.61974	-401.1377	65.41791	7404.643107891083
2699.972	501.83975	3167.9077	2003.8982	680.35803	545.35864	1673.4054	324.87042	841.0	221.1	949999	40228.145	398260.1	530.3476	-98.23608	-404.26926	71.65458	7419.3738741874695
1092.6473	422.87848	1608.1096	309.0004	988.0075	34.958946	1065.2595	966.9799	320.57144	298.5	951999	40400.992	399971.25	532.74554	-174.89014	-405.95813	56.38542	7433.883498668671
1315.3259	502.19098	2155.1802	912.1666	3559.2637	20.52748	3584.557	3514.4988	367.5	1000.0	953999	40553.36	401479.7	529.5657	-195.56607	-407.40543	68.50249	7454.690505504608
1456.7393	439.865	2178.4033	1009.359	3168.8335	755.23364	3575.7217	1378.4897	397.25	891.2	955999	40651.17	402448.03	520.1224	-151.25494	-408.43243	61.301094	7474.496386766434
2381.5034	1025.4325	3431.466	1345.2925	3504.9836	245.28662	3726.3196	2976.0244	682.5	958.2	957999	40819.637	404115.78	520.96075	-224.8669	-410.08517	63.50389	7494.5170981884
2188.4531	157.59326	2341.0354	1971.4763	2730.1519	931.4396	3380.7039	1134.8196	602.3333	807.3	959999	40833.336	404251.4	510.01642	-200.65845	-410.23334	54.34187	7513.383756875992
1467.7653	1114.4426	3150.0107	263.2687	660.47784	52.257404	719.71936	583.2329	498.0	277.7	961999	40812.816	404048.25	513.3753	-129.91628	-409.99692	58.865284	7528.097822904587
927.17523	657.8179	2272.4824	326.79437	402.86798	190.55092	704.5893	128.09758	349.14285	209.0	963999	40920.527	405114.53	511.88553	-132.29779	-411.10132	58.330166	7542.427582025528
511.70923	308.60437	846.1934	107.16607	1160.8278	591.5512	2233.884	592.1424	233.0	388.6	965999	40832.176	404239.84	511.9129	-134.46149	-410.07632	57.52464	7556.178372144699
1996.1976	1146.5979	3270.4614	490.60776	2140.567	868.3413	3282.5305	1108.4092	637.3333	672.1	967999	40761.92	403544.28	510.75208	-133.94406	-409.49463	66.749695	7570.4010508060455
2777.139	638.6432	3420.2947	1906.4158	3164.2764	667.27386	3646.8235	1597.1808	817.3333	867.7	969999	40837.12	404288.75	508.42078	-142.60587	-410.19125	64.38126	7585.554859638214
2122.8816	327.16534	2471.1372	1684.9465	3478.0981	402.49838	3745.8843	2577.943	572.0	936.9	971999	40878.797	404701.3	510.0938	-171.28813	-410.59726	56.893837	7601.417931318283
1245.3387	1025.3657	3189.6165	383.5218	1160.1102	802.9437	3438.6353	733.6645	354.57144	349.6	973999	40927.33	405181.72	507.68777	-112.19529	-411.03537	57.685616	7613.253364562988
666.2076	222.43738	1135.3994	452.8636	545.2763	224.08154	1211.2482	427.57974	218.88889	193.4	975999	40899.168	404902.94	507.15662	-141.8341	-410.81067	56.02941	7623.815190076828
1231.3413	595.5306	2032.8302	497.17578	560.03345	144.77036	856.1407	477.88736	373.2	201.1	977999	40775.31	403676.78	508.87167	-116.00011	-409.57773	59.102684	7635.118655204773
2240.3997	1037.0203	3276.442	823.4464	1396.9114	681.8795	3256.0967	791.928	657.3333	439.0	979999	40838.695	404304.22	503.10257	-108.803825	-410.1748	64.822495	7647.4971623420715
1146.4103	675.72217	2261.7097	383.68228	3048.6372	1088.7173	3621.2153	868.6161	341.0	853.0	981999	40772.383	403647.75	499.9604	-342.6821	-409.7312	60.053864	7662.089812278748
816.31714	170.34444	1065.2577	501.65198	886.028	94.77454	1006.4509	635.4456	238.22223	246.1	983999	40729.07	403218.9	498.46924	-120.66549	-409.21878	63.121025	7673.230535984039
1096.889	114.300995	1211.1901	982.5881	987.81775	0.55895036	988.7247	986.7946	669.0	1000.0	985999	40528.926	401237.5	502.12534	-126.472115	-407.0523	58.249763	7688.702325105667
1110.8352	167.25891	1347.3672	990.9017	889.3548	157.49136	1276.1106	764.6526	818.6667	250.0	987999	40280.406	398777.2	499.84982	-152.96771	-404.61182	60.679604	7699.904826402664
1021.7281	276.25443	1384.5016	619.207	863.26044	142.99944	1154.4318	741.8649	343.5	227.9	989999	40178.914	397772.4	498.0032	-97.52197	-403.67953	65.85479	7710.872118473053
1044.3325	334.02292	1482.5625	583.503	1084.3044	88.65773	1146.2322	842.1023	287.57144	289.7	991999	40099.746	396988.62	504.2191	-137.9629	-403.0513	61.515354	7722.3707666397095
1610.6799	491.179	2320.2615	1042.2777	1001.93494	40.01174	1030.5125	916.96967	432.4	273.2	993999	40294.043	398912.16	505.1423	-111.404015	-404.8903	57.296043	7733.735340833664
1124.4182	292.3406	1584.5826	782.1479	1054.9135	37.87576	1107.2386	959.10815	311.33334	272.2	995999	40330.375	399271.8	513.80695	-141.25694	-405.16397	53.917313	7745.035691022873
2317.6282	890.4367	3496.7983	1345.31	3589.6594	26.906775	3623.8113	3535.1687	649.0	1000.0	997999	40350.047	399466.56	503.44766	-207.18835	-405.36218	60.354214	7760.169441461563
1230.3617	365.45404	1846.3921	935.22723	3446.4917	39.171608	3489.397	3392.1113	344.0	1000.0	999999	40329.78	399265.94	518.34015	-141.11794	-405.15594	52.696938	7775.373678922653
