AverageEpRet	StdEpRet	MaxEpRet	MinEpRet	AverageTestEpRet	StdTestEpRet	MaxTestEpRet	MinTestEpRet	EpLen	TestEpLen	TotalEnvInteracts	Q1Vals	Q2Vals	LossQ1	LossQ2	LossA	AverageLogP	StdLogP	MaxLogP	MinLogP	AverageAlpha	StdAlpha	MaxAlpha	MinAlpha	AverageZ	StdZ	MaxZ	MinZ	C	StepsPerSecond	Time
-273.2484	90.136635	-183.11177	-363.38504	-110.09155	1.1780912	-108.2337	-111.40421	1000.0	1000.0	2000	-2.387764	-2.378748	0.25495335	0.2959872	2.994309e-05	7.5354795	120.10693	0.5145578	-1.0002673	9.1455876e-10	0.20561048	0.08358951	-0.09270871	1.0000824	4.3235555e-05	1.0006547	1.0000019	26.06914	1462.7451	24.67626142501831
-183.53394	21.586983	-161.94696	-205.12093	-440.1045	71.19918	-326.12332	-524.0031	1000.0	1000.0	4000	-3.940753	-3.9394042	0.3366139	0.32180354	6.942111e-05	41.809063	666.34015	1.1436036	-2.4215012	-4.6789648e-09	0.2113152	0.090624996	-0.12493269	1.0000873	5.7735655e-05	1.0009643	1.0000017	23.615597	1627.22	48.096989154815674
-234.23953	31.097992	-203.14154	-265.33752	-329.09232	5.3466907	-320.102	-337.62094	1000.0	1000.0	6000	-5.203528	-5.20335	0.5061052	0.48067927	0.000103291975	105.14149	1675.6993	1.6802357	-2.0284715	2.2947788e-10	0.21162286	0.0944977	-0.12383666	1.0000874	5.676139e-05	1.0009291	1.0000017	28.130083	1908.9077	69.42639231681824
-229.99945	14.41423	-215.58522	-244.41368	-326.2309	23.48823	-271.29736	-353.86118	1000.0	1000.0	8000	-6.659998	-6.660225	0.44638282	0.42712396	0.00014380987	167.84148	2674.978	2.1109796	-2.4331706	-3.5263599e-09	0.2194123	0.12055967	-0.16538164	1.000094	8.364726e-05	1.0014732	1.0000011	25.03545	1564.4651	92.30065774917603
-179.03522	21.697823	-157.33739	-200.73303	-324.1091	11.143125	-296.1945	-338.21185	1000.0	1000.0	10000	-7.6124043	-7.612475	0.44187436	0.4284226	0.00018415399	193.50148	3083.9343	2.393285	-1.9071177	2.283752e-08	0.22466125	0.12846239	-0.16216055	1.0000985	0.000102551945	1.001888	1.0000012	22.66853	1758.1571	114.27984237670898
-180.98607	35.276337	-145.70973	-216.2624	-218.73941	56.68807	-157.39873	-327.35	1000.0	1000.0	12000	-8.813142	-8.812942	0.41409442	0.41423747	0.00035602492	184.79636	2945.1982	2.528597	-3.7483308	-1.6306341e-08	0.236746	0.17160252	-0.20855153	1.0001092	0.00014414621	1.0045285	1.0000006	21.59904	1757.2443	135.1380751132965
-165.74155	33.546806	-132.19473	-199.28835	-500.27386	64.139534	-410.62088	-566.0104	1000.0	1000.0	14000	-10.072229	-10.072252	0.34400415	0.34691405	0.00019778968	182.3249	2905.8074	2.3771865	-2.0985427	2.4279952e-08	0.252163	0.19277693	-0.2329297	1.000124	0.00019627197	1.0058407	1.0000002	18.574657	1572.612	158.85728311538696
-248.53546	80.340126	-168.19533	-328.87558	-55.79595	39.40263	3.0128627	-103.06622	1000.0	1000.0	16000	-9.889899	-9.888651	0.30156064	0.30265525	0.00020999098	188.64244	3006.4958	2.3232536	-2.4531798	2.6799738e-09	0.24783495	0.18774094	-0.25731832	1.0001199	0.00017828906	1.0044296	1.0	16.189049	1925.3369	179.92571353912354
361.97754	133.38228	495.35983	228.59526	335.89377	314.80188	848.7732	-90.9254	1000.0	1000.0	18000	-9.47964	-9.47902	0.34593672	0.33995014	0.0002190169	186.98193	2980.0303	2.3521147	-2.153433	1.8194318e-09	0.24713378	0.1821537	-0.26791668	1.0001192	0.00018332036	1.0045844	1.0000004	16.905493	1583.3826	200.82486867904663
167.212	48.230057	215.44206	118.98195	620.0214	418.5695	1090.903	-36.88662	1000.0	1000.0	20000	-8.101896	-8.102195	0.42077664	0.41213775	0.00023879613	190.81537	3041.126	2.4897106	-2.9065485	3.3243747e-08	0.24727078	0.20507006	-0.27914152	1.0001191	0.00017558006	1.0051243	1.0000001	17.370907	1617.2762	224.17052817344666
855.35706	236.25888	1091.616	619.0982	319.65994	396.33188	1176.7537	-176.5484	1000.0	1000.0	22000	-5.88787	-5.8892426	0.48969558	0.4858954	0.00025048453	207.59358	3308.5295	2.5667636	-2.2724123	-4.478246e-08	0.24380569	0.17397618	-0.25523975	1.0001158	0.00016330954	1.006162	1.0000001	17.109922	1979.9926	245.02486038208008
798.39813	410.04852	1208.4467	388.3496	641.85675	689.4323	1718.8022	-94.028564	1000.0	1000.0	24000	-2.0334408	-2.0352712	0.6535893	0.65047896	0.00026114483	219.14426	3492.6177	2.670719	-1.8793987	1.6080588e-08	0.23926285	0.1945223	-0.24807675	1.0001116	0.0001477944	1.0057062	1.0	18.867908	1634.0361	267.57749700546265
1567.7817	137.97412	1705.7559	1429.8076	942.2103	577.1078	1657.3934	-58.88781	1000.0	1000.0	26000	2.4974496	2.4958208	0.86149365	0.8784357	0.00038607794	203.93579	3250.236	2.891456	-3.583847	-4.1730703e-09	0.24238363	0.19041836	-0.28274462	1.0001146	0.00016711369	1.0073682	1.0000002	24.090244	1850.9385	289.3998427391052
592.1928	377.09088	969.2837	215.10191	621.34827	876.5062	1864.7218	-307.5044	1000.0	1000.0	28000	8.737984	8.736917	1.1139151	1.1594595	0.0003271808	236.3001	3766.0417	3.1122334	-2.1782231	-3.5990773e-08	0.24070406	0.20144735	-0.28703353	1.000113	0.00015903299	1.0067346	1.0000002	24.87294	1775.0676	310.316899061203
89.19116	426.2818	515.47296	-337.09064	1525.9755	478.1279	1874.5594	163.91364	1000.0	1000.0	30000	13.273789	13.272515	1.3244592	1.3997346	0.00071425986	257.29926	4100.718	3.3703024	-2.4177907	-1.6774237e-08	0.24292846	0.1909945	-0.25634524	1.0001152	0.00016430179	1.0043676	1.0000002	25.014101	1588.812	333.90695548057556
2282.3416	19.751465	2302.093	2262.59	1530.4203	648.9421	2133.9036	80.04588	1000.0	1000.0	32000	19.083021	19.080885	1.6118853	1.6894895	0.00013871207	256.81763	4093.042	3.5492117	-2.430689	4.5201926e-08	0.24404323	0.18687433	-0.24735594	1.0001159	0.00017020993	1.0052093	1.0000002	28.368559	1994.999	354.86536026000977
2358.8484	78.40527	2437.2537	2280.443	2133.5325	686.0467	2581.6487	204.25897	1000.0	1000.0	34000	27.991465	27.99067	1.9575744	2.037359	0.00034411115	285.9154	4556.7866	3.6255894	-1.9940041	3.2514333e-08	0.23892847	0.20540416	-0.25393307	1.0001113	0.00015536079	1.0055522	1.0000002	28.897196	1646.5004	376.0568833351135
1999.4369	263.4027	2262.8396	1736.0342	1925.2109	676.2136	2554.593	505.00854	1000.0	1000.0	36000	37.498016	37.497684	2.3637085	2.4842892	0.00047511922	276.7132	4410.126	3.6448994	-2.7160034	-3.5971404e-09	0.2426312	0.20394489	-0.28751594	1.0001146	0.00016630397	1.0046452	0.9999997	34.518696	1638.2588	399.37144112586975
2433.0303	68.462036	2501.4922	2364.568	2708.4758	178.60233	2937.9568	2309.113	1000.0	1000.0	38000	45.686962	45.687077	2.5597994	2.6593754	0.00030358677	295.29105	4706.2095	3.633344	-2.0352118	-1.1330918e-07	0.24578586	0.19233207	-0.30979156	1.0001174	0.00018870388	1.0055972	1.0000002	33.215485	1964.9966	420.4688501358032
2781.1313	111.08484	2892.2163	2670.0466	2923.2283	107.27481	3146.077	2727.1	1000.0	1000.0	40000	54.679733	54.678947	2.7330284	2.8893003	0.00027052683	309.5003	4932.67	3.621659	-2.1643856	1.874417e-08	0.2476018	0.2877416	-0.2686858	1.0001194	0.00018880022	1.0072422	1.0000002	32.09831	1601.505	443.3104546070099
2737.3398	17.362915	2754.7026	2719.9768	3039.7922	74.74355	3128.1216	2896.2822	1000.0	1000.0	42000	63.4962	63.495716	2.8612437	3.0607975	0.0005234265	311.9132	4971.1255	3.55676	-2.029765	2.2207201e-08	0.24807116	0.20176007	-0.26080158	1.0001198	0.00018406213	1.0076531	1.0000001	33.683228	1839.117	465.3646891117096
3020.3389	9.953003	3030.292	3010.386	3430.6257	91.979546	3592.6587	3282.0913	1000.0	1000.0	44000	72.92578	72.92656	2.971147	3.1952496	0.00019530448	321.58545	5125.2773	3.4398372	-2.0049603	8.6200984e-08	0.24505562	0.2163317	-0.31581005	1.0001168	0.00017453222	1.008025	1.0	33.37453	1791.474	486.44206166267395
3318.8096	55.840332	3374.65	3262.9692	3321.4712	103.035	3465.2383	3175.4875	1000.0	1000.0	46000	83.2701	83.2696	3.090162	3.384749	0.00033188149	347.52057	5538.6187	3.5984688	-1.9756578	2.9078127e-08	0.24325241	0.19468166	-0.27755648	1.0001153	0.0001720732	1.0061074	0.9999999	31.864107	1624.2722	510.00302362442017
3284.457	22.071411	3306.5283	3262.3855	3464.9395	123.22655	3647.5576	3257.238	1000.0	1000.0	48000	93.4898	93.48976	3.2277503	3.5422676	0.00042892012	338.89398	5401.1333	3.70304	-4.0698113	1.5821755e-07	0.24594499	0.19463433	-0.28986102	1.0001178	0.00017930898	1.0053942	1.0000002	36.947884	1957.3132	531.0949709415436
3499.7534	72.270996	3572.0244	3427.4824	3236.2075	1073.1915	3775.851	28.984966	1000.0	1000.0	50000	103.59194	103.59286	3.3601596	3.704648	0.0006953725	339.89484	5417.0854	3.6035233	-8.4933195	1.1313111e-07	0.24427028	0.19192863	-0.31906703	1.0001162	0.0001778712	1.0064175	0.9999998	38.650043	1627.1567	552.1264293193817
3694.6936	17.423828	3712.1174	3677.2698	3742.9683	90.66003	3919.0784	3601.82	1000.0	1000.0	52000	113.8273	113.82831	3.5505455	3.9237173	0.00074165117	350.74466	5590.0054	3.7350874	-5.1760087	2.2105873e-08	0.24530813	0.20253022	-0.47449586	1.0001173	0.00018761981	1.009576	1.0	38.21512	1615.4253	575.7478940486908
3687.7485	179.66064	3867.4092	3508.088	3431.183	93.498924	3548.8696	3262.6218	1000.0	1000.0	54000	123.618095	123.618706	3.7257824	4.045276	0.00025136428	341.80508	5447.529	3.7084434	-4.4587646	-1.8936842e-07	0.24725842	0.20982611	-0.30969936	1.0001189	0.00019330473	1.0069077	0.9999997	42.91981	1954.0283	596.928234577179
3828.2935	48.564087	3876.8577	3779.7295	3654.877	1044.0947	4206.7	559.50275	1000.0	1000.0	56000	133.19617	133.19682	3.879912	4.236668	0.00020489276	357.73187	5701.3623	3.6214187	-1.8854784	1.5863404e-07	0.24768502	0.2095972	-0.30838543	1.0001193	0.00020011896	1.0073723	0.9999999	41.33614	1628.6493	619.4366407394409
3842.5662	23.603271	3866.1694	3818.963	4014.0828	126.518295	4143.076	3805.769	1000.0	1000.0	58000	143.5343	143.53583	4.0878015	4.3984323	0.0004167025	353.79358	5638.5967	3.6177092	-2.8269196	-2.4486706e-08	0.24503878	0.23067603	-0.34780163	1.000117	0.00018669295	1.0071161	0.9999997	43.982735	1782.6162	641.6381006240845
4109.133	22.683594	4131.8164	4086.4492	3795.974	1095.8434	4349.403	519.5386	1000.0	1000.0	60000	153.43628	153.43748	4.2600365	4.531417	0.0004310837	363.89456	5799.583	3.6346579	-4.4387894	1.1077076e-07	0.24541453	0.23541719	-0.30192772	1.0001173	0.00019297298	1.0076439	0.9999995	43.320835	1800.1283	662.9422407150269
4084.4841	70.01831	4154.5024	4014.4658	4194.5947	707.9156	4610.508	2091.2998	1000.0	1000.0	62000	163.98555	163.98697	4.273621	4.530092	0.00030473288	398.349	6348.7017	3.917224	-2.1133492	1.7400831e-08	0.24379863	0.24855144	-0.36289686	1.0001155	0.00018366927	1.0070314	0.9999998	38.01893	1616.5137	686.5749394893646
2822.948	1355.141	4178.089	1467.807	4654.482	67.91452	4782.9067	4577.828	1000.0	1000.0	64000	172.98232	172.98415	4.541476	4.8218775	0.00038968297	389.33035	6204.968	3.9428127	-2.310532	-2.0711497e-07	0.24764104	0.23944432	-0.38413543	1.0001194	0.0001997393	1.0084605	0.99999964	42.267517	1945.8489	707.7173070907593
4381.0605	145.48218	4526.543	4235.5786	4725.204	103.12074	4951.2256	4598.3276	1000.0	1000.0	66000	181.53653	181.53816	4.767706	5.042541	0.0003430211	397.725	6338.7534	3.881038	-2.814952	3.2256395e-07	0.24777427	0.2316195	-0.32802474	1.0001194	0.00020465303	1.009334	0.9999992	42.879406	1648.8635	728.7037839889526
4006.0615	78.84509	4084.9067	3927.2166	4660.206	112.04423	4888.3984	4515.5405	1000.0	1000.0	68000	189.42464	189.42593	5.340936	5.6529026	0.00082499505	371.83002	5926.054	3.916238	-16.303854	5.4237248e-08	0.2607558	0.24141803	-0.42259085	1.0001317	0.00029545784	1.0193466	0.9999997	59.81848	1596.6115	752.3743665218353
4498.2617	23.076904	4521.339	4475.185	4775.824	87.839516	4902.4653	4570.7656	1000.0	1000.0	70000	197.39384	197.39378	5.1753554	5.472473	0.0006958324	380.6241	6066.2075	3.9603531	-4.357983	-1.2916327e-08	0.24912845	0.26910943	-0.4211537	1.0001209	0.00022232029	1.0124309	1.0000001	50.23558	1959.5829	773.4763879776001
4575.177	28.017578	4603.1943	4547.159	4565.255	74.1878	4675.0186	4436.658	1000.0	1000.0	72000	206.67867	206.68068	5.2323527	5.487508	0.0004942149	400.19647	6378.143	4.1571765	-12.477768	-2.0569041e-07	0.2503809	0.3173355	-0.35383403	1.0001222	0.0002349987	1.0106351	0.99999964	46.353645	1600.4484	796.0754210948944
4292.8716	145.2417	4438.1133	4147.63	4849.316	110.51777	5028.1343	4652.734	1000.0	1000.0	74000	214.22585	214.22668	5.4486256	5.758493	0.000857954	375.52527	5984.9443	4.086735	-5.860178	5.967915e-09	0.25659332	0.2669765	-0.45224825	1.000128	0.0002537406	1.0118232	0.9999992	55.744995	1796.452	818.4806909561157
4837.0586	152.03345	4989.092	4685.025	5010.6357	108.66871	5180.7515	4856.4194	1000.0	1000.0	76000	222.3169	222.31787	5.295503	5.6130977	0.00019251934	411.0551	6551.1987	4.1823106	-2.7095835	-1.8694848e-07	0.24832675	0.34342068	-0.3353031	1.00012	0.00021481376	1.0093776	0.9999998	44.27545	1873.7753	839.4859342575073
4944.175	78.03735	5022.2124	4866.1377	5067.041	97.85422	5310.1714	4964.458	1000.0	1000.0	78000	232.39777	232.39828	5.366542	5.6009502	0.0004458474	414.87866	6612.1396	4.3684382	-6.1662927	1.5907735e-07	0.2505779	0.29955533	-0.41691032	1.0001222	0.00022277032	1.0112222	0.9999992	45.80295	1613.9158	863.159033536911
4406.116	216.06982	4622.186	4190.0464	5040.8677	68.4058	5129.839	4895.6606	1000.0	1000.0	80000	238.98508	238.98653	6.404914	6.697084	0.0017513642	372.05585	5929.6533	4.378295	-32.236828	-1.6629957e-07	0.25992528	0.4970865	-0.46341243	1.0001311	0.0003059133	1.0208588	0.9999998	62.660408	2008.8215	884.3163316249847
5019.7295	1.0158691	5020.745	5018.7134	5126.981	84.407005	5244.473	4989.961	1000.0	1000.0	82000	247.10997	247.11044	6.060174	6.3641624	0.00062542944	393.6629	6274.014	4.190742	-8.360059	6.971434e-08	0.25061762	0.33506885	-0.38482425	1.0001224	0.00024685415	1.0136608	0.9999997	51.55132	1738.5453	905.2305283546448
4957.6235	22.186035	4979.8096	4935.4375	5297.6133	92.30087	5423.514	5106.6396	1000.0	1000.0	84000	255.75797	255.7596	5.9080076	6.148447	0.00036805522	415.02057	6614.399	3.8553607	-2.1199625	-1.38022e-08	0.24847497	0.28812128	-0.36881137	1.0001203	0.00021991687	1.0123146	0.99999934	48.282574	1621.9811	928.8686826229095
5090.7407	208.95654	5299.6973	4881.784	5572.338	100.45891	5708.6543	5369.208	1000.0	1000.0	86000	264.1939	264.19516	6.0051465	6.2464986	0.0005431503	407.14954	6488.9565	3.9338627	-5.337231	-3.1985344e-08	0.248899	0.37820244	-0.4644484	1.0001204	0.00021877415	1.0123272	0.9999992	52.866276	1955.099	949.9762465953827
5224.5674	132.09058	5356.658	5092.477	5188.451	81.7138	5349.0405	5070.3315	1000.0	1000.0	88000	273.16205	273.1633	5.8685555	6.0625596	0.0004830495	435.54855	6941.5684	4.0191045	-1.89809	1.2047366e-07	0.24657689	0.27212626	-0.39376023	1.0001184	0.00020870552	1.0121992	0.9999994	45.10821	1634.0535	971.9791796207428
5431.0986	13.189209	5444.2876	5417.909	5645.014	106.51888	5805.6313	5440.222	1000.0	1000.0	90000	281.93637	281.93713	6.061913	6.264941	0.0002815611	429.09674	6838.7407	3.8456185	-1.7117232	2.480656e-07	0.2464819	0.27173463	-0.35666645	1.0001184	0.00020405694	1.0103672	0.99999934	48.334023	1686.0665	996.5461640357971
5233.0205	45.075684	5278.096	5187.945	5484.163	94.37591	5634.589	5348.7266	1000.0	1000.0	92000	290.45013	290.45062	6.2862525	6.4650235	0.00097140775	425.02554	6773.857	3.8893034	-3.6711724	1.7002002e-07	0.24669994	0.27971172	-0.3932646	1.0001185	0.00021660332	1.0146757	0.99999964	50.144314	1892.1635	1017.7494921684265
5205.003	31.045654	5236.0483	5173.957	5695.673	130.6594	5945.1904	5545.5854	1000.0	1000.0	94000	297.26776	297.26834	6.6856437	6.8416815	0.00014627882	421.3581	6715.4043	3.9629002	-1.6614853	2.0180418e-07	0.24938637	0.3797345	-0.43048498	1.0001211	0.00023669928	1.0157579	0.9999999	53.137794	1621.9572	1041.4900591373444
5084.3145	10.400879	5094.7153	5073.9136	5692.737	123.14496	5835.487	5450.9478	1000.0	1000.0	96000	304.13882	304.13977	6.8408003	7.0044484	0.0008504026	407.3513	6492.176	4.0106997	-8.23853	-1.3659e-07	0.25193202	0.40470815	-0.39758795	1.0001235	0.00024744595	1.0197395	0.99999917	58.26306	1954.0615	1062.76779794693
5309.957	129.23877	5439.196	5180.7183	5636.1196	120.093285	5766.343	5327.057	1000.0	1000.0	98000	311.004	311.00485	7.1987185	7.326281	0.0012342382	420.40045	6700.1465	3.835911	-19.399736	-2.6029497e-07	0.25585157	0.50919527	-0.44923538	1.0001274	0.00027687632	1.0162944	0.99999934	55.862522	1697.2853	1083.8586642742157
5394.504	57.537354	5452.0415	5336.967	5954.487	91.76914	6050.441	5729.8687	1000.0	1000.0	100000	317.1951	317.19604	7.2949066	7.4211035	0.0001653726	447.70996	7135.388	4.0002933	-1.6015539	3.6425888e-08	0.25495434	0.39936683	-0.4995408	1.0001267	0.0002818581	1.0161667	0.9999984	49.668266	1639.739	1107.4737644195557
5107.9316	300.62012	5408.552	4807.3115	5911.807	150.91624	6110.528	5573.068	1000.0	1000.0	102000	323.54617	323.5472	7.7519665	7.9251213	0.00070769695	422.4056	6732.102	3.8586617	-7.6649346	-4.9038977e-08	0.26296723	0.38805068	-0.577525	1.0001342	0.00033450182	1.0200471	0.9999992	62.486588	1975.3824	1128.6560192108154
3054.2996	2147.1584	5201.458	907.1412	6120.594	135.4929	6319.5024	5865.06	1000.0	1000.0	104000	325.08246	325.08313	8.664517	8.834082	0.0010216704	395.06973	6296.4336	3.8132744	-14.056446	-7.105768e-08	0.25817293	0.48246	-0.5475756	1.0001296	0.00033870208	1.0301245	0.9999997	73.85232	1579.8206	1150.785057067871
5264.988	244.40137	5509.389	5020.5864	5709.204	108.74155	5881.4	5538.2896	1000.0	1000.0	106000	327.92148	327.92206	9.711604	9.913606	0.0012555864	405.60498	6464.341	3.915076	-27.831114	5.532652e-08	0.26210898	0.5092686	-0.56488603	1.0001333	0.0003805337	1.030721	0.9999994	67.040344	1743.9736	1173.518669128418
5550.365	58.835938	5609.201	5491.5293	5785.0977	92.97382	5976.5356	5617.6455	1000.0	1000.0	108000	333.26932	333.27072	10.2461815	10.386657	0.00018477914	440.63025	7022.555	4.3618197	-2.0125253	-1.464352e-07	0.26291907	0.52020425	-0.5524983	1.0001345	0.00041251822	1.0461314	0.9999994	56.108414	1913.049	1194.5660128593445
5572.5	30.072998	5602.573	5542.4272	5975.4824	125.02051	6143.166	5682.2617	1000.0	1000.0	110000	340.35043	340.3509	9.983814	10.229769	0.00035167104	461.485	7354.928	4.334549	-1.9038407	-1.3948977e-08	0.26215908	0.5550956	-0.57722014	1.0001339	0.0003984379	1.0417173	0.9999992	51.65055	1645.6772	1218.011194229126
5586.905	49.643066	5636.548	5537.2617	5830.226	125.97235	6088.1475	5628.4907	1000.0	1000.0	112000	348.29538	348.29672	9.532154	9.69997	0.00083055184	470.5763	7499.8193	4.258098	-12.626569	1.2344122e-08	0.26510254	0.5261169	-0.7280688	1.0001369	0.00040738026	1.0562112	0.99999917	51.301258	1929.0939	1239.3093917369843
5502.9336	186.61304	5689.547	5316.321	5762.4453	149.74371	6033.25	5556.3394	1000.0	1000.0	114000	354.0482	354.0486	9.512957	9.68532	0.00018192422	466.02524	7427.2896	4.0937257	-1.9989043	4.0771067e-08	0.2676957	0.51043886	-0.810637	1.0001392	0.0004544434	1.0381652	0.9999994	54.45294	1711.0618	1260.494705438614
5490.332	190.70337	5681.035	5299.6284	6171.837	222.70004	6527.2896	5822.892	1000.0	1000.0	116000	360.52176	360.52234	9.433857	9.497019	0.00084571	463.95166	7394.242	4.1173763	-5.450165	2.543941e-07	0.26476732	0.3837978	-0.6759369	1.0001361	0.00036579167	1.0260111	0.9999983	59.54226	1606.595	1284.2018377780914
5629.81	5.524414	5635.3345	5624.2856	6383.8447	131.05171	6613.3433	6228.8696	1000.0	1000.0	118000	365.89316	365.89346	9.152469	9.313644	0.00027217524	477.6345	7612.314	4.358326	-2.2326584	-8.612573e-08	0.26882982	0.4457495	-0.72550285	1.0001401	0.00041145136	1.0330154	0.9999989	56.50031	1992.1698	1305.3607416152954
5433.424	104.58032	5538.004	5328.8433	5941.5884	157.31729	6321.6094	5737.252	1000.0	1000.0	120000	370.8804	370.8811	9.067713	9.164209	0.0007076476	469.4795	7482.34	4.4760604	-6.499159	1.9383059e-08	0.26609752	0.44604135	-0.7560406	1.0001376	0.00036128258	1.0367125	0.99999845	59.716663	1603.3865	1327.252784729004
5783.2026	5.4526367	5788.6553	5777.75	6196.4873	171.42197	6462.505	5883.8657	1000.0	1000.0	122000	375.06833	375.06897	9.040931	9.08563	0.0005434723	470.6813	7501.499	4.142675	-3.5455048	-3.6063046e-08	0.266557	0.41651696	-0.69219697	1.0001383	0.0003747256	1.030904	0.9999987	57.736725	1699.3405	1350.4760179519653
5728.135	177.9851	5906.1196	5550.1494	6543.043	108.07535	6768.5576	6409.17	1000.0	1000.0	124000	380.8923	380.8923	9.18619	9.311192	0.0005999301	482.0948	7683.396	4.2479177	-5.134641	-3.5043062e-08	0.26848808	0.43634534	-0.67270875	1.0001403	0.00040643325	1.0267231	0.99999875	54.059673	1976.9518	1371.5522541999817
5731.852	23.74121	5755.5933	5708.111	6372.6104	163.75723	6592.8423	6082.325	1000.0	1000.0	126000	385.45273	385.4529	9.321149	9.406988	0.00026176916	476.20435	7589.5195	4.238997	-1.5868334	-6.7669156e-08	0.2652463	0.5120354	-0.7528406	1.0001369	0.0003840723	1.0352752	0.99999875	58.457127	1634.948	1394.7105705738068
5364.4775	322.03906	5686.5166	5042.4385	5939.817	43.148087	5991.9424	5859.214	1000.0	1000.0	128000	389.11346	389.11353	10.317175	10.562328	0.0010973269	440.2521	7016.5303	4.192974	-8.964955	2.0401701e-07	0.27600363	0.4788301	-0.4896304	1.0001473	0.00042909247	1.0373108	0.9999989	81.43193	1933.2252	1416.3034250736237
5944.7236	223.08472	6167.8086	5721.639	6319.667	153.408	6659.185	6084.2617	1000.0	1000.0	130000	390.62866	390.629	9.555101	9.734259	0.00017172021	464.191	7398.056	4.215678	-1.8328277	-3.9627402e-08	0.26637346	0.4849125	-0.60924554	1.000138	0.0004029306	1.0283024	0.99999887	60.079	1766.2571	1437.437685251236
5837.453	13.78833	5851.2417	5823.665	6206.3564	137.43193	6375.3438	5928.8716	1000.0	1000.0	132000	396.49487	396.49478	9.263035	9.44233	0.000469104	482.85016	7695.434	4.154509	-2.3351352	1.1012554e-07	0.2686641	0.43855152	-0.591827	1.0001407	0.00041724488	1.0270703	0.99999845	55.359463	1605.5007	1461.265570640564
5405.5957	46.025635	5451.6216	5359.5703	5726.1187	54.210506	5825.765	5653.6885	1000.0	1000.0	134000	400.71182	400.71176	9.249332	9.436484	0.0007590399	456.5657	7276.528	4.237553	-5.1088057	-2.9461086e-08	0.26335034	0.3810717	-0.556511	1.0001348	0.0003553996	1.0258014	0.99999857	64.247025	1990.7137	1482.4226171970367
5700.369	131.29272	5831.6616	5569.076	6404.8423	149.047	6712.244	6196.2085	1000.0	1000.0	136000	403.9369	403.9374	9.019074	9.160203	0.0005012244	456.76645	7279.725	4.142032	-5.403904	-1.12885985e-07	0.26139903	0.474398	-0.63836175	1.0001329	0.00033979918	1.0248935	0.99999917	64.06124	1641.997	1503.7384469509125
5755.227	3.078125	5758.305	5752.149	6362.044	171.75945	6697.0776	6092.6143	1000.0	1000.0	138000	408.12018	408.12088	8.8114195	8.9920225	0.00057579885	477.0529	7603.0415	4.1121645	-3.881858	8.847862e-08	0.2648431	0.45801497	-0.63601553	1.0001365	0.00038065237	1.024162	0.99999857	58.07172	1635.7808	1527.2441942691803
5923.6826	23.63379	5947.3164	5900.049	5809.3535	1469.194	6615.096	1421.6301	1000.0	1000.0	140000	412.74503	412.74496	8.908461	9.020697	0.00050662603	476.60556	7595.9146	4.1680403	-9.538472	2.1583586e-08	0.26689637	0.47346026	-0.65901047	1.0001385	0.00042252534	1.0342115	0.9999987	59.06203	1933.898	1548.4943957328796
5971.0107	212.07153	6183.082	5758.939	6457.3394	89.96428	6593.256	6321.851	1000.0	1000.0	142000	416.70804	416.7076	8.923794	9.103406	0.000638811	472.39285	7528.7715	4.2081504	-3.2179997	-9.2753766e-08	0.26756945	0.5033322	-0.94264406	1.000139	0.00040445657	1.0349948	0.99999887	63.37682	1619.263	1571.040822505951
6135.828	69.045166	6204.873	6066.7827	6545.7334	170.06013	6840.3257	6355.197	1000.0	1000.0	144000	420.0639	420.0644	9.131991	9.26531	0.0002966285	480.375	7655.9863	4.383271	-4.2581224	6.683469e-08	0.2672884	0.4992135	-0.732908	1.0001388	0.00044184487	1.0349219	0.99999905	58.233368	1809.2089	1593.3464274406433
5741.718	101.829834	5843.5474	5639.8877	6225.2686	147.69238	6461.2437	5962.2715	1000.0	1000.0	146000	424.0948	424.0943	9.411377	9.566968	0.00062828755	483.4868	7705.5786	4.3199787	-3.4827824	4.2343066e-07	0.270026	0.5006192	-0.5902273	1.0001419	0.0004282798	1.0416965	0.9999984	62.35722	1852.6703	1614.528246164322
5813.085	113.545654	5926.631	5699.5396	5674.2607	133.03154	5859.72	5421.439	1000.0	1000.0	148000	427.5598	427.5599	9.492862	9.586405	0.0005973494	481.72424	7677.4937	4.167126	-4.436396	-3.78111e-07	0.2683962	0.47703272	-0.6189576	1.0001397	0.00042054756	1.0338811	0.99999845	62.648205	1626.1984	1638.2710690498352
5993.2275	26.4021	6019.63	5966.8257	6177.036	640.9444	6621.991	4298.696	1000.0	1000.0	150000	429.8769	429.87692	9.814034	9.984259	0.00045516042	481.34024	7671.3706	4.1425514	-2.2592537	1.0130554e-08	0.27004313	0.5662366	-0.5893457	1.0001415	0.00043934025	1.0387472	0.9999983	63.579964	1934.991	1659.4353652000427
5872.2847	52.29297	5924.5776	5819.9917	5960.073	539.3255	6580.124	4767.7754	1000.0	1000.0	152000	433.48206	433.4824	9.45207	9.556412	0.000685329	486.6229	7755.562	4.27795	-4.277822	-2.1871925e-08	0.26572487	0.48451647	-0.5658782	1.0001372	0.00036980864	1.0309801	0.99999875	63.43908	1653.7314	1680.5518188476562
6266.6357	88.06372	6354.6997	6178.5723	6521.1914	116.34557	6634.8813	6195.681	1000.0	1000.0	154000	436.594	436.59393	9.568365	9.734299	0.00073665055	496.8149	7917.999	4.2223153	-9.975743	1.11052394e-07	0.27026087	0.50330156	-0.7853945	1.0001416	0.00044125476	1.0368311	0.99999875	62.35096	1624.3851	1704.341858625412
6122.0605	60.817627	6182.878	6061.2427	6628.915	133.08774	6869.871	6473.268	1000.0	1000.0	156000	440.22195	440.22247	9.927721	10.074538	0.00028793112	508.18344	8099.184	4.6541824	-2.087678	5.928472e-07	0.2789343	0.6729135	-0.88961315	1.0001509	0.00055107253	1.0534797	0.9999983	62.407295	1982.6495	1726.0632503032684
6168.357	165.56299	6333.92	6002.794	6231.635	1262.2517	6815.5894	2451.5657	1000.0	1000.0	158000	444.52188	444.52182	9.509933	9.713739	0.0003797411	520.1202	8289.429	4.675489	-2.92869	1.4217495e-07	0.274722	0.8076357	-0.72379863	1.0001465	0.0005168339	1.0491724	0.99999857	56.811005	1608.055	1748.251784324646
6479.866	182.80249	6662.6685	6297.0635	6648.1826	114.78519	6773.2935	6455.8457	1000.0	1000.0	160000	448.651	448.65167	9.983699	10.071826	0.0005280003	517.7858	8252.225	4.6441555	-4.057685	3.2680705e-07	0.27212268	0.61886823	-0.58362883	1.0001438	0.0004886873	1.042834	0.9999989	58.96377	1758.0825	1770.9804000854492
6089.662	70.27539	6159.9375	6019.3867	6789.6455	114.00648	7008.8984	6563.3335	1000.0	1000.0	162000	453.07437	453.0742	10.069119	10.24259	0.0014043218	514.2994	8196.656	4.5223026	-26.294905	-1.7168448e-07	0.2744332	0.49429947	-0.6352124	1.000146	0.00047588482	1.0415456	0.9999975	62.78792	1891.0938	1792.1184668540955
6354.5605	72.19165	6426.752	6282.3687	6434.9077	108.041046	6603.399	6272.242	1000.0	1000.0	164000	455.45294	455.45355	10.666804	10.842333	0.00074238254	515.91614	8222.424	4.8596015	-5.72821	-5.404651e-09	0.28347555	0.56761074	-0.8332032	1.0001559	0.00055823795	1.0511426	0.99999875	63.253193	1608.2977	1815.5896141529083
6287.8354	2.4404297	6290.276	6285.395	6684.792	90.014786	6843.1006	6544.9873	1000.0	1000.0	166000	458.6265	458.62585	10.411681	10.666183	0.0014895773	522.49084	8327.208	4.8078976	-24.09517	6.4601004e-08	0.2767401	0.50547725	-0.60489875	1.0001487	0.0004676525	1.0336326	0.9999983	61.704765	1936.023	1836.8462035655975
6470.181	131.95703	6602.138	6338.224	6698.6226	177.64572	6894.4805	6313.9077	1000.0	1000.0	168000	461.37704	461.37653	11.022492	11.199213	0.00016128876	512.0859	8161.382	4.6114726	-1.8749169	1.3881922e-07	0.28471795	0.619858	-0.67803323	1.0001575	0.0006050439	1.0426465	0.9999984	64.68683	1773.5718	1857.890597820282
5353.683	392.0244	5745.7075	4961.6587	4176.872	2308.2585	6599.283	226.14828	1000.0	1000.0	170000	463.24698	463.24777	11.53046	11.7961235	0.00052454043	513.5738	8185.094	4.64571	-2.6809378	1.1348277e-07	0.2775359	0.5513709	-0.8357343	1.0001495	0.00050777284	1.0467732	0.9999987	71.317726	1610.8159	1881.668779850006
5775.776	418.2705	6194.0464	5357.5054	5994.089	98.71813	6153.6626	5852.3647	1000.0	1000.0	172000	464.77084	464.77103	12.515379	12.888222	0.0013326687	504.9841	8048.1914	4.5414605	-6.3098755	1.8482358e-07	0.273371	0.49853912	-0.72419417	1.000145	0.00045116208	1.0353177	0.99999845	75.07204	1964.8795	1902.8146443367004
6067.6094	179.68872	6247.2983	5887.921	6608.486	111.18134	6771.787	6365.98	1000.0	1000.0	174000	463.04843	463.04807	12.60413	12.874237	0.000166521	494.9159	7887.732	4.1366887	-1.6807832	1.031071e-07	0.26757333	0.52017355	-0.65683883	1.0001392	0.00038899426	1.0240983	0.99999875	74.12895	1633.7655	1924.4335646629333
6412.8125	28.871338	6441.6836	6383.941	5756.86	1538.5149	6435.937	1150.9703	1000.0	1000.0	176000	465.38403	465.38458	12.910555	13.084334	0.00093000656	512.58234	8169.2915	4.0768332	-4.540354	9.222105e-08	0.27413252	0.5672134	-0.78718436	1.0001459	0.00047021307	1.0319893	0.9999982	66.71558	1685.0262	1948.0021634101868
6296.061	265.3877	6561.4487	6030.6733	6543.68	619.19214	6938.639	4758.1055	1000.0	1000.0	178000	466.6722	466.67184	13.2619095	13.455421	0.00016944655	504.2242	8036.086	4.0428123	-1.6537771	6.8069994e-08	0.2776994	0.5787178	-0.7711405	1.0001497	0.0005354484	1.0493784	0.99999875	69.981514	1940.7764	1969.3101267814636
6575.617	139.2688	6714.886	6436.3486	5856.358	1891.2084	6927.6514	1351.4303	1000.0	1000.0	180000	470.26215	470.26184	12.714735	12.904928	0.00055764796	536.2411	8546.352	4.3174305	-1.7757388	-4.065547e-07	0.27677175	0.5445255	-0.8711158	1.000149	0.0005429697	1.0532376	0.9999981	58.691936	1616.8268	1992.3125579357147
6711.758	17.550049	6729.308	6694.208	6901.7607	126.398964	7119.6523	6736.809	1000.0	1000.0	182000	473.8041	473.80487	13.422305	13.642468	0.0005606943	532.2897	8483.381	4.3741436	-4.3999925	-1.5815795e-07	0.28183743	0.8471344	-0.88023275	1.000154	0.0005879649	1.0596097	0.9999983	65.04387	1845.8162	2014.3320677280426
6436.3867	255.3855	6691.7725	6181.0015	6659.264	142.90369	6903.542	6419.493	1000.0	1000.0	184000	476.98465	476.98386	13.395273	13.554276	0.0013546098	533.5676	8503.744	4.471301	-17.175306	2.2553579e-07	0.2791678	0.5411673	-0.7031967	1.0001512	0.00056129834	1.0544506	0.99999857	66.48976	1832.4105	2035.5736751556396
6526.252	59.64624	6585.8984	6466.606	6807.2993	141.36327	7078.716	6621.037	1000.0	1000.0	186000	478.72516	478.7259	13.78926	13.941159	0.00033342926	505.227	8052.067	4.341179	-5.1659045	-3.8708748e-08	0.2747112	0.6334469	-0.7543704	1.0001465	0.0005409827	1.048404	0.9999987	76.12772	1629.1625	2059.213618993759
6759.5273	147.92383	6907.451	6611.6035	6516.7607	120.41642	6688.64	6322.989	1000.0	1000.0	188000	481.66022	481.65967	13.979519	13.941346	0.0005444854	530.065	8447.919	4.753595	-2.6034229	-2.4674534e-07	0.27586076	0.56477296	-0.83833915	1.0001479	0.00055212417	1.0551997	0.9999984	64.26315	1968.7295	2080.2727229595184
6530.1	84.21924	6614.3193	6445.881	6569.582	176.94144	6947.443	6269.1084	1000.0	1000.0	190000	483.0978	483.09763	14.34752	14.433191	0.00034613442	508.6693	8106.9277	4.3936977	-2.7994998	-5.6428462e-08	0.27551585	0.7860974	-0.73300874	1.0001473	0.00052183727	1.0897167	0.9999983	73.7752	1668.2335	2101.2187781333923
6299.566	115.75586	6415.322	6183.81	6911.5186	389.28333	7290.5903	5841.236	1000.0	1000.0	192000	485.7821	485.78247	13.443834	13.454717	0.0007698779	499.94324	7967.8535	4.2399235	-19.156893	7.724166e-08	0.27474365	0.675697	-0.81659526	1.0001464	0.00052790355	1.0663496	0.99999887	71.45651	1603.9567	2125.049451828003
6480.7363	255.93384	6736.67	6224.8022	6770.7646	121.92166	6983.0103	6550.214	1000.0	1000.0	194000	487.46478	487.4646	13.086941	13.082764	0.000562753	510.6223	8138.054	4.4910183	-3.5256653	2.6946514e-08	0.27325234	0.6010575	-0.79768485	1.0001451	0.0005374719	1.0756376	0.9999987	68.58486	1930.863	2146.4896626472473
6765.369	1.6213379	6766.9907	6763.748	6984.9844	100.456505	7130.0	6819.9766	1000.0	1000.0	196000	490.2252	490.22507	13.144039	13.330306	0.0004376177	514.9895	8207.658	4.4250264	-2.1115065	-3.8640945e-08	0.27477035	0.6628275	-0.8478728	1.0001467	0.0005681364	1.0563368	0.9999981	66.1602	1631.8232	2168.6605854034424
6359.9365	157.22803	6517.1646	6202.7085	6868.65	114.70514	7106.3765	6728.175	1000.0	1000.0	198000	491.33746	491.33786	14.096051	14.16109	0.0007522985	503.46805	8024.0327	4.365645	-11.432826	5.6704877e-08	0.27813843	0.57288384	-1.0442603	1.00015	0.000548912	1.0745745	0.9999984	87.401825	1769.736	2191.2270023822784
6708.051	266.01074	6974.0615	6442.04	7194.5303	145.99109	7362.226	6907.339	1000.0	1000.0	200000	491.6357	491.63486	13.697033	13.732134	0.0004403861	515.9667	8223.2295	4.221372	-3.4296362	3.6427676e-07	0.27765366	0.5948901	-0.70120496	1.0001494	0.0004936542	1.0388693	0.9999987	71.39383	1902.1863	2212.318343639374
5856.58	580.9072	6437.4873	5275.673	6484.4834	84.18565	6627.555	6335.6763	1000.0	1000.0	202000	493.30322	493.30283	14.695633	14.635883	0.001337438	492.63974	7851.453	4.138622	-12.395926	2.6403592e-07	0.27784702	0.5991185	-0.80514205	1.0001495	0.00046893884	1.0404489	0.9999987	90.83692	1469.6155	2239.3724427223206
6377.4717	181.95337	6559.425	6195.518	6260.5103	1404.1276	7131.04	3065.3342	1000.0	1000.0	204000	491.69955	491.69955	14.336668	14.270871	0.00022783564	500.20856	7972.0845	4.541548	-4.385514	-4.919842e-08	0.27086928	0.5941371	-0.69521457	1.0001422	0.00047388012	1.0670663	0.99999875	78.31424	1858.6141	2262.7582473754883
6724.4546	16.969727	6741.4243	6707.485	7076.483	119.72834	7338.177	6897.368	1000.0	1000.0	206000	494.171	494.1698	13.940644	13.917654	0.00051669625	516.0134	8223.974	4.5069013	-8.804485	3.2139198e-07	0.2707006	0.6923882	-1.025464	1.0001425	0.00048014405	1.0657228	0.99999857	70.37412	1583.996	2286.8356828689575
6557.326	23.624268	6580.9507	6533.702	7143.7725	172.78157	7447.6597	6845.26	1000.0	1000.0	208000	495.5369	495.53674	14.451174	14.55041	0.0011173574	503.3281	8021.801	4.5638957	-13.203713	1.9962489e-07	0.2799217	0.6194292	-0.9165502	1.0001519	0.0005641006	1.0495691	0.9999989	79.83975	1563.7211	2311.5177438259125
6756.6353	133.95752	6890.593	6622.6777	6316.9287	1647.1648	7120.685	1390.3988	1000.0	1000.0	210000	498.63785	498.63718	14.329018	14.226205	0.00047296064	535.431	8533.442	4.737393	-2.6416423	1.8752813e-07	0.2769558	0.6443581	-0.77844465	1.0001489	0.0005568559	1.0473347	0.99999875	64.77824	1945.7065	2333.3048508167267
6205.287	210.04443	6415.3315	5995.2427	6851.1577	77.08698	6978.9854	6701.783	1000.0	1000.0	212000	498.80682	498.8069	16.555344	16.556856	0.0009819296	469.62976	7484.7324	4.4581957	-17.052351	-1.5625357e-08	0.28153723	0.6690045	-0.8212668	1.0001537	0.0006360527	1.0622007	0.99999857	91.83609	1648.8456	2354.7104816436768
6692.2393	106.8689	6799.1084	6585.3706	7037.483	167.20265	7225.8574	6687.9014	1000.0	1000.0	214000	499.91675	499.91592	15.797969	15.9818735	0.0005629014	505.7363	8060.1836	4.5968804	-3.3676767	1.2173504e-07	0.2821874	0.6182046	-0.96705973	1.0001545	0.00066474674	1.0570481	0.99999887	74.10504	1598.2145	2378.759754419327
6715.0967	130.2539	6845.3506	6584.843	7301.513	95.94503	7440.497	7133.5054	1000.0	1000.0	216000	501.74048	501.7404	14.853634	14.874946	0.00023666966	503.6294	8026.6006	4.616828	-2.4664738	-2.1209866e-07	0.27179044	0.7251274	-0.93261623	1.0001435	0.0005248347	1.0507098	0.9999987	76.19781	1908.177	2400.5026597976685
6827.959	61.2937	6889.253	6766.6655	7075.2437	98.99465	7261.699	6937.663	1000.0	1000.0	218000	503.67932	503.68	13.993193	14.048405	0.00064095436	519.3325	8276.869	4.5640073	-9.506352	1.3849437e-07	0.27227512	0.6545424	-0.7824687	1.000144	0.0004960099	1.0446243	0.99999845	70.41348	1621.9668	2422.547782897949
6855.2314	102.50464	6957.736	6752.7266	7072.849	106.45058	7267.606	6925.765	1000.0	1000.0	220000	506.49994	506.49933	14.253493	14.17777	0.00047774115	525.20685	8370.491	4.4139476	-3.0231037	1.1003912e-07	0.2780385	0.77404475	-0.8241596	1.0001502	0.00058291864	1.0557088	0.9999987	69.00911	1704.4916	2445.9166910648346
6587.4795	262.7107	6850.1904	6324.769	6995.807	115.38698	7173.917	6819.9062	1000.0	1000.0	222000	509.63654	509.6354	14.521705	14.563127	0.000459217	536.1061	8544.197	4.403519	-3.1740198	-1.1330843e-07	0.28429946	0.7570009	-0.83409804	1.0001566	0.00063531037	1.0741341	0.99999857	67.85278	1916.6105	2467.6240305900574
6339.006	364.82568	6703.8315	5974.18	6954.6875	102.57271	7153.8843	6782.8433	1000.0	1000.0	224000	510.5789	510.57886	14.69748	14.880461	0.00062654936	499.18774	7955.815	4.410272	-8.489062	1.7310977e-07	0.27677634	0.6407258	-0.71962315	1.0001488	0.0005002982	1.0565166	0.99999857	84.46177	1595.732	2490.856198787689
6787.5254	181.75977	6969.285	6605.7656	7053.5947	104.71949	7260.1113	6896.001	1000.0	1000.0	226000	512.0682	512.06793	14.238274	14.365709	0.0004782654	533.59186	8504.129	4.51055	-1.7469091	-8.972883e-08	0.278733	0.6764148	-0.8421183	1.0001507	0.0005570657	1.0630791	0.999998	68.578766	1854.7545	2513.12305188179
6623.9526	198.42822	6822.381	6425.5244	7079.311	191.17697	7324.8994	6821.9053	1000.0	1000.0	228000	513.7982	513.7976	13.995254	14.047227	0.00043202986	523.44	8342.333	4.3814626	-4.322949	4.156649e-07	0.27633741	0.5193544	-0.83379567	1.0001482	0.00049099285	1.0503652	0.9999987	76.204506	1815.8346	2534.5498235225677
6900.3955	150.4541	7050.8496	6749.9414	7024.2393	95.08582	7203.557	6904.128	1000.0	1000.0	230000	516.71924	516.72	13.938271	13.978912	0.00057241967	540.05023	8607.061	4.4892397	-2.284979	-5.0494076e-08	0.2802948	0.5902983	-0.7491565	1.0001525	0.0006160969	1.0572345	0.99999845	67.18973	1591.7815	2558.74365401268
6690.67	45.362305	6736.032	6645.3076	7230.5063	86.33681	7409.7905	7131.794	1000.0	1000.0	232000	518.52783	518.5276	14.551981	14.51331	0.00051277986	525.3613	8372.956	4.4711556	-1.9221873	-4.0693582e-08	0.2796182	0.6076166	-0.8151535	1.0001516	0.0005403527	1.0612441	0.99999887	78.15439	1910.5403	2580.51025724411
7266.3877	51.40576	7317.7935	7214.982	7249.771	108.89468	7424.9204	7052.1665	1000.0	1000.0	234000	521.1087	521.10864	13.943316	14.036729	0.001099696	547.4857	8725.565	4.5681615	-5.871411	6.351918e-08	0.27876893	0.7922206	-0.8976693	1.0001508	0.00060676737	1.0644791	0.9999978	66.31643	1660.0208	2601.9708473682404
6749.994	273.52295	7023.517	6476.471	6713.0454	171.30988	7008.6963	6365.6475	1000.0	1000.0	236000	523.2231	523.2227	15.517638	15.506374	0.00090942293	531.3798	8468.875	4.738301	-9.0196905	4.384667e-08	0.2970355	0.7198441	-0.7697606	1.0001701	0.0007369944	1.0734832	0.9999983	83.71888	1574.9066	2626.468443632126
6661.759	195.23363	6856.992	6466.525	7332.9697	83.9874	7490.746	7201.076	1000.0	1000.0	238000	522.7942	522.7945	15.81907	15.94616	0.00044789564	523.0552	8336.198	4.732027	-10.5970955	2.9364228e-08	0.2933768	0.7503462	-1.0357308	1.0001664	0.0006650277	1.0734044	0.9999987	85.69914	1915.5215	2648.737351179123
6662.8525	139.27856	6802.131	6523.5737	7260.46	147.80519	7521.3315	6997.0903	1000.0	1000.0	240000	524.1671	524.1665	14.951774	15.160732	0.0006133435	537.5575	8567.333	4.8651357	-7.647844	2.5241077e-08	0.28344157	0.6211236	-0.9126888	1.0001559	0.0006510364	1.070711	0.9999983	73.92899	1536.0673	2671.991377592087
6470.1816	216.53613	6686.718	6253.6455	7380.1104	152.69371	7656.454	7181.6807	1000.0	1000.0	242000	525.07	525.0689	15.429872	15.556256	0.00070672313	516.27625	8228.162	4.5835814	-8.053995	1.2643338e-07	0.28086057	0.4837771	-0.7451574	1.0001528	0.0005367912	1.0531331	0.9999983	85.17653	1667.5278	2695.852190256119
7057.5225	24.27246	7081.795	7033.25	7417.3477	113.369064	7538.431	7152.542	1000.0	1000.0	244000	526.0779	526.0779	15.570994	15.715233	0.00024852366	543.11523	8655.905	4.6874504	-1.7236357	5.65283e-08	0.27546284	0.7068563	-0.74904245	1.0001475	0.0005239671	1.0687664	0.99999845	69.32627	1902.3735	2717.3696250915527
6032.325	344.2556	6376.5806	5688.0693	7563.857	147.20035	7925.2793	7369.0835	1000.0	1000.0	246000	526.3502	526.35	15.497287	15.557698	0.00059544924	511.6802	8154.911	4.366671	-3.4015644	-9.388626e-08	0.282045	0.5298093	-0.7831637	1.000154	0.00049483764	1.0427905	0.9999983	86.940384	1602.9083	2740.458567380905
6999.12	125.03833	7124.158	6874.0815	7487.6494	82.09506	7635.937	7374.139	1000.0	1000.0	248000	528.46405	528.4648	15.049727	15.053301	0.000649127	536.4424	8549.561	4.3273954	-2.9906452	3.3311844e-07	0.2806522	0.63112825	-0.86892205	1.0001526	0.0005583335	1.074608	0.9999984	72.043144	1797.1099	2762.9700379371643
6665.9434	133.29468	6799.238	6532.6484	7180.4775	88.423836	7378.012	7026.05	1000.0	1000.0	250000	529.6406	529.64026	15.356378	15.317463	0.00057825004	522.5366	8327.941	4.5038633	-7.402003	-2.0157098e-07	0.27944022	0.56392664	-0.63702655	1.0001515	0.000532679	1.0445822	0.9999987	81.387314	1873.5955	2784.359574317932
6740.412	179.81128	6920.223	6560.6006	6389.007	1468.5616	7242.302	2689.16	1000.0	1000.0	252000	530.0341	530.0338	15.027072	15.0294695	0.0007983725	523.2813	8339.802	4.4310665	-3.574383	2.2799448e-07	0.27616712	0.61726725	-0.71414506	1.000148	0.000504073	1.0501068	0.99999875	78.65109	1640.1565	2808.366255760193
6895.8345	147.18115	7043.0156	6748.6533	7307.979	77.53747	7399.3647	7150.4634	1000.0	1000.0	254000	532.4709	532.4703	14.962149	14.84225	0.00056037557	540.55725	8615.139	4.2804313	-3.5245771	1.3110564e-07	0.27674407	0.76303625	-0.88031596	1.0001488	0.0005643178	1.0713568	0.99999887	73.672195	1933.9658	2830.001040458679
6822.9385	14.282959	6837.221	6808.6553	7544.322	104.18837	7728.6313	7414.8906	1000.0	1000.0	256000	533.99115	533.9919	15.724154	15.763278	0.0005803268	538.9017	8588.751	4.3157725	-7.530592	4.2289496e-09	0.28236556	0.93157715	-0.8375196	1.0001544	0.00064204907	1.0863847	0.999998	77.981544	1720.732	2851.2639784812927
7009.0615	91.948975	7101.0107	6917.113	7013.2646	136.4654	7264.6255	6785.2495	1000.0	1000.0	258000	535.76227	535.762	15.229951	15.27943	0.0009992183	545.5812	8695.21	4.4088454	-9.300109	-1.050964e-07	0.28234407	0.68641776	-0.9453663	1.0001544	0.0006100383	1.0676095	0.99999845	76.73245	1606.9371	2875.2460372447968
6939.3623	42.728516	6982.091	6896.634	7192.337	149.72758	7452.702	6961.8184	1000.0	1000.0	260000	536.516	536.51605	16.04198	15.93658	0.00094272185	536.91315	8557.064	4.6872487	-8.822569	-1.990065e-07	0.28128016	0.60915864	-0.8754929	1.0001533	0.0005176707	1.0607216	0.9999983	86.43809	1928.9746	2897.1779844760895
7004.424	37.88501	7042.309	6966.539	7212.413	135.32715	7454.8936	7047.536	1000.0	1000.0	262000	537.4014	537.4011	16.263311	16.273588	0.00031185366	545.86957	8699.806	4.5653825	-2.0055935	2.4790168e-07	0.28230697	0.7844645	-0.6663501	1.0001546	0.0005751484	1.0482228	0.99999845	80.0796	1512.4604	2919.7552473545074
6708.6016	229.45093	6938.0522	6479.1504	7489.255	93.80391	7706.7427	7360.4575	1000.0	1000.0	264000	537.90845	537.9069	16.565825	16.586496	0.0009614567	534.8991	8524.966	4.5477014	-8.003329	-2.933055e-07	0.28494975	0.88340706	-0.8042413	1.0001575	0.0006491222	1.0692273	0.99999875	90.447655	1644.3115	2943.451699733734
6549.1865	347.6172	6896.8037	6201.5693	7192.9907	169.27391	7451.3706	6897.5635	1000.0	1000.0	266000	538.429	538.4289	17.159187	17.049667	0.0006331914	546.6224	8711.808	4.60814	-5.8442388	2.2447259e-07	0.28995496	0.893621	-0.8041945	1.0001628	0.0006995844	1.1291164	0.99999875	93.102844	1908.3044	2965.74911904335
6780.899	150.85791	6931.757	6630.041	7389.0596	123.85078	7556.692	7175.8696	1000.0	1000.0	268000	538.0065	538.0065	15.356405	15.246148	0.00069270574	549.92145	8764.383	4.760434	-6.640251	5.9123334e-07	0.28230548	0.57323587	-1.1157227	1.0001544	0.0006188799	1.0931112	0.99999845	79.96864	1586.1083	2988.524665117264
6823.7354	225.12964	7048.865	6598.606	7300.129	162.18668	7541.9673	7043.3066	1000.0	1000.0	270000	540.2585	540.25885	15.060259	15.040613	0.0006989026	557.9795	8892.808	4.719243	-4.7680306	2.453208e-07	0.28262293	0.64119434	-1.0511606	1.0001546	0.0006289902	1.1074467	0.9999983	74.517815	1778.6852	3011.0418066978455
7143.7866	64.25391	7208.0405	7079.5327	7466.6274	118.13293	7621.6846	7259.2686	1000.0	1000.0	272000	543.35846	543.3582	14.312721	14.452074	0.0007677576	568.87476	9066.448	4.837358	-4.475502	1.3691783e-07	0.28116474	0.70523816	-0.8901481	1.0001532	0.0006134678	1.0789514	0.99999845	70.203255	1892.2601	3032.5326466560364
7447.541	194.86108	7642.402	7252.6797	7226.1006	228.31654	7652.0186	6847.405	1000.0	1000.0	274000	547.01447	547.0144	14.404367	14.428587	0.00040778762	573.1473	9134.546	4.910558	-1.8672075	1.3623759e-07	0.28083345	0.6874179	-0.8931478	1.000153	0.00064601	1.0693276	0.99999845	66.98081	1607.7367	3056.3579211235046
6519.6084	220.17822	6739.7866	6299.43	7652.3164	114.593124	7829.237	7499.8247	1000.0	1000.0	276000	548.3337	548.3346	15.6508255	15.603751	0.0011958658	533.0826	8496.015	4.330891	-23.074066	-3.3465028e-08	0.284613	0.5809547	-0.7147268	1.0001568	0.0005666994	1.0442834	0.99999875	88.62341	1947.4985	3077.8006303310394
6560.4717	27.582031	6588.0537	6532.8896	7568.793	115.13351	7761.8228	7316.9775	1000.0	1000.0	278000	547.36224	547.36255	16.595793	16.577995	0.0006140008	527.9941	8414.912	4.659348	-17.25403	-1.8641055e-07	0.27859017	0.6813019	-0.6974283	1.0001506	0.0005560869	1.0529563	0.99999887	85.94428	1743.9955	3099.296211242676
6713.7266	139.66089	6853.387	6574.0654	7447.107	73.80773	7589.485	7335.2134	1000.0	1000.0	280000	547.5842	547.5838	15.512207	15.450057	0.000419656	537.6907	8569.45	4.8011737	-2.3874633	-2.2936612e-07	0.27997154	0.6303521	-0.73503083	1.0001519	0.0005831183	1.0662526	0.9999989	78.67178	1613.4565	3123.270563840866
6924.87	79.5542	7004.4243	6845.316	7350.65	114.39898	7616.0254	7228.1353	1000.0	1000.0	282000	549.3999	549.4008	15.619303	15.6325655	0.0007265725	541.13995	8624.431	4.4197216	-3.2918243	-4.238114e-08	0.27861637	0.6224545	-1.1436464	1.0001503	0.00056284457	1.0484252	0.9999984	80.38608	1903.3829	3144.8168218135834
6844.7627	4.496338	6849.2593	6840.2666	7396.586	177.9888	7671.5215	7070.0806	1000.0	1000.0	284000	549.49414	549.49426	15.775887	15.580636	0.00059494196	524.8201	8364.327	5.0666265	-17.006765	-5.7195127e-08	0.2754709	0.9013245	-0.80857337	1.0001471	0.00060979766	1.1005988	0.99999905	84.92272	1602.4647	3166.246294736862
6360.5127	373.18774	6733.7007	5987.325	7135.681	177.2839	7460.495	6842.5586	1000.0	1000.0	286000	548.8368	548.83704	17.370968	17.282227	0.001181184	508.5901	8105.662	4.716275	-16.235418	2.3623481e-07	0.27192983	0.6418836	-0.7564842	1.0001434	0.0005415725	1.0668442	0.99999887	102.37338	1593.4465	3189.976093530655
6386.8003	257.58545	6644.3857	6129.215	7038.396	106.8304	7191.172	6858.338	1000.0	1000.0	288000	543.02203	543.02106	18.489887	18.174782	0.0018233821	482.77325	7694.207	3.9250076	-32.55531	1.4605224e-07	0.27562022	0.5813133	-0.8330086	1.0001472	0.00054124324	1.0479838	0.99999934	112.339325	1922.5697	3211.949248313904
6987.5186	103.37158	7090.89	6884.147	7359.9087	109.59438	7595.5693	7206.137	1000.0	1000.0	290000	540.6844	540.6831	17.872992	17.686895	0.00024327482	514.11536	8193.718	4.2284875	-1.7829598	3.2515527e-07	0.27713972	0.996267	-0.822963	1.0001489	0.00067959825	1.1407516	0.9999994	88.56475	1611.2855	3234.519776582718
6554.8174	0.014406365	6554.832	6554.803	7441.117	125.043365	7617.845	7224.909	1000.0	1000.0	292000	541.6313	541.6316	16.865536	16.844954	0.00064204895	515.81354	8220.787	4.35947	-6.523645	1.363039e-07	0.28163314	0.75546604	-0.9389142	1.0001537	0.0006065733	1.0811783	0.99999917	91.096924	1734.2875	3257.330230474472
6918.29	164.5603	7082.85	6753.7295	7478.919	134.60503	7670.471	7199.2124	1000.0	1000.0	294000	542.5319	542.532	14.967703	15.090918	0.00044906462	535.4997	8534.537	4.1267467	-6.3680634	2.567023e-08	0.27554777	0.6732765	-1.1102065	1.0001472	0.00062675984	1.0964216	0.9999989	75.61534	1894.1459	3278.8443989753723
6219.049	1236.1699	7455.2188	4982.879	6885.8955	226.7712	7183.479	6546.215	1000.0	1000.0	296000	542.69055	542.6892	17.55025	17.594917	0.001780788	504.98114	8048.1465	4.1093106	-19.7693	2.1825507e-07	0.28072557	0.75050366	-0.8901139	1.0001525	0.00060191104	1.0961845	0.99999917	117.00517	1623.295	3302.6615903377533
6568.953	237.41675	6806.3696	6331.536	7456.7354	117.45338	7635.868	7266.99	1000.0	1000.0	298000	536.19775	536.1967	19.498976	19.270342	0.00019417997	498.3169	7941.937	4.0134716	-1.5395948	2.1215602e-07	0.27553472	0.6094837	-0.92018664	1.0001471	0.00053832575	1.0456189	0.99999917	109.42603	1897.5883	3324.358966588974
6978.173	284.3169	7262.4897	6693.856	7372.3906	110.4014	7582.5405	7205.2065	1000.0	1000.0	300000	538.1968	538.19586	17.70431	17.58189	0.00045114604	543.384	8660.188	4.5282373	-2.9611995	1.1882186e-08	0.27582198	0.7271073	-0.8100077	1.0001477	0.00060141383	1.0959979	0.99999905	80.73039	1718.6785	3345.6044914722443
7106.2397	206.43506	7312.675	6899.8047	7394.384	185.75911	7792.4185	7118.7407	1000.0	1000.0	302000	539.334	539.33264	17.000496	16.839918	0.0003362549	532.407	8485.242	4.311931	-3.2313035	-1.948461e-07	0.27617157	0.7535786	-0.8265674	1.0001478	0.00056062714	1.0542899	0.99999905	88.65488	1619.1348	3369.55184841156
6918.6465	256.0515	7174.698	6662.595	7297.4424	148.7337	7610.4385	7093.9155	1000.0	1000.0	304000	541.1406	541.13995	17.190926	17.179493	0.0006469159	534.4745	8518.199	4.5088706	-7.7429867	4.5663118e-08	0.2824714	0.82729566	-1.0160909	1.0001544	0.00061599124	1.0709896	0.9999992	92.91004	1913.5818	3391.087881565094
7183.1646	48.121582	7231.286	7135.043	7369.767	79.90367	7467.069	7204.144	1000.0	1000.0	306000	543.5132	543.51263	18.444933	18.089148	0.00023719491	561.8207	8954.023	4.776016	-1.9756227	2.1454916e-07	0.28444847	0.9145453	-1.121843	1.000157	0.000749084	1.0857675	0.99999887	76.46659	1630.3206	3412.5517060756683
7116.668	97.59277	7214.2607	7019.075	7451.6562	130.26466	7649.484	7257.3755	1000.0	1000.0	308000	545.8418	545.8426	18.74578	18.527723	0.0009016731	538.09235	8575.854	4.2767124	-8.224402	3.704056e-08	0.29020992	0.7038662	-1.3124956	1.000163	0.00074908	1.1063739	0.9999992	91.8602	1630.1326	3436.5466318130493
6420.0225	85.49097	6505.5137	6334.5317	7315.6772	110.84746	7488.936	7160.713	1000.0	1000.0	310000	546.46906	546.4679	20.270348	20.181524	0.0008701797	528.7698	8427.277	4.2772365	-5.752936	-9.5233695e-08	0.30796877	0.7294345	-1.0844078	1.0001816	0.0008726169	1.0718732	0.9999992	112.27343	1910.6476	3458.0143477916718
7002.697	35.254883	7037.9517	6967.442	7430.888	140.49945	7630.756	7253.13	1000.0	1000.0	312000	546.9779	546.9783	17.286379	17.286715	0.00058624544	548.34424	8739.242	4.455166	-3.273749	-1.0693222e-07	0.2762496	0.71412915	-0.9290323	1.0001479	0.00057232793	1.0715358	0.99999917	86.18795	1590.2566	3480.6385867595673
7186.785	107.90918	7294.6943	7078.876	7508.7593	146.87674	7760.045	7229.7295	1000.0	1000.0	314000	549.7301	549.73035	16.794262	16.745218	0.00027752214	549.5113	8757.844	4.3303885	-2.1465666	-1.8662065e-07	0.27474427	0.82859164	-0.79708844	1.0001466	0.000555997	1.0550874	0.99999857	82.19575	1771.5535	3503.382123708725
6920.2188	3.8640137	6924.0825	6916.3545	7554.181	149.52946	7810.5923	7290.3184	1000.0	1000.0	316000	550.2979	550.29724	19.116098	18.890127	0.0011353625	529.4904	8438.767	4.5106397	-7.093408	3.1199008e-07	0.2899527	0.7513405	-0.93898183	1.0001625	0.0006705678	1.0637413	0.9999987	101.41934	1928.976	3524.7161264419556
6805.7617	73.25171	6879.013	6732.51	7397.5806	99.65077	7561.164	7234.2114	1000.0	1000.0	318000	550.2918	550.2921	19.705774	19.537369	0.0018015356	515.4407	8214.846	4.5270553	-32.640675	-1.3520717e-07	0.28243795	0.6840249	-0.89619905	1.0001543	0.0005355639	1.0547758	0.9999987	110.148186	1615.9508	3548.5312790870667
7210.782	180.52515	7391.307	7030.257	7536.71	97.58744	7717.643	7390.32	1000.0	1000.0	320000	550.6906	550.6903	19.288832	19.211908	0.00047106447	533.04767	8495.452	4.4673047	-3.0596173	1.889184e-07	0.28217208	0.7026756	-0.94756424	1.0001543	0.00060054596	1.0603082	0.9999992	90.677345	1945.1569	3570.088123559952
6973.455	283.6643	7257.1196	6689.791	7314.492	169.94662	7573.112	6945.5493	1000.0	1000.0	322000	552.19366	552.1925	19.596378	19.372864	0.00067746866	520.74646	8299.409	4.705699	-8.140819	3.6722497e-07	0.286968	0.81109405	-1.2268217	1.0001593	0.0006680976	1.079465	0.9999989	101.104	1755.0658	3591.450739145279
6772.8643	137.90845	6910.773	6634.956	7528.1616	118.916466	7696.4517	7284.782	1000.0	1000.0	324000	551.0819	551.08026	19.642141	19.442547	0.0015222527	526.97174	8398.621	4.4268374	-37.11339	1.3807937e-07	0.2841973	0.7641461	-0.94351596	1.0001566	0.0006281408	1.0844611	0.99999917	99.10947	1626.757	3615.2933864593506
7039.616	49.48999	7089.106	6990.126	7253.5303	213.99437	7654.6567	6829.885	1000.0	1000.0	326000	553.96716	553.9669	18.576601	18.433516	0.00087587186	554.4034	8835.811	4.6438327	-14.437806	-1.9041597e-07	0.2811244	0.71341825	-1.0386868	1.0001535	0.0006423408	1.0735943	0.9999992	82.524536	1920.4392	3636.7224481105804
6639.135	90.342285	6729.477	6548.7925	7477.2695	113.76181	7641.543	7236.8765	1000.0	1000.0	328000	553.0195	553.0174	22.895325	22.761215	0.0005575633	494.2236	7876.6978	4.25296	-12.528926	-4.528016e-08	0.2908356	0.71264565	-0.836075	1.0001636	0.0006810144	1.0548617	0.9999992	124.52605	1583.1519	3658.191524028778
7247.948	29.587158	7277.535	7218.361	7611.9116	142.36009	7849.39	7435.338	1000.0	1000.0	330000	551.467	551.4666	21.678894	21.686934	0.00030185503	527.6997	8410.221	4.1474485	-1.9838052	-9.040609e-08	0.2817641	0.8872326	-1.1980577	1.0001538	0.0006818578	1.1090808	0.99999934	93.32103	1635.3712	3681.896270275116
6633.0166	651.3367	7284.353	5981.6797	7060.0596	141.48811	7237.353	6825.754	1000.0	1000.0	332000	554.8863	554.8858	22.52998	22.354828	0.00096576515	539.1036	8591.977	4.274636	-3.3115656	-1.2390464e-07	0.31109017	0.8617096	-0.9360931	1.0001863	0.000928102	1.1101118	0.99999917	103.810394	1960.3867	3703.3019988536835
6915.593	307.35376	7222.9463	6608.239	7754.5835	165.21315	7910.7505	7384.9365	1000.0	1000.0	334000	554.55756	554.5564	20.408197	20.457472	0.00018011477	528.3791	8421.05	4.0157924	-1.6977888	3.9763748e-08	0.28184253	0.55101615	-0.83589476	1.0001535	0.0005656976	1.0535644	0.99999934	98.7397	1624.1354	3725.922869205475
7096.7505	259.06787	7355.8184	6837.6826	7754.669	70.53629	7873.026	7643.1436	1000.0	1000.0	336000	557.8892	557.88837	18.840689	18.664396	0.00060862047	540.6421	8616.495	4.2577696	-2.864499	1.0420382e-08	0.28228185	0.7780752	-0.8717419	1.0001541	0.0006360394	1.089854	0.9999994	88.96625	1743.2693	3748.634733438492
6725.6367	257.43896	6983.0757	6468.1978	7377.521	108.468864	7564.7236	7211.649	1000.0	1000.0	338000	558.3889	558.3885	18.772575	18.851246	0.00071605865	527.36414	8404.872	4.104199	-6.392055	-1.4201925e-07	0.27783766	0.97183	-0.99801517	1.0001493	0.00054612267	1.062021	0.9999995	106.07686	1903.122	3770.0309948921204
6945.6226	240.89795	7186.5205	6704.7246	7824.6357	116.89648	7971.7407	7543.3906	1000.0	1000.0	340000	559.0325	559.03326	17.76336	17.801653	0.00038504007	525.3578	8372.8955	3.977085	-11.188909	1.1587888e-08	0.2748687	0.71091753	-0.9084361	1.0001464	0.0005384715	1.0765736	0.99999917	97.45563	1603.165	3793.6933314800262
6659.6323	270.28564	6929.918	6389.3467	7557.1533	149.78993	7835.004	7370.989	1000.0	1000.0	342000	559.28284	559.282	18.72109	18.785683	0.0006044851	523.50885	8343.428	4.471703	-6.763567	-2.02889e-07	0.27253374	0.6730607	-1.1229583	1.0001438	0.0005107825	1.0844764	0.9999994	104.4908	1923.1567	3815.282513141632
7311.5605	100.76807	7412.3286	7210.7925	7526.6313	144.84064	7741.7563	7180.293	1000.0	1000.0	344000	559.00116	559.00073	17.251455	17.198462	0.00032371434	528.242	8418.864	4.0456824	-3.8584328	-1.4911592e-08	0.27541554	0.8000842	-1.0597807	1.000147	0.0005493002	1.0821918	0.9999987	92.14378	1731.9916	3836.7623138427734
6531.2207	208.323	6739.5435	6322.8975	7414.8735	96.76141	7577.6787	7264.2056	1000.0	1000.0	346000	561.24664	561.2462	17.968369	17.95241	0.000569846	527.1777	8401.904	4.096819	-5.930603	2.540201e-07	0.28749588	0.69656205	-0.9396283	1.0001596	0.00064229587	1.0600021	0.99999934	95.56158	1607.5496	3860.706742286682
6900.253	328.38013	7228.633	6571.8726	7585.827	147.53925	7855.7764	7329.2153	1000.0	1000.0	348000	560.2337	560.23334	20.03072	19.782625	0.00046668595	514.6413	8202.103	3.950881	-6.184796	2.4054945e-08	0.28168654	0.75592	-0.9641757	1.0001537	0.0006511113	1.0833616	0.99999934	102.77688	1904.59	3882.3840188980103
7186.4873	188.31567	7374.8027	6998.1714	7682.922	100.644936	7828.5996	7539.6323	1000.0	1000.0	350000	560.6355	560.63477	18.678957	18.777151	0.0016386021	523.6356	8345.454	4.4199843	-33.75651	-2.8580427e-09	0.2803824	0.68498737	-1.0263622	1.0001523	0.00061659113	1.0721273	0.99999964	93.15243	1587.2648	3903.7576911449432
7108.5674	312.84985	7421.4175	6795.718	7775.724	104.657776	7989.7515	7592.7285	1000.0	1000.0	352000	563.471	563.47107	18.211641	18.411871	0.000417691	542.8677	8651.96	4.4450855	-6.279942	-1.7594844e-07	0.2832703	0.76582503	-1.2661897	1.0001552	0.0006154552	1.0648032	0.9999989	88.350044	1611.9014	3927.6660602092743
6980.0903	110.4541	7090.5444	6869.636	7691.8506	176.7565	7941.5674	7426.8486	1000.0	1000.0	354000	565.8576	565.8558	17.852524	18.096289	0.0005630802	544.95746	8685.268	4.5295997	-4.508037	-2.1639467e-07	0.27036807	0.6144984	-0.83024544	1.0001417	0.0004900225	1.0668771	0.99999905	94.705795	1935.9563	3949.090203523636
6885.7715	162.88647	7048.6577	6722.885	7713.725	114.471756	7912.4033	7497.4077	1000.0	1000.0	356000	566.37427	566.3743	18.578554	18.599457	0.0006957915	535.7082	8537.856	4.445181	-3.7599819	1.6192719e-07	0.27723292	0.7645425	-1.0403967	1.000149	0.0005829848	1.108711	0.99999964	98.08495	1616.313	3971.4605515003204
7289.865	88.99097	7378.8564	7200.8745	7648.37	93.50512	7750.6333	7418.1016	1000.0	1000.0	358000	569.31104	569.3109	18.699867	18.689022	0.00056502805	556.3926	8867.515	4.7098565	-3.0173695	1.4515295e-07	0.28710395	0.7790922	-1.092582	1.0001594	0.0006764696	1.0569665	0.9999994	88.25662	1766.2185	3994.316169023514
6606.286	54.82202	6661.108	6551.464	7560.193	120.71037	7795.517	7407.0137	1000.0	1000.0	360000	568.1255	568.1248	20.228243	20.414612	0.0011646266	506.75046	8076.3447	4.3161244	-21.643692	-1.4566481e-07	0.27198595	0.5542405	-0.85955894	1.0001432	0.0004820441	1.0502244	0.9999998	124.1145	1912.3379	4015.6975088119507
7227.043	30.43872	7257.482	7196.6045	6598.678	183.18045	6845.8394	6278.069	1000.0	1000.0	362000	566.9297	566.9296	19.42685	19.653048	0.00055766	534.97375	8526.155	4.4005566	-2.570672	-1.2814402e-07	0.27422455	0.710357	-0.85114455	1.0001458	0.00059400353	1.0731361	0.99999964	91.77299	1617.9108	4039.403760910034
6840.55	125.46387	6966.0137	6715.086	7312.186	141.11194	7530.314	7037.399	1000.0	1000.0	364000	568.235	568.2348	19.932356	20.018007	0.0018764425	539.29694	8595.054	4.366046	-33.472706	9.270608e-08	0.28978932	0.72747695	-0.96960783	1.0001616	0.00067787454	1.0612901	0.99999905	100.83715	1904.674	4061.154590845108
7029.2734	306.2434	7335.5166	6723.03	7772.335	117.5732	7965.55	7605.502	1000.0	1000.0	366000	566.4397	566.4381	21.479137	21.424355	0.00017009542	510.7198	8139.6055	4.420366	-1.384354	-6.648898e-08	0.2954687	0.8812402	-0.9997803	1.000168	0.00081016094	1.0872872	0.99999964	112.489105	1788.9791	4082.4713594913483
6959.1562	73.07202	7032.228	6886.084	7931.5596	179.83456	8167.2173	7546.7964	1000.0	1000.0	368000	567.40967	567.40906	19.586542	19.558311	0.00044847428	524.08167	8352.562	4.417685	-2.4998972	-2.050355e-07	0.27420962	0.7163839	-1.1061937	1.0001454	0.00055145967	1.0869122	0.99999934	99.436844	1619.3005	4107.465388536453
7129.365	35.151855	7164.517	7094.2134	7892.9907	94.75473	8018.5107	7753.6235	1000.0	1000.0	370000	569.6373	569.6382	18.277445	18.41845	0.00035759775	537.5469	8567.161	4.2883334	-2.3329265	4.5746564e-08	0.27475315	0.61781377	-0.8168161	1.0001465	0.000569625	1.0617253	0.9999995	84.619606	1864.6233	4129.841743469238
7062.1895	33.06128	7095.251	7029.1284	7830.22	90.545654	7932.2993	7620.0693	1000.0	1000.0	372000	571.0163	571.0168	19.270992	19.422016	0.0007855344	518.9094	8270.126	4.27601	-19.662523	2.624333e-07	0.27137044	0.64869845	-0.7854356	1.0001427	0.0005073962	1.0702507	0.9999995	99.36829	1434.4412	4153.360049724579
7335.1523	169.64868	7504.8013	7165.504	7734.3916	136.37123	7942.61	7509.5415	1000.0	1000.0	374000	572.8573	572.8564	18.616714	18.696945	0.0004334619	543.8657	8667.869	4.35102	-2.4368598	4.9623846e-08	0.27765632	0.6317605	-0.7776683	1.0001495	0.000550179	1.0923293	0.9999983	85.302345	1516.4321	4179.537843942642
7513.3105	114.20386	7627.514	7399.1064	7907.6787	144.21202	8096.5103	7605.7915	1000.0	1000.0	376000	575.89557	575.8951	17.73538	17.884937	0.00049072737	547.6035	8727.439	4.3686366	-3.2996256	7.199124e-08	0.2764207	0.6336277	-0.9341794	1.0001479	0.0005230081	1.0848867	0.99999887	84.60662	1973.0372	4201.054585933685
7225.344	60.078613	7285.423	7165.2656	7741.5454	88.1305	7906.253	7615.902	1000.0	1000.0	378000	576.466	576.46466	19.633167	19.744585	0.0011600291	527.78796	8411.629	4.2734494	-8.458576	4.1019916e-08	0.28650576	0.7040478	-1.3325045	1.0001584	0.000630107	1.0852008	0.9999994	116.85937	1522.5171	4225.717090606689
7384.2383	18.165527	7402.404	7366.0728	7688.84	125.4305	7887.8994	7467.9775	1000.0	1000.0	380000	576.8548	576.85504	19.252243	19.572445	0.00031832707	557.28595	8881.752	4.494581	-1.8854395	-4.9845873e-08	0.28822625	0.7685078	-1.1534312	1.0001607	0.0007841232	1.0930322	0.99999934	86.67506	1604.3641	4251.548526763916
7295.8965	162.42407	7458.321	7133.4727	7609.0107	174.11046	7847.36	7289.9634	1000.0	1000.0	382000	580.3584	580.3577	18.52497	18.605745	0.00044931745	558.83453	8906.432	4.4450736	-3.803634	2.6017315e-07	0.28800532	0.95855886	-1.342766	1.0001606	0.000738364	1.1105447	0.99999875	84.90655	1792.8829	4275.839109182358
6867.596	456.82178	7324.418	6410.7744	7920.181	139.52649	8087.634	7651.9756	1000.0	1000.0	384000	578.1398	578.1399	21.297094	21.54828	0.0007572774	519.53625	8280.116	4.237753	-5.465393	-5.4827332e-08	0.2861027	0.6082053	-0.9585172	1.0001578	0.00055321684	1.0588875	0.99999964	125.03613	1583.0732	4299.871891498566
7488.202	78.8186	7567.0205	7409.3833	7716.8164	158.93272	7993.5957	7476.105	1000.0	1000.0	386000	580.2835	580.28375	19.355719	19.602901	0.0006161802	562.6149	8966.681	4.303468	-11.923097	-1.05644766e-07	0.29049635	0.86159176	-1.2391999	1.0001633	0.00077296107	1.1716516	0.99999905	87.87688	1785.4155	4322.473855018616
7583.6304	108.61377	7692.244	7475.0166	7952.907	132.7787	8171.5396	7740.811	1000.0	1000.0	388000	583.8489	583.8488	20.002945	20.150517	0.00088070985	570.7405	9096.177	4.2194104	-4.3241754	3.3535957e-07	0.29343653	0.9143493	-0.977402	1.0001664	0.0007811945	1.1140599	0.9999992	84.40877	1719.552	4344.914872169495
7484.127	86.73486	7570.862	7397.392	7175.465	85.42581	7325.37	7053.081	1000.0	1000.0	390000	586.42773	586.42737	19.354355	19.449594	0.0007502483	576.76013	9192.125	4.6524005	-4.173042	-4.6120732e-07	0.28499717	0.77853745	-1.0812756	1.0001574	0.0006515449	1.0818577	0.9999992	81.45669	1594.4855	4369.698432683945
7348.4834	230.61768	7579.101	7117.8657	7929.7344	94.52021	8073.1675	7792.7246	1000.0	1000.0	392000	588.9489	588.9495	18.852856	19.197489	0.00024196958	567.6737	9047.309	4.3540106	-2.1764567	-3.4204124e-08	0.28847367	0.6533257	-0.85871106	1.000161	0.00060736574	1.0647924	0.99999905	90.00281	1895.31	4391.7483632564545
7280.828	173.21045	7454.0386	7107.6177	7825.7173	174.82567	8074.58	7553.9214	1000.0	1000.0	394000	591.18207	591.1816	19.976255	20.156513	0.001100783	555.97845	8860.91	4.4976287	-20.9272	1.247257e-07	0.28749046	0.6588577	-1.0132447	1.00016	0.00064403674	1.0624453	0.99999905	96.68697	1564.328	4413.875200986862
7537.959	72.45752	7610.4165	7465.5015	7705.2173	83.22425	7831.3677	7611.5723	1000.0	1000.0	396000	593.94336	593.9424	19.083673	19.289896	0.00046320423	586.31024	9344.327	4.7535024	-5.093828	2.0313858e-07	0.28319827	0.66977614	-1.1221327	1.0001556	0.0006362453	1.1127517	0.99999875	76.52363	1576.4093	4439.000982046127
7523.0864	102.618164	7625.7046	7420.4683	7901.5405	97.65013	8015.4478	7673.529	1000.0	1000.0	398000	597.7834	597.78284	18.612911	18.715477	0.00027240187	596.42224	9505.487	4.803465	-1.580369	-5.6052208e-08	0.28600731	0.7395796	-0.97770923	1.0001587	0.000641673	1.0951843	0.99999887	75.12886	1884.623	4461.03076505661
6692.5566	555.0447	7247.6016	6137.512	6421.844	170.23705	6678.1313	6099.998	1000.0	1000.0	400000	597.102	597.09973	27.783	27.600327	0.0029523973	549.30743	8754.597	4.627298	-29.069519	-1.4672354e-07	0.34727454	0.7833487	-0.9693017	1.000231	0.0011665483	1.084604	0.99999905	151.83643	1551.6655	4484.728459596634
6959.322	246.27979	7205.6016	6713.042	7897.1147	217.26251	8172.393	7347.7026	1000.0	1000.0	402000	591.3588	591.3584	22.439468	22.43532	0.00023324418	558.68365	8904.026	4.5128965	-1.8083062	7.8333166e-08	0.30220997	1.028318	-0.9181356	1.0001767	0.0007721728	1.0718166	0.99999917	109.471596	1586.261	4510.021283388138
6964.02	25.719238	6989.7393	6938.301	7760.768	146.41087	8012.666	7494.7983	1000.0	1000.0	404000	592.2522	592.2519	21.067984	21.239737	0.00054059376	574.8071	9160.995	4.569542	-2.3566825	-1.4831424e-07	0.29212594	0.79514706	-0.9738496	1.0001651	0.00071487774	1.1050239	0.9999989	97.63536	1994.9575	4533.8964767456055
7431.0586	31.772217	7462.831	7399.2866	7871.2314	81.76131	7963.0127	7671.775	1000.0	1000.0	406000	593.7949	593.79407	20.232098	20.169456	0.00034125196	590.0448	9403.842	4.461888	-3.1980412	8.684397e-08	0.28205508	0.9211593	-0.71406776	1.0001544	0.0006117052	1.0778795	0.99999917	83.06028	1572.224	4557.783588171005
6916.123	302.3047	7218.4277	6613.8184	7877.8135	52.565975	7961.502	7767.1055	1000.0	1000.0	408000	595.9098	595.90967	20.728718	20.919449	0.0004927627	593.86334	9464.699	4.596756	-4.389049	-1.0164976e-07	0.299919	1.0854335	-1.0809758	1.0001726	0.0006963083	1.0639049	0.9999992	93.77856	1794.6772	4581.302529811859
6774.45	407.8911	7182.3413	6366.559	7929.8994	101.79432	8122.4326	7772.8535	1000.0	1000.0	410000	594.3218	594.3215	21.843374	22.014774	0.002086103	550.0962	8767.165	4.444761	-32.847553	9.562671e-08	0.2873406	0.71994406	-0.99645394	1.0001595	0.0006129832	1.0705603	0.99999905	112.90903	1741.3607	4603.43076133728
6823.927	5.9973145	6829.9243	6817.9297	7831.6523	87.27444	7929.4375	7633.6694	1000.0	1000.0	412000	593.89966	593.89905	22.039207	22.004944	0.0010291946	545.86945	8699.802	4.3040442	-18.888868	-1.4351829e-07	0.28592753	0.72655594	-0.90044105	1.0001576	0.00064690894	1.1046877	0.99999934	110.64727	1560.3273	4628.278014659882
7390.2686	0.52758795	7390.796	7389.7407	7525.612	157.36102	7847.059	7300.7314	1000.0	1000.0	414000	593.9166	593.9156	22.125618	22.282164	0.0003874463	558.9735	8908.651	4.478925	-1.6353432	7.02396e-08	0.29540336	0.719578	-1.1622077	1.0001686	0.0007723588	1.0741651	0.9999995	96.588455	1877.716	4650.785017490387
7521.9575	84.8999	7606.8574	7437.0576	7899.378	100.71947	8097.6064	7766.341	1000.0	1000.0	416000	596.41724	596.4169	20.23105	20.30923	0.0003533404	573.9396	9147.172	4.4298987	-4.313254	1.2073666e-07	0.28554007	0.73521185	-1.0179026	1.0001578	0.00063388125	1.1022261	0.9999992	84.98362	1599.5674	4672.829317569733
7356.251	336.84644	7693.097	7019.4043	7965.3726	119.815994	8243.358	7827.3726	1000.0	1000.0	418000	597.7453	597.74554	20.985832	21.015453	0.00084676093	564.0629	8989.761	4.492162	-6.7754264	5.770922e-08	0.28564933	0.699027	-1.0906731	1.0001574	0.0006035323	1.1128576	0.9999995	99.04585	1515.0618	4698.4437165260315
7339.0947	113.590576	7452.6855	7225.5044	7946.1304	163.49898	8182.7314	7574.9683	1000.0	1000.0	420000	599.2699	599.2692	20.921968	21.034946	0.00061034993	566.09076	9022.083	4.6571336	-2.6756227	4.558526e-08	0.28527412	0.74999785	-1.0937334	1.0001575	0.0005943753	1.0680459	0.99999917	92.60799	1902.2385	4719.975960016251
7167.3086	75.13574	7242.4443	7092.173	7821.987	187.30331	8250.94	7494.4062	1000.0	1000.0	422000	601.6618	601.66223	20.356493	20.559023	0.0014442159	563.5971	8982.341	4.7748246	-23.609634	-1.1917948e-08	0.2787144	0.70489454	-0.91544104	1.0001506	0.00052448997	1.0448315	0.9999992	97.057175	1596.683	4742.183567762375
7030.8037	213.80444	7244.6084	6816.9995	6843.7373	279.302	7297.01	6130.811	1000.0	1000.0	424000	601.68774	601.6872	22.729523	23.04753	0.0010642395	559.2667	8913.325	4.813591	-9.847969	5.9110672e-08	0.29538685	0.6465644	-0.97466236	1.0001684	0.00068371056	1.0508198	0.99999934	110.19197	1664.168	4765.94523358345
7114.741	409.64795	7524.389	6705.0933	7671.892	129.42345	7926.2324	7420.7944	1000.0	1000.0	426000	596.7466	596.74615	22.958422	23.063007	0.00016581827	522.82227	8332.493	4.5230513	-1.5538272	-9.234324e-08	0.2816203	0.4916226	-0.834227	1.0001534	0.00050235837	1.045829	0.9999992	119.857025	1904.4567	4788.434318065643
7214.218	165.50659	7379.724	7048.711	7711.185	181.11293	8073.828	7464.9946	1000.0	1000.0	428000	596.48083	596.4805	22.027887	22.287508	0.00064044975	531.8638	8476.59	4.6284432	-7.228768	3.4522637e-07	0.27653193	0.6923682	-0.85176957	1.0001482	0.00054927776	1.1192795	0.9999995	107.75705	1573.255	4812.098719120026
7373.3477	231.6643	7605.012	7141.6836	7789.5674	183.11833	8125.931	7485.0884	1000.0	1000.0	430000	597.0832	597.08234	22.173983	22.379507	0.00047416196	544.57275	8679.139	4.671593	-2.7091131	-3.6186577e-07	0.28072077	0.7361521	-0.9992382	1.0001523	0.00058513595	1.0725448	0.9999994	99.347206	1764.772	4835.312279462814
7305.5156	94.18921	7399.7046	7211.326	8154.375	146.57172	8386.242	7904.4077	1000.0	1000.0	432000	597.9896	597.9896	21.90192	22.238506	0.00049712835	560.90466	8939.425	4.6399937	-11.964226	-3.5348535e-08	0.27883655	0.6860435	-1.2586869	1.0001506	0.00067410106	1.1572201	0.9999992	89.03679	1785.8722	4857.313245773315
7330.165	154.36304	7484.528	7175.802	8150.121	88.70936	8281.875	7969.6196	1000.0	1000.0	434000	598.6811	598.6801	22.244762	22.535995	0.0003788269	533.5499	8503.457	4.7298994	-4.777035	1.5982836e-07	0.27608958	0.65524983	-1.1025227	1.0001478	0.0006355018	1.0747026	0.9999997	100.33177	1616.0088	4881.633777618408
6834.457	143.46558	6977.923	6690.9917	7316.2266	1502.8761	8030.458	2822.7458	1000.0	1000.0	436000	598.2949	598.2933	23.600613	23.666739	0.0010009477	528.4675	8422.459	4.717371	-7.964764	3.831491e-07	0.29067647	0.5573515	-1.1407499	1.0001627	0.00057060487	1.0713282	0.9999994	121.87728	1877.1265	4903.530045747757
7522.5938	179.09302	7701.6865	7343.5005	8151.575	135.50038	8474.915	7922.1094	1000.0	1000.0	438000	597.5157	597.5167	22.62541	22.657457	0.00021115011	544.56213	8678.968	4.5465302	-3.0721753	2.5348365e-08	0.27796656	0.9479493	-1.1352743	1.0001496	0.000593874	1.0831683	0.9999995	98.4729	1651.9718	4925.487983942032
7124.2383	390.77075	7515.0093	6733.468	7519.798	181.45276	7840.925	7215.9155	1000.0	1000.0	440000	597.4054	597.4039	24.111568	24.035553	0.001074757	517.0928	8241.177	4.750027	-11.234416	5.911216e-08	0.28897247	0.6078131	-1.0145844	1.0001615	0.000595176	1.0644343	0.99999964	122.73904	1553.349	4951.1805119514465
7318.408	123.22632	7441.635	7195.182	7367.029	1641.0463	8251.286	2477.037	1000.0	1000.0	442000	594.025	594.02496	23.043304	23.071377	0.00024477553	517.4221	8246.421	4.5068965	-1.9941349	8.5669754e-08	0.2764731	0.58522874	-0.85549104	1.0001482	0.0004995226	1.0572016	0.9999994	111.25434	1915.5035	4973.229735136032
7612.327	174.87622	7787.203	7437.4507	7924.089	160.25926	8101.3364	7544.2266	1000.0	1000.0	444000	595.7556	595.7544	20.919363	21.064508	0.00041091078	549.0996	8751.283	4.617132	-4.888491	3.746152e-08	0.27933916	0.7022276	-1.0503432	1.0001513	0.0006045502	1.1551448	0.9999994	90.167145	1572.1698	4995.803764820099
7641.0674	30.469482	7671.5366	7610.5977	7901.3765	140.02771	8181.9565	7680.9355	1000.0	1000.0	446000	598.4278	598.4273	20.956055	21.265722	0.0008066361	559.5989	8918.619	4.6421123	-4.5353293	1.3099908e-07	0.28210488	0.5863065	-0.96412295	1.0001539	0.00052626355	1.0449315	0.99999934	90.37069	1543.3782	5022.080096483231
7737.207	3.545166	7740.752	7733.6616	7560.639	209.72061	8011.7812	7196.924	1000.0	1000.0	448000	601.7528	601.75336	20.666718	20.896685	0.0009837181	560.13574	8927.172	4.808809	-9.304873	1.6553328e-08	0.28840455	0.547587	-1.3073832	1.0001607	0.0005912038	1.0980929	0.99999934	96.79184	1918.7395	5044.3465139865875
7476.0713	249.21558	7725.287	7226.856	7837.5225	136.39189	8080.754	7631.202	1000.0	1000.0	450000	602.65594	602.6555	22.224401	22.242613	0.0004966038	559.1493	8911.449	4.6234665	-4.226031	-6.03959e-08	0.28657955	0.82211256	-0.8985384	1.0001589	0.0005897044	1.0654513	0.99999934	95.28194	1602.4535	5067.395424365997
6930.6455	613.1914	7543.837	6317.454	5328.177	2103.1628	7123.4556	1352.3073	1000.0	1000.0	452000	604.07025	604.06995	25.321562	25.461447	0.0018266821	559.1748	8911.857	4.756408	-15.577602	9.191036e-09	0.29521033	0.9328182	-1.2512283	1.0001683	0.0006776569	1.1100217	0.99999905	122.037186	1808.8119	5089.879353523254
6750.101	185.21631	6935.3174	6564.885	7945.6406	78.51696	8052.4004	7806.8105	1000.0	1000.0	454000	596.0238	596.02203	27.514297	27.630308	0.00017689314	525.1991	8370.373	4.622478	-5.0593996	5.799532e-09	0.2855891	0.5142349	-0.88013357	1.0001581	0.00056371454	1.0620329	0.99999964	141.02827	1832.3735	5111.925972700119
7502.4	294.78418	7797.184	7207.6157	8017.2607	114.286385	8212.464	7779.4937	1000.0	1000.0	456000	596.2273	596.22534	25.304173	25.701668	0.0005447822	548.869	8747.608	4.657269	-10.342221	1.9424334e-07	0.29151693	0.6481455	-0.80236673	1.0001649	0.0006536889	1.0542209	0.99999887	106.84283	1483.6525	5137.879729986191
7013.974	619.44824	7633.4224	6394.526	8052.7476	101.015625	8220.314	7921.4194	1000.0	1000.0	458000	596.1757	596.17554	26.50964	26.669743	0.00087811705	532.9976	8494.658	4.701237	-8.853321	-5.4314732e-08	0.2957077	0.7619364	-1.0747635	1.0001689	0.00068395433	1.1236501	0.99999905	120.5413	1813.9675	5163.457003593445
7344.7627	224.47241	7569.2354	7120.2905	7559.2383	1788.0892	8349.112	2210.9314	1000.0	1000.0	460000	594.78925	594.78864	26.615099	27.081398	0.00030604875	529.4247	8437.713	4.1842813	-2.73182	-1.2293309e-07	0.29062277	0.65540266	-0.7439655	1.0001634	0.0006681937	1.0717628	0.99999964	114.523056	1574.2134	5188.712214708328
7341.7295	167.9978	7509.7275	7173.732	8171.6475	196.20274	8363.125	7715.707	1000.0	1000.0	462000	595.9938	595.9931	26.100498	26.342594	0.0005864993	530.0082	8447.011	4.625053	-5.549946	-2.2963286e-07	0.29148805	0.5148563	-1.2579424	1.0001639	0.0006545566	1.0548285	0.9999992	116.63869	1576.4514	5213.386382102966
7487.004	49.53882	7536.5425	7437.465	8242.956	152.29753	8451.92	7938.2783	1000.0	1000.0	464000	597.51605	597.5161	25.485533	25.869783	0.0012609028	530.18567	8449.842	4.3790092	-21.548536	-8.08835e-08	0.2839911	0.6048536	-1.2684727	1.000156	0.0005388586	1.0467091	0.9999994	113.463135	1928.3124	5235.359171628952
7214.1763	264.73486	7478.911	6949.4414	7714.5205	119.580605	7939.2183	7566.159	1000.0	1000.0	466000	599.23785	599.23706	24.484955	24.569324	0.0011222915	527.1856	8402.031	4.4202666	-7.70427	2.837345e-07	0.2829832	0.503042	-0.8401602	1.000155	0.00055273355	1.0439446	0.99999964	112.84035	1595.835	5257.256370544434
7178.6875	292.77124	7471.4585	6885.916	7295.667	155.05312	7521.08	6980.312	1000.0	1000.0	468000	597.81525	597.81445	24.974365	24.974367	0.0009543233	520.5657	8296.523	4.7075233	-9.841952	5.5718424e-08	0.28223392	0.6162371	-0.70463914	1.0001543	0.000484981	1.0420568	0.99999934	122.99816	1615.3485	5281.386807441711
7414.171	79.6189	7493.79	7334.5522	8124.0806	143.09158	8255.527	7715.138	1000.0	1000.0	470000	596.63214	596.63165	23.844812	23.569786	0.00023122522	526.8461	8396.617	4.581366	-1.7789043	1.5161932e-09	0.2790556	0.53233576	-1.0497789	1.0001507	0.00046850822	1.0378015	0.99999905	111.68956	1935.7866	5303.044821739197
7504.7266	45.87915	7550.606	7458.8477	8010.8853	135.96292	8190.9976	7696.948	1000.0	1000.0	472000	599.69727	599.6967	22.227636	22.29948	0.0008792472	534.97034	8526.102	4.626867	-4.4352994	-2.0880996e-07	0.28483787	0.6148467	-0.976199	1.0001569	0.0005625759	1.0705922	0.99999964	102.18203	1575.7047	5326.824508428574
6133.746	542.636	6676.3823	5591.1104	7643.4736	127.51962	7839.006	7487.549	1000.0	1000.0	474000	595.14075	595.1399	28.173727	28.313887	0.0008296858	490.49905	7817.3384	4.371411	-17.976793	8.431971e-08	0.29974884	0.5635538	-0.84963125	1.0001726	0.000668668	1.0677192	0.9999997	158.78798	1525.4573	5354.005827188492
7179.884	136.98267	7316.8667	7042.9014	8146.4854	104.68779	8335.638	7944.6885	1000.0	1000.0	476000	594.0683	594.0675	24.378607	24.45832	0.00033186303	533.45184	8501.897	4.209491	-3.70574	-1.4732778e-07	0.28046262	0.71993065	-0.8410317	1.0001526	0.00054644427	1.0552301	0.99999964	103.586006	1807.8433	5375.467460155487
7021.865	154.90112	7176.766	6866.964	8305.165	90.10928	8450.912	8116.005	1000.0	1000.0	478000	594.6301	594.63025	24.39592	24.31635	0.0005764661	520.361	8293.261	4.0888395	-8.830304	-1.4933944e-07	0.28740478	0.55685043	-1.0327326	1.0001596	0.0006100761	1.1270776	0.9999995	113.99973	1459.172	5404.455286741257
7210.4478	103.80322	7314.251	7106.6445	8072.8174	165.89674	8315.954	7783.3286	1000.0	1000.0	480000	596.1949	596.193	24.535624	24.682215	0.0005744947	537.121	8560.375	4.174561	-3.7819479	-2.9733776e-08	0.2983231	0.72660655	-1.0820423	1.0001717	0.0007957253	1.1018083	0.99999917	112.80436	1574.2987	5432.612645626068
7204.11	69.06055	7273.1704	7135.0493	8100.986	173.25012	8409.561	7741.181	1000.0	1000.0	482000	596.3562	596.35565	23.799524	24.188335	0.0008341152	532.01843	8479.051	4.149149	-17.208204	2.805084e-07	0.2877899	0.6205457	-0.7888273	1.0001601	0.0005828197	1.0567662	0.9999994	111.059456	1208.402	5460.198379993439
7540.9927	101.11621	7642.109	7439.8765	8335.744	113.4051	8504.159	8164.9077	1000.0	1000.0	484000	598.5461	598.54517	23.2628	23.59096	0.00037953586	535.8699	8540.431	4.188452	-2.4998577	-2.405569e-07	0.29566607	0.7812892	-0.8810291	1.000169	0.000770074	1.0852351	0.99999964	101.25069	1164.604	5492.397415161133
7746.334	107.45703	7853.791	7638.877	8163.871	112.68291	8308.063	7914.4395	1000.0	1000.0	486000	601.7801	601.7802	22.860235	23.071228	0.0006588578	556.39374	8867.539	4.1586623	-4.153771	-3.8799644e-08	0.2967971	0.7029824	-1.3188554	1.0001704	0.000817021	1.078895	0.99999905	91.13167	1597.947	5521.920699834824
7698.4326	47.49243	7745.9253	7650.9404	8184.4443	150.37822	8479.643	7966.469	1000.0	1000.0	488000	605.98706	605.98724	23.873745	24.04326	0.001826113	556.10175	8862.88	4.224136	-32.40531	-1.3569891e-07	0.29946652	0.70465523	-1.0453331	1.0001734	0.0008494902	1.0929512	0.99999934	99.09719	1260.7694	5552.334576845169
7823.0615	95.998535	7919.06	7727.063	8216.531	150.95789	8409.465	7829.498	1000.0	1000.0	490000	610.2347	610.2336	23.920723	23.930304	0.0006977568	573.6356	9142.323	4.3292727	-6.108412	4.0127114e-07	0.3015231	0.83379304	-1.3474894	1.0001758	0.000861629	1.0860441	0.99999905	90.50139	1407.0896	5582.820527791977
7799.6113	0.37060547	7799.982	7799.2407	8085.9272	151.83113	8345.572	7853.0947	1000.0	1000.0	492000	613.5414	613.5408	23.777208	23.990974	0.0011195244	575.59735	9173.591	4.417524	-3.2267296	-9.821281e-08	0.3033558	0.7711004	-1.135186	1.0001777	0.000903975	1.1580151	0.99999917	89.64891	1312.1722	5610.722680568695
7628.4346	159.59595	7788.031	7468.839	8250.522	144.26166	8528.098	8060.151	1000.0	1000.0	494000	615.7944	615.794	25.03229	25.140263	0.0004944873	560.32776	8930.234	4.450696	-11.52996	2.3613572e-07	0.3007685	0.6698477	-0.846418	1.0001751	0.0007556491	1.0968993	0.9999992	102.85745	1137.6555	5643.326805830002
7577.087	296.7063	7873.793	7280.3804	7839.2686	128.75877	8069.4707	7609.3823	1000.0	1000.0	496000	618.3529	618.3528	25.09741	25.203579	0.0010264065	548.91077	8748.27	4.5660634	-25.97803	-1.2717992e-07	0.2977671	0.75412965	-1.0151799	1.0001713	0.00080038304	1.0860614	0.99999905	111.576035	1510.7832	5672.567326784134
7388.29	24.403076	7412.693	7363.8867	7980.8057	81.33984	8104.031	7884.9277	1000.0	1000.0	498000	616.797	616.79626	25.955479	25.87613	0.00031794424	535.2345	8530.309	4.2245307	-7.2982216	-7.7088174e-08	0.2919144	0.7759511	-0.93348706	1.0001644	0.00076064176	1.1118405	0.9999997	109.58178	1330.536	5701.380939722061
7226.286	468.32935	7694.6157	6757.957	7925.737	128.06413	8183.1826	7783.9946	1000.0	1000.0	500000	618.37427	618.3741	24.69492	24.884216	0.0010166884	548.249	8737.728	4.358612	-7.540546	2.758682e-07	0.29941374	0.61775297	-1.0128701	1.000173	0.0007090021	1.0767204	0.99999964	108.23308	1234.5492	5732.43717956543
7482.0415	264.9497	7746.991	7217.092	8095.246	195.33484	8456.752	7786.1543	1000.0	1000.0	502000	618.5043	618.5038	25.10343	25.096731	0.00054800056	540.983	8621.921	4.1705856	-4.3169208	6.559044e-08	0.29187828	0.68436474	-1.2463666	1.0001645	0.0006628943	1.0533391	0.99999934	109.1765	1382.891	5760.16241979599
7730.701	30.238037	7760.9395	7700.4634	8342.373	112.40875	8489.729	8125.099	1000.0	1000.0	504000	621.4912	621.49084	25.322046	25.24523	0.0006821767	558.78107	8905.581	4.3801837	-3.9870718	9.801984e-09	0.29862	0.69137526	-0.9557787	1.000172	0.00078211474	1.0837667	0.99999917	100.680626	1209.3263	5790.6719834804535
7555.4883	77.75122	7633.2393	7477.737	8228.405	74.565765	8353.825	8134.2515	1000.0	1000.0	506000	621.92847	621.9288	25.97299	26.045359	0.0009897884	547.3801	8723.881	4.359593	-12.769311	-1.2020618e-07	0.293669	0.62925464	-1.262041	1.0001669	0.0007464794	1.0925972	0.9999992	110.29155	1352.0437	5821.379470586777
7316.5244	251.2395	7567.764	7065.285	8314.959	127.214714	8482.238	8069.9263	1000.0	1000.0	508000	622.3784	622.37823	27.5929	27.643534	0.0006724264	551.7382	8793.336	4.3708057	-6.9109054	-4.191622e-08	0.2908331	0.584544	-1.0631267	1.0001637	0.0007040774	1.0685685	0.9999995	113.0046	1445.6575	5850.446243047714
7621.9336	50.171875	7672.1055	7571.7617	7561.297	2137.1633	8514.452	1166.5839	1000.0	1000.0	510000	622.4953	622.4952	26.542337	26.46708	0.0007552683	546.1605	8704.438	4.410766	-20.28654	-1.1377931e-07	0.27918646	0.55266196	-0.8254316	1.0001512	0.0005426166	1.0514321	0.9999997	112.0588	1311.051	5880.992110013962
7599.9805	26.29419	7626.275	7573.6865	7887.4062	152.70341	8081.016	7588.511	1000.0	1000.0	512000	622.1389	622.13965	25.843971	26.000746	0.0013813811	560.79095	8937.609	4.354557	-15.917556	2.2726134e-08	0.284116	0.5555824	-0.9780246	1.0001564	0.00059616007	1.0609729	0.9999995	105.19934	1345.7712	5909.371286392212
