AverageEpRet	StdEpRet	MaxEpRet	MinEpRet	AverageTestEpRet	StdTestEpRet	MaxTestEpRet	MinTestEpRet	EpLen	TestEpLen	TotalEnvInteracts	Q1Vals	Q2Vals	LossQ1	LossQ2	LossA	StepsPerSecond	Time
16.95175	17.585299	139.96542	4.8958716	38.106728	1.1156995	40.431313	36.90172	21.24468	21.6	2000	3.2173347	3.2171178	0.036924485	0.03564227	-3.8413267	3165.9065	17.815499782562256
19.971565	18.144062	92.17792	5.5302634	38.328697	1.0375896	40.525375	36.823936	22.761364	21.8	4000	16.369343	16.369247	0.36343756	0.38034403	-19.12248	3149.8574	39.96841216087341
19.292885	17.669111	109.77454	5.2616515	39.089787	0.81564564	40.382034	38.21047	23.209303	22.3	6000	47.770267	47.770115	2.321961	2.23264	-52.723133	3052.0564	61.97866988182068
17.062414	10.900791	80.58068	5.1717076	39.218845	1.0633396	40.535538	37.019867	21.408602	22.3	8000	60.047054	60.047794	4.7762694	4.868528	-63.357113	3028.247	83.76357221603394
18.063406	14.323294	95.23055	5.6363077	167.59207	4.9436946	172.38722	160.02568	22.28409	81.1	10000	74.45317	74.45265	10.467921	10.720714	-78.777145	3163.511	105.84346961975098
16.69547	47.888607	225.86455	-1.9061474	4.571204	0.18877533	4.7416854	4.0898542	26.23077	27.1	12000	87.90186	87.90005	11.800595	12.119851	-93.771126	723.7124	128.1096158027649
36.622746	72.74262	285.2226	3.7014656	212.4854	1.3732657	215.10883	210.1328	48.225	91.9	14000	102.39328	102.3914	12.450049	12.910164	-108.44542	1172.7341	151.66951608657837
238.9395	44.124603	336.19363	207.26619	487.48526	115.502884	704.7382	350.0525	118.454544	322.8	16000	110.276436	110.28019	10.605111	10.747529	-115.791985	1192.9965	178.6746244430542
574.39307	319.81342	1067.7598	296.39474	320.55453	0.90841645	322.778	319.531	450.5	131.1	18000	114.7891	114.790634	9.715691	9.937408	-119.98634	1207.8356	203.84200978279114
311.40588	39.772644	350.85596	217.2985	258.8064	9.192732	270.91653	248.26117	125.6	115.0	20000	127.42366	127.42405	10.281985	10.587834	-133.2702	1012.03033	227.6665234565735
338.59067	42.85044	434.71158	265.57748	295.12036	11.904691	317.0408	281.26276	152.71428	135.6	22000	141.10632	141.10646	11.355256	11.645736	-146.98001	1491.328	250.69019317626953
351.08755	57.206593	483.33652	286.0078	333.3416	10.973615	356.11255	317.44406	148.46153	142.1	24000	157.8542	157.85587	12.490566	12.591479	-164.26332	1320.4539	274.9542679786682
357.4045	31.474121	399.256	289.97708	358.07	39.643612	416.99725	308.57266	141.26666	141.4	26000	171.35535	171.35545	13.054945	13.297803	-177.51991	740.7008	298.85524463653564
407.10104	86.059616	578.54175	287.18167	492.14862	54.20053	618.76355	413.29785	152.61539	189.8	28000	180.76833	180.76788	13.34488	13.595867	-186.69579	1012.2333	323.5545313358307
442.4585	75.00125	627.9389	356.21255	440.39984	13.040994	456.49338	414.64612	161.58333	168.6	30000	185.69893	185.69838	13.528393	13.704485	-191.34587	737.75073	347.7589192390442
396.4956	127.530464	677.0289	179.97385	384.3724	38.166042	447.2939	328.143	159.08333	141.6	32000	189.5837	189.58514	14.272296	14.78461	-194.98003	1219.2225	372.0193154811859
376.69852	112.358116	582.648	246.8596	544.171	59.31731	611.2098	416.98557	145.78572	186.0	34000	191.50992	191.51012	15.929822	16.503906	-196.51288	867.8509	396.3170793056488
407.07053	87.78684	614.1691	252.41183	324.04166	30.73324	397.05515	276.97305	146.92857	125.4	36000	192.49269	192.49236	15.478888	15.856	-197.386	1367.3705	418.7805504798889
320.25275	109.12372	575.9291	159.92967	507.5634	178.44133	708.1473	277.19177	122.5625	176.3	38000	193.26886	193.26779	15.280017	15.587815	-197.8812	1225.667	441.4159963130951
533.5348	257.61978	914.12103	222.98973	723.91095	51.46135	789.27466	579.1642	190.36363	236.3	40000	194.00978	194.01016	16.138151	15.301481	-198.3608	1313.034	466.71657538414
524.9736	241.92693	851.1212	204.39914	452.42	8.341986	464.9543	440.45093	186.2	150.2	42000	195.3313	195.33054	16.104216	16.065496	-199.4571	1364.0006	487.13570952415466
599.5399	136.9819	983.9684	442.6946	539.39	9.300109	554.5275	526.03064	190.54546	172.3	44000	194.91394	194.91322	15.103182	15.051266	-198.77043	1172.0175	511.6111259460449
670.69995	83.288284	792.4569	524.21765	795.88245	35.675854	855.577	740.5105	212.44444	255.0	46000	194.90144	194.90262	12.916853	13.174207	-198.66267	1380.3536	534.1825518608093
660.1226	236.93773	1046.323	314.85376	560.11615	88.934654	796.1309	462.95728	216.22223	183.4	48000	196.57364	196.57436	13.136316	12.866058	-200.5697	1079.9292	558.7178926467896
748.6906	271.88492	1216.6241	435.65756	594.86334	95.27765	868.3527	529.02124	236.0	189.3	50000	200.54613	200.54572	12.594033	12.8282385	-204.47275	1119.5315	583.3992476463318
720.2747	209.73456	992.31067	255.94397	917.2576	82.26883	1135.7776	825.6602	232.75	289.0	52000	204.21368	204.21367	12.450717	12.560786	-208.1299	1196.1775	609.724381685257
636.66724	179.70656	957.3796	373.4257	348.01932	47.54662	444.50528	290.30072	205.9	128.1	54000	207.51772	207.51779	13.035855	12.847936	-211.28719	1343.9031	632.9709506034851
362.2986	99.08771	583.35815	235.66505	391.2177	22.428349	432.07614	365.6075	132.8125	139.3	56000	207.96219	207.96158	12.478316	12.123711	-211.42413	964.7866	656.5955836772919
963.43024	627.9932	1994.199	348.55826	1374.2971	477.47272	2775.4011	984.3032	313.66666	420.9	58000	207.00574	207.0053	11.404045	11.350865	-210.12672	1091.1128	684.7614045143127
1275.1475	393.4607	1759.6707	880.80835	1034.7126	190.81335	1375.9574	704.71936	402.4	337.0	60000	207.49513	207.49576	12.332925	11.710557	-210.53444	1337.7616	711.8075122833252
1141.1962	599.37885	2129.5374	573.31525	2152.081	820.4775	3076.5024	766.6226	364.5	693.4	62000	208.59636	208.59708	11.997916	11.688692	-211.5675	995.06055	742.9984703063965
1337.4674	714.6565	2740.805	634.40356	796.15125	38.181156	880.04474	749.36163	438.66666	244.9	64000	210.8297	210.83023	12.776582	12.572703	-213.74907	1279.3063	767.966180562973
1017.05646	169.51361	1274.4395	788.0422	1250.0615	480.8228	2345.7898	775.52875	309.6	411.5	66000	212.78497	212.78384	12.151292	12.290522	-215.67558	804.67413	794.3363153934479
1489.8639	576.8932	2289.9155	960.90015	1441.2736	724.9031	3096.9907	817.66315	476.2	463.0	68000	214.60039	214.60222	11.694307	11.471907	-217.28824	805.39026	821.0135314464569
1378.5028	1175.2677	3012.086	296.3136	1262.242	546.97784	2062.309	275.46823	475.33334	434.9	70000	216.49995	216.50017	12.229768	12.115313	-219.30667	1066.3159	847.3854949474335
1087.3679	1002.1469	3070.586	276.26727	2576.0664	518.9847	3103.1836	1617.5009	379.2857	839.9	72000	219.01486	219.01468	12.151715	12.004431	-221.54381	1050.7902	877.0551171302795
566.6902	434.6048	1365.4103	244.3956	437.18594	375.18784	1188.6802	241.73734	217.66667	188.1	74000	218.65172	218.65211	12.975326	12.598199	-220.94621	845.7909	901.0580780506134
419.0331	388.23038	1182.1818	67.97229	344.35797	422.58093	1471.609	68.44178	170.83333	134.7	76000	218.67792	218.6774	12.287005	12.407937	-220.92703	1541.4657	920.4939429759979
582.3204	573.13586	1854.1885	68.41105	1397.0743	331.35504	2052.5515	905.9965	220.66667	491.9	78000	218.36343	218.36327	13.00716	12.534739	-220.57553	1166.1766	944.4552202224731
1295.6499	573.50305	2106.684	885.0055	1510.8513	587.6256	2859.854	933.8252	465.66666	503.5	80000	219.03664	219.03711	12.0449505	11.843141	-221.27597	1108.1753	972.0945398807526
1204.6544	494.863	2010.0323	600.38715	2299.9163	542.28564	2918.4033	1406.0225	396.4	810.5	82000	220.3134	220.31331	11.940607	11.704655	-222.6604	1021.4144	1002.2511858940125
1472.3695	501.12265	2027.0463	541.9394	1737.5049	432.33353	2812.9011	1385.7235	492.2	578.7	84000	223.23886	223.23885	11.759183	11.343905	-225.7511	1170.0212	1030.0006878376007
1149.754	216.34392	1509.8451	918.0328	866.3761	48.573853	945.6398	765.82007	384.4	271.8	86000	226.04977	226.04985	12.507423	12.123086	-228.6836	989.5581	1053.7736420631409
2197.6545	466.8277	2838.807	1740.7517	998.42126	0.69862384	999.7971	997.14874	748.0	1000.0	88000	228.65753	228.65749	11.756733	11.5907135	-231.18456	1381.3466	1086.4190142154694
1293.7103	289.74268	1583.453	1003.96765	1466.5902	73.43346	1564.0049	1332.1116	901.5	981.1	90000	230.11972	230.11996	10.984656	11.1496935	-232.50984	1291.526	1121.7968995571136
1115.0388	50.105503	1184.7609	1069.2247	1845.3073	689.6709	2726.0552	1021.97437	490.66666	676.7	92000	230.41736	230.418	11.412714	11.338141	-232.69022	837.291	1151.1259887218475
1623.6985	865.95215	2808.1353	765.9056	1136.2156	508.62128	2417.8887	680.82574	637.25	466.2	94000	231.04596	231.0465	10.48001	10.46057	-233.1959	1368.7305	1177.940176486969
1308.666	946.49677	2934.1064	575.3957	1131.2324	380.8144	2075.4521	758.3693	479.0	369.8	96000	230.99657	230.99599	10.602287	10.481775	-233.03404	1000.67126	1204.615276813507
1254.2006	215.04227	1656.8174	1041.1272	782.96515	394.79623	1649.9114	311.11154	387.8	249.1	98000	230.51225	230.5126	10.123139	9.978419	-232.47644	1472.6658	1228.6790351867676
1260.6356	1012.1639	3063.0698	357.9783	881.1307	99.281906	1091.7668	778.93976	411.6	276.7	100000	231.38768	231.38766	10.539254	10.505438	-233.42397	1074.5139	1250.8107295036316
1412.0339	888.1204	2991.931	677.9398	990.9294	167.03374	1416.1909	843.7289	443.0	310.0	102000	232.85962	232.85898	10.470273	10.256644	-234.88873	1358.1062	1276.3492095470428
1859.8578	1153.9452	3013.803	705.9126	1750.0795	584.2112	3037.6978	900.1546	614.0	573.6	104000	234.00792	234.008	9.832542	9.757337	-235.90948	1474.2738	1305.094081878662
1373.8412	857.41266	2980.6492	588.4928	2120.6575	656.3684	3110.5735	1097.55	444.0	653.1	106000	233.79617	233.79672	9.012263	8.926555	-235.66145	1338.445	1335.3475320339203
1145.5638	378.84305	1673.187	537.9234	1013.8244	483.0196	2084.5212	544.48663	363.16666	346.7	108000	234.04797	234.04752	9.419469	9.33831	-235.90628	1444.8784	1361.6083016395569
1146.3702	410.74728	1556.88	566.35706	1477.4081	197.5825	1772.7526	1168.8015	362.5	450.1	110000	234.01555	234.01562	9.627588	9.5279455	-235.7769	1458.9658	1388.5218312740326
1698.2094	1029.3617	3006.0488	490.6246	1294.648	90.67832	1529.3359	1209.813	563.6667	425.6	112000	233.83498	233.83475	10.118831	10.039654	-235.47353	1274.2327	1414.6749432086945
1974.1287	611.73956	2759.583	1175.8313	1883.867	697.12317	3087.9277	878.57697	622.0	583.8	114000	233.72801	233.72903	10.420943	9.879948	-235.3634	973.8212	1444.3384618759155
1478.5272	945.9044	3077.8552	765.3448	2789.402	463.2157	3155.359	1899.7163	460.0	889.0	116000	234.07814	234.07758	9.471689	9.18285	-235.66872	992.8131	1476.8666276931763
1073.3348	836.0857	3077.5317	436.1864	1002.9709	764.20123	3176.8633	567.64087	341.85715	317.2	118000	233.99475	233.99553	9.030682	8.998362	-235.54387	1436.1827	1499.141608953476
958.2805	224.51343	1287.2124	650.3095	1994.9358	923.40106	3032.3884	830.3244	292.5	645.7	120000	233.44615	233.44681	9.074872	8.764219	-234.94453	1124.3396	1528.7325429916382
1651.0547	669.5964	2194.4563	707.73267	1986.9467	978.96674	3079.356	755.827	521.6667	641.1	122000	233.51416	233.51462	8.631269	8.347997	-234.96669	823.4494	1557.7967567443848
2256.1067	782.58	3048.2542	1190.6871	1177.7323	35.468094	1256.6107	1129.5144	715.0	352.1	124000	233.8207	233.82028	8.918047	8.768119	-235.26765	1513.2955	1581.541422843933
1582.6041	884.592	3102.4827	895.40436	1496.9297	545.4812	3007.942	1180.9663	489.25	446.7	126000	234.52512	234.52534	8.352821	7.912453	-235.9459	1196.4994	1608.6068420410156
2624.4973	684.75745	3153.8289	1657.5529	3186.288	14.768715	3208.4785	3149.9016	810.3333	1000.0	128000	235.00027	235.00076	8.208018	7.9943433	-236.38956	785.7697	1642.5882675647736
3150.6616	5.713257	3156.3748	3144.9482	2448.897	719.91895	3108.9324	1399.836	1000.0	794.2	130000	235.87514	235.87535	8.472904	8.181697	-237.27216	1529.4226	1675.0458073616028
2281.279	860.7539	3123.47	1099.0121	1765.595	590.35596	3140.8442	1223.438	706.0	526.3	132000	236.41917	236.41817	7.664536	7.2568164	-237.80302	1468.812	1701.4302356243134
3226.4463	62.764282	3289.2107	3163.6821	3150.4	11.809424	3171.2883	3129.2896	994.5	1000.0	134000	237.37299	237.37425	7.7945585	7.651575	-238.73476	804.0817	1735.373595714569
2264.7273	595.37366	3104.5105	1792.13	3037.9707	17.520351	3061.2656	2998.6914	699.3333	1000.0	136000	238.3567	238.35678	7.315983	7.2192364	-239.67087	989.57874	1771.10888671875
2234.7478	501.26495	2736.0127	1733.4828	1779.5481	943.7201	3224.794	1085.1649	677.5	539.8	138000	238.79314	238.7941	7.2373896	7.273985	-240.08377	1313.2773	1799.093552350998
1758.497	902.3909	3098.9277	878.85095	2266.6633	725.08606	3177.775	1235.442	551.25	697.8	140000	239.68199	239.6822	7.5827665	7.442126	-240.91763	1155.8141	1828.092705488205
2711.6294	418.83	3171.8298	2158.5903	2657.903	746.93304	3173.469	1448.7645	840.0	834.5	142000	240.5123	240.51291	7.292611	7.2193236	-241.77759	1359.8992	1858.790340423584
1713.5524	951.02527	3054.7048	955.47675	3161.6802	14.776129	3183.1792	3129.6843	546.0	1000.0	144000	241.65727	241.65685	7.455173	7.3146877	-242.91252	999.53345	1891.6372261047363
2207.9304	1309.9806	3149.9058	355.4274	2138.6006	997.4296	3048.0342	872.79425	719.0	701.5	146000	242.59412	242.59511	7.211975	7.0792203	-243.8309	1514.6947	1922.1463730335236
2654.4858	456.78625	3111.272	2197.6995	3008.65	264.39908	3199.2913	2223.899	843.5	969.6	148000	243.59727	243.59822	7.350705	7.464904	-244.82703	1396.623	1953.5670335292816
1747.7709	415.3039	2307.7126	1314.2915	2666.0442	452.54364	3164.2903	1996.8162	522.3333	818.3	150000	244.56493	244.56447	7.2112255	7.293995	-245.79517	1200.7961	1982.8088066577911
1821.6279	892.50165	3119.4775	911.3647	2419.6445	734.6846	3343.8376	1335.2177	560.5	724.6	152000	245.50491	245.5045	6.8814063	6.858405	-246.69444	1135.2927	2013.569730758667
2131.8315	874.71686	3273.8198	1085.1333	1306.8806	1004.0342	3281.4358	503.0551	641.0	400.3	154000	246.19733	246.19781	6.7760663	6.703881	-247.37434	1288.4528	2037.0285296440125
3127.6938	72.18042	3199.8743	3055.5134	1255.7037	213.03427	1553.301	783.77423	964.0	364.7	156000	247.28435	247.28467	7.025046	6.8016953	-248.46802	1368.4209	2061.2306883335114
989.2804	739.0943	2216.8203	99.90766	1070.522	1113.129	3192.4973	104.10259	292.57144	345.7	158000	247.9297	247.93019	7.3470607	7.3194833	-249.098	748.00104	2086.8428905010223
1630.1932	1180.6804	3268.3855	531.35846	2743.9226	754.14886	3199.2751	851.66437	513.6667	862.7	160000	248.75272	248.75304	8.087489	7.8962812	-249.89447	1385.6155	2117.8909814357758
2745.3145	466.69556	3196.026	2102.4045	1701.9299	921.3649	3207.0132	818.486	843.0	507.2	162000	249.26546	249.26598	7.6009083	7.090789	-250.38748	898.781	2145.015248298645
3051.5117	173.06384	3224.5754	2878.4478	1998.0787	813.79376	3256.4062	981.6651	938.0	582.2	164000	249.91972	249.92026	7.2655725	7.09748	-250.99977	1368.1165	2172.1149208545685
1159.171	316.05508	1712.6512	765.9668	2017.611	897.51526	3116.892	952.7134	345.33334	649.3	166000	250.74947	250.74896	7.497988	7.112992	-251.83067	927.2329	2198.8844006061554
1550.2854	1154.7086	3239.2947	102.325874	2293.7817	652.2532	3312.1997	1421.4403	473.75	684.4	168000	251.22702	251.22733	7.0879374	6.8899455	-252.26057	1430.3514	2228.2913858890533
3122.2422	119.107544	3241.3496	3003.1345	2663.1272	466.15128	3197.2131	1802.8788	952.5	812.5	170000	251.82385	251.82483	7.0068526	6.4957004	-252.87128	1282.0659	2259.8227531909943
1699.0057	539.7792	2369.4854	982.2695	2071.893	1026.1943	3266.4287	506.1602	507.5	636.0	172000	252.56482	252.56444	6.550908	6.5166144	-253.5959	1530.798	2287.4259555339813
2448.5955	632.9808	3201.6072	1652.8915	3179.413	30.1557	3224.6511	3135.741	743.6667	1000.0	174000	253.28485	253.2851	6.7817388	6.6666007	-254.31775	1139.2882	2319.513538122177
1731.2922	928.656	3337.6584	1135.2473	1566.3596	632.2956	3219.7183	1138.2466	513.75	467.5	176000	254.36171	254.36198	6.8837514	6.705119	-255.38046	1129.1089	2345.356876373291
1557.1063	928.0327	2468.9465	283.70374	1995.3375	1466.4167	3206.163	195.09552	476.0	637.5	178000	255.01198	255.01189	6.940948	6.380756	-255.98607	1370.062	2372.2523715496063
2708.4094	464.06784	3226.0396	2100.191	500.604	543.09375	1621.885	221.96817	793.3333	176.6	180000	255.26485	255.26506	6.7315392	6.378749	-256.23444	1343.5049	2394.4291105270386
1853.5686	399.0813	2288.643	1220.591	3247.5881	18.245924	3277.31	3216.484	548.0	1000.0	182000	255.42049	255.42093	7.046385	6.6779814	-256.3896	1506.6715	2429.2953684329987
1801.171	1095.7389	3350.329	994.2279	1075.2361	112.20856	1359.7811	963.05835	548.3333	314.0	184000	255.85754	255.85779	7.0397873	6.6920357	-256.83383	1374.686	2451.781487941742
2441.9216	304.9102	2829.3457	2084.2515	1242.1871	786.66046	3249.2344	626.61194	741.6667	374.2	186000	256.41977	256.42023	7.0137963	6.785373	-257.38773	1515.6188	2475.956722974777
1191.994	303.3871	1820.4766	897.2722	489.12924	30.034239	561.7944	453.98434	349.5	164.0	188000	256.74628	256.7463	7.0729914	6.648519	-257.71765	1007.7774	2499.4456236362457
658.7715	292.25696	1234.7491	381.9074	1747.085	1157.4307	3168.2021	635.22015	207.33333	543.9	190000	256.601	256.6011	7.513013	6.98771	-257.55008	1057.0679	2525.0773408412933
1362.4059	1275.3232	3161.6257	354.2609	2472.649	1154.0275	3233.9294	395.1938	438.33334	767.6	192000	256.67728	256.67722	6.7358565	6.5852137	-257.57474	940.37463	2555.32261800766
2088.724	1085.3466	3214.7847	841.16754	3035.4895	574.1781	3241.9944	1313.2942	649.5	939.3	194000	256.7186	256.71854	6.6848145	6.450709	-257.54144	1431.94	2585.898038625717
3183.044	33.020874	3216.065	3150.0232	2891.9805	693.1406	3239.9675	1148.2979	1000.0	891.6	196000	256.75513	256.7552	6.563308	6.275733	-257.58127	898.5395	2616.08269238472
2280.8418	331.01	2611.8518	1949.8318	3111.8306	268.73468	3230.0325	2306.6309	677.0	970.1	198000	256.85947	256.85974	6.440963	6.3274183	-257.68607	1272.7822	2647.911055326462
2413.799	767.4051	3221.9504	1382.4003	3239.5269	4.7471657	3249.1177	3233.233	720.0	1000.0	200000	257.20508	257.20526	6.2409825	5.904926	-258.03336	1550.5586	2681.5766654014587
2579.7183	908.8223	3242.3555	1294.659	2254.5942	890.7324	3190.661	1277.326	797.3333	698.9	202000	258.0154	258.01685	6.4378986	6.2526054	-258.8908	1315.8433	2711.6199333667755
3206.8477	16.534546	3223.3823	3190.3132	2003.8441	1234.8055	3233.9333	337.35504	1000.0	627.8	204000	258.42566	258.42532	6.3212667	6.0565567	-259.28024	1411.368	2739.7481949329376
2059.11	1258.9589	3209.7073	307.13806	3190.6343	9.938916	3198.9958	3171.1106	644.0	1000.0	206000	259.134	259.1346	5.7990794	5.658167	-259.983	1108.896	2770.8210322856903
3229.8364	4.1029053	3233.9392	3225.7334	1715.6273	1374.3563	3097.6953	335.59372	1000.0	575.5	208000	259.75122	259.7515	6.0131035	5.71781	-260.56107	1475.94	2798.507839679718
3234.566	41.005493	3275.5715	3193.5605	2869.072	844.70496	3173.6318	335.34326	1000.0	915.1	210000	260.33505	260.3345	6.0452538	5.983122	-261.1321	1388.987	2828.8581445217133
3245.7148	7.3758545	3253.0906	3238.3389	3200.608	13.366751	3220.8618	3181.4653	1000.0	1000.0	212000	261.01486	261.01614	6.1371574	5.8989434	-261.82153	1607.1198	2860.3056416511536
3275.0862	12.174072	3287.2603	3262.912	3276.1768	5.1412807	3287.695	3266.7056	1000.0	1000.0	214000	261.81522	261.81497	6.2039604	6.0421987	-262.60306	927.1102	2892.619297027588
3269.6895	3.151123	3272.8406	3266.5383	2381.593	826.2782	3224.0579	1354.2806	1000.0	720.2	216000	262.42722	262.42752	5.6668487	5.7333117	-263.2042	1420.072	2920.9457778930664
2558.0076	944.7822	3234.8914	1221.9226	3286.7312	14.523424	3325.0166	3271.0073	786.0	1000.0	218000	262.92725	262.9273	5.631854	5.5392184	-263.69305	1284.489	2951.561928987503
3277.5193	0.8195801	3278.3389	3276.6997	3196.4854	4.6831284	3202.5742	3184.9297	1000.0	1000.0	220000	263.4539	263.45343	5.624622	5.3487473	-264.2578	1287.2788	2984.2768635749817
3262.1323	1.4912109	3263.6235	3260.641	3053.683	504.8504	3318.2632	2018.5933	1000.0	917.9	222000	264.49103	264.4912	5.491742	5.5465727	-265.29114	1448.025	3014.665915966034
3278.6665	12.25647	3290.9229	3266.41	3282.6829	7.078877	3293.6135	3272.9375	1000.0	1000.0	224000	265.4107	265.41125	5.656003	5.4578233	-266.19235	1481.8956	3046.0598464012146
2944.2388	268.03943	3212.278	2676.1992	1945.9436	208.56004	2383.1287	1699.09	886.5	549.9	226000	266.3701	266.3704	5.4479923	5.2643576	-267.14462	1305.5199	3071.462556362152
2140.0535	401.40298	2697.6292	1768.9702	3278.1895	22.167831	3304.6033	3240.5015	612.0	1000.0	228000	266.82965	266.82965	5.148376	5.271199	-267.61716	1261.235	3102.581307411194
2856.3428	258.79065	3115.1333	2597.552	1351.5271	46.53003	1421.0918	1256.779	839.0	385.3	230000	267.62988	267.63028	5.3268604	5.4051538	-268.4372	1144.8704	3127.7451164722443
3332.5356	8.321167	3340.8567	3324.2144	3287.539	3.2634473	3291.0312	3280.259	979.0	1000.0	232000	268.4279	268.42834	5.5323596	5.3157372	-269.18936	1491.0629	3160.287525653839
3260.543	0.50439453	3261.0474	3260.0386	3254.8694	49.039566	3282.9749	3109.8242	1000.0	991.4	234000	268.93884	268.93924	5.117248	5.068992	-269.6667	1134.4547	3190.7813754081726
3259.6787	25.468872	3285.1477	3234.21	3262.7522	6.021601	3270.1428	3245.9067	1000.0	1000.0	236000	269.58276	269.5833	5.3957877	5.1983557	-270.3285	1695.9768	3222.8510785102844
3335.9805	75.97717	3411.9578	3260.0034	1824.1218	560.02545	3438.8123	1387.6434	1000.0	518.6	238000	270.3079	270.30725	5.292571	5.2872806	-271.09393	1365.557	3246.770435810089
3179.073	241.2751	3425.1653	2851.3333	3277.7876	7.6714983	3285.9766	3256.1746	946.0	1000.0	240000	271.2432	271.24332	5.0789337	4.7964754	-272.01907	1335.8615	3276.5521767139435
3279.438	8.733032	3288.171	3270.7048	2186.4355	694.39465	3302.294	1299.5568	1000.0	632.2	242000	271.73755	271.7382	5.125491	5.2090464	-272.46112	1239.986	3304.1521801948547
3259.0176	16.933716	3275.9512	3242.0837	3279.552	62.27949	3307.7654	3094.4492	977.0	988.9	244000	272.09903	272.09885	5.3503466	5.2480125	-272.8282	1096.0752	3339.0524892807007
2275.8718	801.5585	3258.0188	1294.6102	1438.588	263.5576	2197.4915	1273.638	689.0	428.3	246000	272.4654	272.46582	5.125755	4.9335184	-273.17282	1037.2445	3363.0114138126373
1498.7198	1325.4152	3231.0222	12.540793	2413.3325	908.577	3310.0117	1010.9056	461.33334	719.3	248000	273.1688	273.16873	5.1989784	5.2551093	-273.887	1426.4882	3391.746872663498
2040.2317	1238.6758	3281.8687	58.60041	1339.0638	657.09924	3306.7344	1046.681	602.75	382.6	250000	273.61194	273.6119	5.1417346	4.977361	-274.33438	957.33624	3416.6962876319885
1488.6816	531.6342	2249.8203	974.28656	3278.4492	4.8828874	3290.262	3272.6895	431.5	1000.0	252000	273.97064	273.97113	5.257078	5.2149854	-274.67963	1295.247	3449.0622403621674
3284.003	18.930908	3302.9338	3265.072	3319.334	12.158611	3345.5195	3302.361	1000.0	1000.0	254000	274.62766	274.62708	5.1291428	5.1927977	-275.3334	1393.2035	3480.4909031391144
2694.5151	540.04517	3234.5603	2154.47	3267.7932	12.763438	3286.9285	3245.3076	826.5	1000.0	256000	275.0401	275.0411	5.1355743	5.2625184	-275.71432	959.66064	3512.8203048706055
3305.6184	41.62256	3347.241	3263.9958	3286.6372	5.901669	3296.1707	3277.715	1000.0	1000.0	258000	275.34555	275.3452	5.069042	4.8785143	-276.0134	1560.8654	3545.7990233898163
3281.8936	5.408325	3287.3018	3276.485	1918.5691	939.345	3310.7383	1118.3643	1000.0	595.9	260000	275.6567	275.65665	5.190575	5.0874667	-276.3326	1139.7611	3573.6698298454285
3253.2847	13.592529	3266.8772	3239.6921	3205.2593	3.2310748	3211.0747	3201.1538	1000.0	1000.0	262000	276.30432	276.30487	4.984581	5.032044	-276.97836	1075.8848	3603.977095603943
2725.6135	764.2836	3277.49	1644.8348	3085.1204	431.07336	3310.0251	2184.1646	838.6667	934.2	264000	276.7427	276.74255	5.1209507	5.0366845	-277.40674	1475.7703	3634.0762391090393
2662.488	378.65894	3041.147	2283.829	3307.8718	7.9670806	3324.1006	3295.8596	791.0	1000.0	266000	277.17285	277.17215	4.790427	4.9062443	-277.84592	1138.9673	3663.867444038391
3211.6067	72.501465	3284.1082	3139.1052	3294.2004	5.294758	3302.245	3282.8557	979.5	1000.0	268000	277.71918	277.71945	5.024575	4.9843397	-278.41943	1288.575	3694.5828199386597
3281.8926	36.503296	3318.396	3245.3894	3278.6987	2.6789193	3283.4353	3275.1658	965.0	1000.0	270000	278.49454	278.49466	5.38549	5.548807	-279.13852	1461.299	3724.7606744766235
3294.8179	9.427368	3304.245	3285.3904	3265.727	5.544237	3275.9058	3257.2893	1000.0	1000.0	272000	278.9491	278.94897	5.2230105	5.0167356	-279.59174	1123.9237	3756.2775666713715
2695.1257	819.4982	3301.5881	1536.606	3262.5737	4.0115414	3269.7224	3256.1003	820.0	1000.0	274000	279.24878	279.24857	4.9653153	4.9160447	-279.91058	893.15356	3788.3429188728333
3210.3486	55.22522	3265.5737	3155.1233	1500.2983	377.7378	2486.1807	1198.5587	960.5	435.5	276000	279.56955	279.56927	5.5957694	5.440395	-280.21588	1609.0393	3812.839251279831
3283.817	1.7122803	3285.5293	3282.1047	3256.525	10.565576	3273.8604	3240.7722	1000.0	1000.0	278000	280.2321	280.23206	4.950767	5.0088835	-280.8618	1262.6776	3842.825935125351
2327.533	684.8789	3291.1472	1761.0233	3272.855	11.582065	3286.236	3244.9287	708.0	1000.0	280000	280.40994	280.41013	5.169747	5.322151	-281.0505	1477.0758	3874.2859196662903
3356.9749	45.2312	3402.206	3311.7437	3291.429	16.073215	3310.7285	3253.0806	994.0	1000.0	282000	280.97388	280.97366	5.3021555	5.5010242	-281.61453	1398.0836	3906.4238834381104
3295.6284	6.3375244	3301.966	3289.291	3307.53	6.333327	3318.1565	3298.0898	1000.0	1000.0	284000	281.43875	281.43893	4.861702	4.7855377	-282.0732	1562.2163	3938.5682668685913
3308.2605	5.402832	3313.6633	3302.8577	2729.8062	687.11774	3374.9106	1644.1819	1000.0	802.2	286000	281.93875	281.93848	4.527833	4.619421	-282.55582	1429.0677	3967.7261180877686
3171.66	116.6228	3288.2827	3055.037	3263.8218	7.6318984	3279.5498	3253.566	939.5	1000.0	288000	282.3722	282.37228	5.540984	5.581029	-283.01004	958.52386	3998.75932765007
3280.5864	1.5258789	3282.1123	3279.0605	3253.7947	5.7499175	3260.1997	3242.4646	1000.0	1000.0	290000	282.57077	282.5708	4.8525233	4.8762083	-283.19238	1236.2985	4031.648514986038
3317.117	24.150146	3341.267	3292.9668	3316.1074	6.9700994	3327.0442	3308.192	985.0	1000.0	292000	283.25198	283.25183	4.8445354	4.6984076	-283.89536	1016.22076	4063.175069093704
3301.698	8.654297	3310.3523	3293.0437	3309.4565	15.966778	3334.3354	3287.899	1000.0	1000.0	294000	283.8778	283.8779	4.8769746	4.6755	-284.48584	1317.097	4094.4689331054688
3270.6377	3.4904785	3274.1282	3267.1472	3169.6655	238.37993	3270.7153	2455.77	974.0	974.5	296000	284.26358	284.26413	4.980572	4.952811	-284.85614	1025.4915	4128.02011847496
3274.6562	30.208252	3304.8645	3244.448	3274.0847	67.17743	3472.2034	3227.368	1000.0	999.8	298000	284.116	284.1158	4.669186	4.580765	-284.71295	1082.5134	4160.380797624588
3269.9692	33.778687	3303.7478	3236.1904	3309.2957	9.255893	3326.0789	3293.4385	1000.0	1000.0	300000	284.50525	284.50534	4.65026	4.601368	-285.08212	1143.995	4192.501619100571
2894.128	383.40198	3277.53	2510.726	3013.3123	402.59402	3287.2751	2182.7368	875.5	934.1	302000	285.16336	285.16367	4.7497487	4.5204864	-285.76044	1059.395	4225.446566104889
3304.6772	35.06555	3339.743	3269.6118	3289.019	6.5107555	3298.5063	3275.9558	978.0	1000.0	304000	285.44617	285.44565	4.658422	4.6956143	-286.06326	1418.7195	4258.824218988419
2904.6077	508.4346	3283.6648	2185.933	3215.8667	11.24506	3236.0234	3202.724	885.3333	1000.0	306000	285.87125	285.87177	4.345268	4.389058	-286.42563	1461.273	4290.36482167244
3268.0305	20.047852	3288.0784	3247.9827	3053.395	350.75388	3185.1245	2001.7782	1000.0	960.9	308000	286.00128	286.00113	4.947685	4.761975	-286.57074	859.29767	4321.541700363159
2657.204	587.02295	3244.227	2070.1812	3163.3757	375.90668	3299.3684	2035.975	788.5	956.3	310000	286.0921	286.0923	4.790879	4.748395	-286.63516	1013.96094	4353.621091365814
3303.5327	17.11206	3320.6448	3286.4207	3254.998	116.62213	3341.7227	2910.8066	1000.0	982.2	312000	286.4131	286.41382	5.009999	4.937384	-286.9938	1310.757	4386.821798801422
2820.6367	670.247	3318.1177	1873.1608	3285.31	14.050869	3326.2876	3276.3442	854.6667	1000.0	314000	286.5725	286.57236	5.0133643	5.0261297	-287.13605	1445.7672	4422.268680334091
2955.4805	348.61267	3304.093	2606.8677	2232.9294	1179.9807	3377.4634	832.79425	891.0	677.2	316000	286.65945	286.65903	4.2455726	4.2663145	-287.1855	1508.1581	4451.880085229874
3293.1548	62.143433	3355.2983	3231.0115	3037.0273	391.67123	3210.0996	1865.4197	1000.0	957.6	318000	286.93634	286.9367	5.368973	5.3562374	-287.50488	1344.864	4483.443617105484
3235.563	48.2677	3283.8306	3187.2952	3306.275	7.834711	3316.959	3289.6365	1000.0	1000.0	320000	287.24036	287.24002	4.290343	4.381638	-287.77576	1239.012	4515.852662086487
2085.5254	865.6853	3303.4326	1368.6697	2743.3442	661.3462	3476.8362	1754.5325	618.0	802.9	322000	287.5847	287.5841	4.1256876	4.2474804	-288.11853	935.0233	4546.604913711548
3251.4287	4.231201	3255.66	3247.1975	3245.5657	29.538208	3275.893	3173.1682	1000.0	1000.0	324000	287.48068	287.48123	4.9914207	4.787666	-287.9689	797.6805	4579.473556518555
3254.9204	29.472534	3284.3928	3225.4478	3296.2837	9.125915	3306.9167	3276.2686	1000.0	1000.0	326000	287.71558	287.71606	4.5834885	4.4501433	-288.23706	911.3848	4609.5912890434265
3290.9438	3.59729	3294.541	3287.3464	1885.9235	330.95102	2511.532	1427.5609	1000.0	538.0	328000	287.98453	287.9846	4.47235	4.3792386	-288.49777	1517.3163	4634.269783496857
3295.486	1.3671875	3296.8533	3294.119	1749.2357	256.13474	2255.434	1469.6493	1000.0	498.9	330000	288.29092	288.29117	4.5575747	4.6150217	-288.78464	1105.3798	4657.665253400803
2266.2966	295.34177	2594.8745	1878.6971	3294.0378	31.40065	3384.0713	3268.1829	641.6667	999.1	332000	288.3256	288.32556	4.2248716	4.251571	-288.80487	1159.5153	4689.117232322693
3030.2402	252.23767	3282.4778	2778.0024	1515.8975	248.87526	1953.9348	1129.699	907.5	432.6	334000	288.47775	288.47766	4.411667	4.3131895	-288.98233	1194.644	4713.4265832901
2983.004	367.59335	3350.7144	2480.9048	3330.5554	6.486988	3342.9602	3317.3662	859.3333	1000.0	336000	288.62415	288.62418	4.554236	4.3561974	-289.10406	1468.9095	4744.317936182022
1316.018	775.31903	2009.2443	39.349712	3358.7227	8.835906	3371.2017	3338.848	377.0	1000.0	338000	288.80475	288.80515	4.273561	4.1270347	-289.29166	1506.4172	4773.739738941193
3101.8237	254.04272	3355.8665	2847.781	2739.9507	821.69073	3517.2588	1487.3835	912.5	800.1	340000	288.8292	288.829	4.4203515	4.5660996	-289.31488	1409.414	4802.336546897888
3074.7397	255.23523	3329.9749	2819.5044	3284.0708	9.467386	3296.7124	3267.042	903.5	1000.0	342000	288.9278	288.92786	3.9690259	3.7557318	-289.40848	1473.411	4834.372257232666
3345.1948	9.60376	3354.7986	3335.591	3254.3198	94.68419	3302.636	2971.549	1000.0	988.9	344000	289.06516	289.06497	4.6159754	5.008214	-289.5164	1406.7133	4865.244749069214
2748.7058	882.81537	3416.3025	1501.2441	3299.8	8.148723	3319.546	3289.0303	807.0	1000.0	346000	289.44092	289.441	4.7968254	4.3933253	-289.90488	1637.5518	4894.634709358215
2128.8992	792.23944	3096.6426	1151.6221	1453.0591	631.19666	3327.9524	1079.0304	621.75	414.0	348000	289.6202	289.61996	4.3047233	4.4436235	-290.11243	1477.4137	4917.24804019928
2790.7134	481.17456	3271.888	2309.5388	2340.233	772.6339	3299.63	1309.4335	830.0	698.3	350000	289.77982	289.77985	3.8966439	3.894463	-290.25012	925.4616	4942.984526157379
3282.1875	9.631592	3291.819	3272.556	1158.7926	98.036095	1320.8943	985.95874	1000.0	323.3	352000	289.8845	289.8845	4.9913836	5.1308928	-290.32858	997.5248	4966.96217751503
2354.2632	973.7738	3328.037	1380.4895	3291.773	31.151161	3312.7627	3201.1904	703.5	991.4	354000	289.86975	289.8697	4.113338	4.203192	-290.33093	1524.2185	5001.063217163086
3316.5867	24.051025	3340.6377	3292.5356	3303.3782	4.102646	3309.614	3296.5579	1000.0	1000.0	356000	290.08856	290.08817	4.250403	4.0912743	-290.5486	1355.0575	5036.071505784988
3283.9722	13.327393	3297.2996	3270.6448	3278.955	4.3058624	3285.6353	3271.583	1000.0	1000.0	358000	290.7874	290.78784	4.560084	4.575675	-291.26282	1123.0635	5067.665760755539
2898.1921	610.65295	3335.1501	2034.6189	3294.5293	6.329628	3304.675	3283.9143	861.3333	1000.0	360000	290.91513	290.91473	3.9595463	4.004598	-291.3754	1507.937	5097.85151553154
3298.1724	0.7672119	3298.9397	3297.4053	3300.7573	9.756017	3316.26	3289.7498	1000.0	1000.0	362000	291.0907	291.09103	3.888129	3.9026759	-291.5415	1182.1271	5127.616199016571
3253.4507	150.61194	3404.0627	3102.8389	3087.2285	624.00867	3302.5789	1215.2449	958.5	935.1	364000	291.50186	291.50208	4.3786697	4.492935	-291.96506	910.24176	5157.229315519333
3314.565	12.525757	3327.0908	3302.0393	2607.9941	1151.9132	3366.2825	846.8598	1000.0	783.6	366000	291.80728	291.80722	4.126481	4.054488	-292.2831	1505.9672	5188.7404088974
3340.6094	1.9466553	3342.5562	3338.6628	3355.259	12.809416	3371.261	3330.77	1000.0	1000.0	368000	292.14352	292.14417	4.169736	4.0196805	-292.57828	1192.3561	5221.975234508514
3344.7666	5.860718	3350.6272	3338.9058	2420.379	781.2879	3315.0896	1543.3584	1000.0	723.4	370000	292.51965	292.5201	4.5830836	4.531589	-292.95242	1539.7875	5249.479019880295
3328.4229	22.390259	3350.8132	3306.0327	3341.3809	3.659298	3346.9426	3335.1516	1000.0	1000.0	372000	292.8452	292.84488	3.9341602	4.131691	-293.303	1009.2223	5280.505075216293
3049.4548	318.78418	3368.239	2730.6707	3337.3523	8.952338	3345.8594	3316.9878	916.5	1000.0	374000	293.1945	293.1942	4.080976	3.9715052	-293.62732	1319.3143	5313.302418231964
3294.749	4.439453	3299.1885	3290.3096	3353.2473	23.8922	3409.8462	3330.099	1000.0	1000.0	376000	293.49448	293.49442	4.0354257	3.9103482	-293.93695	1400.8824	5343.341922044754
2862.7102	430.86505	3396.0393	2340.826	2812.6628	714.1959	3383.9377	1089.473	830.0	830.7	378000	293.6464	293.64618	4.2962327	4.1822705	-294.0832	1444.845	5371.260228395462
2498.4233	818.0236	3316.447	1680.3998	3361.4707	10.4049	3374.5974	3347.1702	734.5	1000.0	380000	294.0305	294.0316	4.9641476	4.954178	-294.47595	1260.0245	5402.708492279053
2036.6832	1399.3044	3352.8513	98.81178	3335.588	7.9106836	3347.5178	3323.306	602.3333	1000.0	382000	294.39594	294.3951	3.8435419	3.729396	-294.8621	1261.1151	5436.947043657303
3367.4468	1.5184326	3368.9653	3365.9285	3275.9182	13.709369	3298.0195	3253.6821	1000.0	1000.0	384000	294.5017	294.50208	4.5272136	4.492674	-294.90253	1047.253	5469.617183923721
2640.6672	1087.9738	3447.1653	1102.649	2459.8132	482.87457	3341.5303	1855.8267	770.0	713.1	386000	294.75067	294.75095	4.0439262	4.0000715	-295.18277	1420.969	5495.24036192894
2787.2117	406.25986	3326.1748	2345.3652	3132.4731	542.6629	3339.3345	1504.8025	812.0	942.4	388000	295.08444	295.08456	4.9853525	4.9487324	-295.486	1496.2471	5527.311128616333
2432.168	894.41125	3326.579	1537.7566	2086.2368	967.92175	3289.3345	1210.1224	729.0	627.8	390000	294.98285	294.98267	4.6550946	4.550174	-295.40524	1707.3069	5554.019511461258
2799.385	710.70685	3326.8257	1794.7118	2735.293	897.64264	3348.8584	1244.1403	842.0	819.0	392000	295.4883	295.48865	3.938658	3.7983248	-295.9193	1165.4358	5581.648623466492
2297.28	308.8246	2732.497	2048.0725	2669.2842	907.3219	3439.143	1258.7595	666.0	787.6	394000	295.66553	295.6655	4.728181	4.7156844	-296.07797	1630.282	5609.219724655151
1830.1188	510.2926	2426.8716	1168.4473	3196.402	414.37863	3532.967	2119.5044	527.5	935.4	396000	295.90567	295.90573	4.842285	4.6346016	-296.3261	991.38574	5640.8160927295685
2734.172	578.06836	3312.2405	2156.1038	2730.1226	856.5538	3322.907	1301.2119	816.5	822.2	398000	296.24072	296.24084	3.788611	3.8553321	-296.66345	1056.117	5670.891172885895
1838.408	898.80347	3367.7651	1093.6853	3338.1958	18.232412	3372.3909	3304.2202	531.75	1000.0	400000	296.32568	296.32587	4.3174806	4.004912	-296.74756	1552.4897	5701.570719957352
3093.877	210.87549	3304.7524	2883.0015	3246.2036	274.86356	3526.225	2584.3123	920.0	954.9	402000	296.59155	296.59073	4.45374	4.551101	-296.98544	996.281	5735.800544500351
3147.5737	296.74658	3444.3203	2850.8271	3175.984	596.00214	3444.763	1391.1841	908.0	937.6	404000	296.89386	296.8947	4.6489086	4.383298	-297.3211	1193.1007	5767.457629919052
2836.0117	750.97784	3383.1545	1774.1334	3345.8906	8.66145	3361.3044	3327.5935	832.3333	1000.0	406000	297.18665	297.18637	4.0489354	4.1039844	-297.5922	1078.086	5797.834706783295
2202.2288	948.1442	3352.5461	1030.3762	1148.7748	34.237972	1204.2391	1095.653	631.6667	308.7	408000	297.36337	297.36386	4.504174	4.383498	-297.78647	1543.6997	5819.971382856369
3359.4663	32.549316	3392.0156	3326.917	3338.5703	37.226635	3405.3035	3292.5623	1000.0	1000.0	410000	297.3316	297.33136	4.1440597	4.0309777	-297.71094	1219.5892	5852.466460466385
2836.2227	478.0631	3314.2856	2358.1594	3159.0952	356.59875	3460.473	2394.658	834.5	921.2	412000	297.62088	297.62057	4.4130363	4.247051	-298.01315	1466.2008	5882.310617446899
2694.3264	1071.1265	3523.0664	1181.8398	3313.151	30.633396	3370.3376	3274.8206	768.3333	1000.0	414000	297.71628	297.71625	4.438024	4.6180105	-298.11658	1112.5763	5914.187815189362
3381.9978	3.710205	3385.708	3378.2876	3329.6465	28.537437	3404.5105	3293.1335	1000.0	1000.0	416000	298.1655	298.1655	4.5742254	4.517232	-298.58517	1586.9545	5944.754218816757
3330.5015	3.756958	3334.2583	3326.7444	2811.7905	538.5708	3358.7131	1998.4907	1000.0	835.6	418000	298.47885	298.47928	3.8745182	3.967393	-298.87842	1366.7087	5973.65606212616
2295.044	1005.8293	3300.8733	1289.2147	3293.6965	14.930183	3317.8745	3271.1638	688.5	1000.0	420000	298.78268	298.78253	4.2396517	4.2568455	-299.21487	1575.8185	6002.916876792908
3337.309	35.298096	3372.6072	3302.011	3295.1782	9.371486	3309.5278	3276.3875	1000.0	1000.0	422000	299.0435	299.04315	3.8599026	3.5883417	-299.43616	1403.5062	6033.659932374954
3391.9536	20.317139	3412.2708	3371.6365	3245.2017	357.27042	3437.5557	2336.2466	1000.0	939.8	424000	299.52197	299.5215	4.082768	4.001282	-299.91318	1017.4882	6065.845462560654
3294.6086	142.75706	3445.504	3103.0046	3376.8313	22.539597	3400.5615	3326.3477	958.0	1000.0	426000	299.55884	299.55884	3.9712124	3.9396377	-299.9077	1106.7013	6103.28018283844
3366.3086	69.89526	3436.2039	3296.4133	3363.3777	2.9711287	3367.768	3359.657	1000.0	1000.0	428000	299.57178	299.57153	4.326566	4.389321	-299.9638	1073.7748	6139.634371995926
3364.5068	22.310913	3386.8179	3342.196	3183.8042	488.50623	3479.5825	2024.6648	962.0	925.0	430000	299.96167	299.9621	4.339716	4.424299	-300.3765	1493.925	6173.197549104691
2453.4863	115.297	2568.7832	2338.1892	3354.5378	29.900524	3385.0344	3280.5664	702.0	1000.0	432000	300.3361	300.33594	3.926926	3.8889055	-300.73676	1346.257	6204.640362024307
2292.4973	758.2794	3356.0908	1642.1334	2693.5251	907.35547	3477.19	1162.1504	672.6667	781.8	434000	300.8006	300.80054	4.135257	3.9838312	-301.20856	1524.899	6231.00350689888
2060.285	1005.7768	3456.0046	1125.0326	3374.6401	29.296202	3445.26	3345.93	598.3333	1000.0	436000	300.88776	300.8881	4.1884336	4.2628975	-301.28354	1512.6193	6260.735230207443
1787.5494	1155.0897	3270.24	103.26658	2770.3318	868.7334	3586.3872	1212.4663	503.4	796.9	438000	301.06744	301.0671	4.11845	3.9548273	-301.4262	1297.1	6288.6408858299255
1729.0732	427.66043	2169.269	1149.7944	3380.1802	12.623037	3393.9321	3346.1895	477.0	1000.0	440000	301.07394	301.07422	4.482127	4.2657595	-301.45074	1290.8762	6321.077058792114
3062.3499	363.89896	3348.751	2548.8596	1122.5007	104.81776	1263.6514	928.0525	910.6667	302.4	442000	300.88223	300.88214	4.5767727	4.596908	-301.24326	1461.5369	6342.426793813705
2018.417	960.0177	3375.3826	1302.0627	2940.8335	882.55475	3451.4473	1167.1663	577.0	864.5	444000	300.87372	300.87363	3.6332262	3.7014072	-301.25876	863.0049	6371.230043172836
2627.346	1000.69104	3336.416	1212.1561	3354.5435	45.08586	3444.192	3297.0317	777.6667	1000.0	446000	300.96368	300.96323	3.522392	3.4669254	-301.3369	1466.854	6401.90491771698
2231.1436	915.14197	3404.6375	1171.7325	3316.4739	11.757257	3337.502	3303.3445	649.0	1000.0	448000	301.19208	301.19153	4.34726	4.39984	-301.5626	1028.5062	6435.576160907745
3117.6245	199.26099	3316.8855	2918.3635	2064.9097	913.71747	3380.4587	1188.3005	926.0	595.5	450000	301.23257	301.23337	4.762499	4.764958	-301.5891	1076.3025	6464.66695022583
3374.335	2.5080566	3376.843	3371.827	1334.6785	736.2295	3514.678	972.4322	1000.0	376.8	452000	301.44632	301.44687	4.1686597	4.2029696	-301.82837	1146.0006	6492.271265506744
2288.5422	1097.9132	3386.4556	1190.629	1247.2838	704.8211	3355.9817	960.78784	663.5	358.7	454000	301.9267	301.92682	4.316834	3.9806826	-302.29324	922.096	6518.962383270264
2673.0579	992.28534	3383.8787	1269.7947	3269.4941	2.4584854	3273.664	3266.3813	784.0	1000.0	456000	301.98593	301.9857	4.105007	4.0814996	-302.37213	1066.69	6551.976071357727
2351.101	756.9213	3341.5896	1504.2971	3336.7124	96.00994	3418.4316	3057.7993	678.6667	987.6	458000	302.13397	302.13422	4.4841375	4.27836	-302.4857	1062.0183	6587.004237413406
3329.1821	27.670532	3356.8525	3301.5115	3118.8406	631.01807	3374.6724	1226.708	1000.0	933.7	460000	302.3215	302.32178	4.969333	4.9081154	-302.69278	1239.7087	6622.205714464188
3493.0325	25.822754	3518.8552	3467.2097	3305.306	410.41095	3494.0415	2076.762	1000.0	956.8	462000	302.62686	302.62668	4.2565007	4.2330675	-303.00278	1493.6248	6656.2112736701965
2764.7917	887.12317	3392.7488	1510.2102	2646.0342	760.2337	3486.3193	1735.2947	803.0	753.2	464000	302.72333	302.72318	3.9236186	3.9474082	-303.1027	1442.9524	6684.848623514175
2274.4517	794.7048	3391.473	1608.5582	2710.521	616.87885	3499.394	1965.0154	651.6667	784.4	466000	303.12314	303.123	4.3830194	4.1493025	-303.4641	1258.5377	6711.875748157501
2017.014	350.33487	2449.5781	1591.5239	2100.477	1008.39075	3497.4692	1041.7953	563.3333	592.0	468000	303.423	303.42355	4.309009	4.301335	-303.8252	1300.9292	6735.953407764435
3470.2454	7.909424	3478.1548	3462.336	1565.6705	139.09775	1683.6132	1300.0034	1000.0	425.8	470000	303.65085	303.65048	4.287588	4.2099667	-304.038	986.42944	6759.743548154831
3419.031	3.1193848	3422.1504	3415.9116	3398.8093	42.98376	3482.673	3348.3052	1000.0	1000.0	472000	303.9951	303.99512	4.087363	4.0405774	-304.35736	1065.2404	6791.364271640778
3343.464	30.488525	3373.9526	3312.9756	3342.1648	18.73974	3371.7874	3309.232	1000.0	1000.0	474000	304.4002	304.4009	4.152724	4.188592	-304.75266	1521.4806	6822.925091505051
3385.7837	15.552368	3401.3362	3370.2314	3395.2505	5.3345914	3402.5686	3384.1917	1000.0	1000.0	476000	304.70544	304.70486	3.5613003	3.413859	-305.06674	1143.2675	6854.03747177124
3486.4822	7.9155273	3494.3977	3478.5667	3334.4507	5.1746097	3342.7217	3324.6282	1000.0	1000.0	478000	304.7826	304.78278	4.1831584	4.223023	-305.108	1561.117	6886.411029577255
2744.672	991.339	3500.3323	1344.1677	3415.8113	26.600386	3467.0256	3379.7031	793.0	1000.0	480000	304.85553	304.85547	4.4204183	4.338365	-305.2299	1498.296	6915.778656005859
2289.5872	872.0453	3424.3616	1303.9777	3280.2212	8.300415	3293.809	3266.0898	644.3333	1000.0	482000	304.91168	304.91174	4.530001	4.396764	-305.23782	1180.4528	6946.377208948135
3455.6782	23.730713	3479.409	3431.9475	3146.7915	705.7929	3406.9963	1029.8221	1000.0	932.3	484000	304.83118	304.83118	4.236276	4.126718	-305.14377	1486.689	6978.0019607543945
3429.915	40.612305	3470.5273	3389.3027	3245.0583	461.31604	3606.629	1881.2964	1000.0	948.4	486000	304.99655	304.99643	4.294868	4.129467	-305.35233	1449.5193	7008.356127023697
2219.0667	1211.2222	3430.2888	1007.8444	3197.9768	188.78528	3273.7947	2632.4668	644.0	976.1	488000	305.17606	305.1759	3.7348168	3.6301131	-305.52728	1451.852	7041.809575080872
2950.0144	490.96786	3401.1716	2267.3613	3296.2864	463.21063	3621.046	2148.9866	839.0	918.5	490000	305.41202	305.41217	4.29718	4.1636376	-305.7367	1160.238	7072.038879394531
3522.9485	17.11621	3540.0647	3505.8323	3445.9868	4.4021945	3454.876	3438.803	1000.0	1000.0	492000	305.43878	305.43878	4.258597	3.9965024	-305.7815	1627.169	7104.259350061417
2830.5522	598.60547	3429.1577	2231.9468	3274.7488	11.374892	3290.1052	3251.0986	811.5	1000.0	494000	305.6855	305.68533	3.823522	3.7749405	-306.01505	1456.9847	7136.617717027664
3234.5977	133.26355	3367.8613	3101.3342	3386.1797	15.867646	3407.4446	3362.1128	923.5	1000.0	496000	305.65912	305.65918	3.9233375	4.0270743	-305.97162	1363.7996	7168.586611747742
3422.7854	10.660889	3433.4463	3412.1245	3439.5098	4.6036625	3444.8906	3428.664	1000.0	1000.0	498000	305.8222	305.82315	4.0149016	3.8203452	-306.16232	982.6046	7202.433408737183
3462.931	14.881592	3477.8125	3448.0493	2097.9197	1285.5862	3544.0461	235.30328	1000.0	609.1	500000	306.32605	306.32538	3.5936809	3.570634	-306.69043	1058.4014	7230.322993755341
3220.9844	258.32843	3425.8228	2856.5896	3382.9614	6.327336	3391.7588	3371.7463	945.6667	1000.0	502000	306.64157	306.64148	3.9913445	3.8492832	-306.994	860.9126	7261.048077821732
3369.821	28.888672	3398.7097	3340.9324	3389.558	22.059938	3425.521	3361.758	1000.0	1000.0	504000	307.0519	307.05176	3.9596512	4.009392	-307.39563	1315.591	7291.611106395721
3424.7188	56.859375	3481.5781	3367.8594	3411.1812	33.31249	3496.7656	3371.174	1000.0	996.7	506000	307.31622	307.3165	3.6989672	3.4921582	-307.6344	1456.677	7321.8615601062775
3482.8872	29.008423	3511.8955	3453.8787	2480.137	656.50854	3567.846	1631.4484	1000.0	694.3	508000	307.5324	307.5323	3.7420518	3.762413	-307.865	1440.8127	7348.540124177933
3445.7974	3.9282227	3449.7256	3441.8691	3430.539	11.640852	3452.7244	3415.6714	1000.0	1000.0	510000	307.7157	307.71613	4.312461	4.4604783	-308.06876	1257.0845	7381.988515138626
3455.4182	1.7011719	3457.1194	3453.717	3460.1277	13.7692795	3478.5164	3433.1772	1000.0	1000.0	512000	308.06387	308.06387	3.8836377	3.810288	-308.39032	818.8436	7418.978675365448
3514.8765	14.552612	3529.4292	3500.324	3538.1597	14.825935	3568.9238	3521.4338	1000.0	1000.0	514000	308.2992	308.29858	3.974788	3.9556012	-308.63757	1323.1842	7451.0363574028015
2963.9492	553.6891	3517.6384	2410.2603	3532.3054	21.393064	3556.0706	3495.3174	833.0	1000.0	516000	308.54767	308.54858	4.1985598	3.9518929	-308.88632	1459.6527	7482.244517564774
3490.1514	16.716309	3506.8677	3473.435	3504.1108	23.529991	3539.7993	3459.8994	1000.0	1000.0	518000	308.8422	308.84247	3.5466654	3.668646	-309.2	1481.1277	7514.24209189415
2687.591	1159.3024	3523.1614	1048.1924	2764.2068	1115.7983	3506.4006	1048.8943	765.0	800.3	520000	309.27722	309.2769	3.8043137	3.8230865	-309.63095	1567.9226	7542.599327802658
3517.5708	28.385376	3545.956	3489.1853	3528.3704	42.503643	3636.2852	3478.5527	1000.0	1000.0	522000	309.53552	309.5356	3.721145	3.52568	-309.89474	1193.7123	7572.226705312729
3483.8467	1.949585	3485.7964	3481.8972	3442.2593	8.7639675	3456.671	3427.7295	1000.0	1000.0	524000	309.58316	309.58298	4.38501	4.229773	-309.89716	1247.3411	7601.748537302017
3522.4587	41.938232	3564.397	3480.5205	3435.7356	35.70619	3510.6455	3393.6255	1000.0	1000.0	526000	309.7611	309.76132	3.5679731	3.6168544	-310.10825	926.487	7633.210148096085
3502.2144	20.078003	3522.2922	3482.1362	3419.1555	3.5709574	3425.9077	3411.871	1000.0	1000.0	528000	310.28073	310.28113	3.9464903	3.7599573	-310.6345	1049.8423	7667.408538341522
3509.6533	3.3435059	3512.9968	3506.3098	2903.7798	705.5331	3501.9116	1784.2605	1000.0	816.5	530000	310.53348	310.53357	3.3284643	3.2934327	-310.87286	1527.5186	7698.583979606628
3298.7554	185.78381	3484.5393	3112.9717	3510.2246	14.147176	3530.5244	3487.163	918.5	1000.0	532000	310.68683	310.687	4.144192	4.1583915	-310.9956	1004.7535	7730.876994609833
3564.395	5.772827	3570.168	3558.6223	3527.2996	3.1919298	3535.3435	3523.3303	1000.0	1000.0	534000	311.12152	311.12155	4.1756754	4.1098075	-311.47836	1545.5378	7765.651529312134
3471.9224	48.361694	3520.2842	3423.5608	3504.5508	7.3570023	3517.7131	3495.5085	1000.0	1000.0	536000	311.29	311.29004	3.9000566	3.6687999	-311.64395	1531.9196	7796.274944782257
3307.4082	203.04675	3510.4548	3104.3613	3534.116	5.8913345	3542.638	3523.8425	947.0	1000.0	538000	311.64868	311.64853	3.298483	3.1651692	-311.99405	1545.2758	7826.406208753586
3480.4414	7.758545	3488.2	3472.6829	3476.875	6.8296356	3487.3914	3464.7053	1000.0	1000.0	540000	311.95502	311.95602	4.059237	3.931269	-312.27853	1381.7585	7857.148193359375
3470.5835	27.192139	3497.7756	3443.3914	3170.9841	881.9986	3487.1074	525.472	1000.0	918.8	542000	312.2146	312.21405	3.9481146	3.8807817	-312.56027	1068.8971	7886.863206386566
2839.1653	613.0049	3584.79	2083.3447	3508.1523	2.6435158	3512.8838	3504.9233	780.6667	1000.0	544000	312.34042	312.34055	3.6941407	3.672856	-312.66687	1394.4392	7918.854429721832
2773.8516	767.20917	3541.0608	2006.6425	3501.1113	28.765896	3551.9924	3475.5095	781.5	1000.0	546000	312.44135	312.4414	4.4320955	4.0220366	-312.78854	1460.037	7948.334663629532
2516.9802	564.4644	3116.0112	1760.5166	3340.144	341.7964	3508.6162	2318.949	684.3333	956.9	548000	312.90915	312.9094	3.8680604	4.1254315	-313.2265	1366.0112	7979.686280250549
2770.957	479.09973	3250.057	2291.8574	3404.0938	2.493035	3409.5027	3401.1936	764.0	1000.0	550000	312.45465	312.4551	4.1420255	4.102387	-312.7766	1597.0665	8016.208408355713
3490.2622	22.343506	3512.6057	3467.9187	3521.1445	29.227959	3568.2756	3470.9885	1000.0	1000.0	552000	312.7217	312.72168	3.5899968	3.5577462	-313.04724	1109.3727	8050.0245134830475
3492.448	17.701172	3510.1492	3474.7468	3462.482	6.528636	3477.408	3454.9954	1000.0	1000.0	554000	312.70355	312.7036	3.6390262	3.6481073	-313.01755	1098.8716	8082.800628900528
3506.3975	34.266724	3540.664	3472.1306	3542.2	5.260755	3550.3086	3530.7942	1000.0	1000.0	556000	313.06104	313.0606	3.5869188	3.4198585	-313.39368	1666.6963	8113.138118505478
3482.6328	16.746704	3499.3796	3465.8862	3543.121	7.917115	3553.5554	3529.1362	1000.0	1000.0	558000	313.35867	313.35883	3.965518	3.801352	-313.69647	1489.2025	8142.982639789581
3546.6245	33.741943	3580.3665	3512.8826	3526.8164	2.940636	3532.1575	3521.505	1000.0	1000.0	560000	313.4382	313.4385	3.6261032	3.6467502	-313.74744	1025.1478	8173.613183498383
3490.696	7.82959	3498.5256	3482.8665	3463.8774	8.603492	3472.8394	3442.715	1000.0	1000.0	562000	313.73062	313.7303	3.3734906	3.3109136	-314.0616	1542.3682	8205.240417003632
3517.5708	22.196777	3539.7676	3495.374	3578.1785	6.065341	3588.8716	3569.8108	1000.0	1000.0	564000	314.2933	314.29364	3.7997515	3.996878	-314.64072	1611.1768	8234.654155731201
3525.402	11.403564	3536.8057	3513.9985	3498.4907	3.2379699	3503.9053	3493.153	1000.0	1000.0	566000	314.58942	314.5893	3.5509775	3.4833598	-314.90668	1606.1165	8267.887421369553
3551.567	15.976318	3567.5432	3535.5906	2915.5598	490.37613	3599.0513	2251.3389	1000.0	807.2	568000	314.7173	314.71704	3.9150069	3.681549	-315.05722	1463.6105	8300.379492759705
3210.2637	514.1348	3593.4573	2483.5278	3267.8208	682.89246	3577.0525	1314.9419	904.0	918.8	570000	315.1871	315.18732	3.412899	3.438187	-315.50894	1403.5205	8333.774714946747
1842.0409	740.6609	2836.3408	1059.5955	3238.3325	475.68356	3557.1519	2167.2322	518.0	910.0	572000	315.4807	315.4802	4.0867586	4.081851	-315.772	1266.275	8362.660478115082
3526.9087	52.507812	3579.4165	3474.401	3271.02	585.46576	3697.457	2119.6926	1000.0	892.8	574000	315.40747	315.40784	3.599473	3.4812539	-315.72208	1264.1932	8392.187282800674
2542.6318	872.8268	3586.604	1450.2673	3313.1223	415.5226	3469.3198	2067.3962	724.3333	955.4	576000	315.7989	315.79932	3.8797905	4.065774	-316.09525	1542.083	8424.574066400528
2835.1865	986.7379	3563.7073	1440.1881	1137.1833	60.561752	1266.7119	1064.0332	801.3333	313.4	578000	316.0467	316.04712	4.44151	4.3686137	-316.37375	1308.6965	8448.161447525024
3377.6519	193.41272	3571.0645	3184.239	3511.9927	4.9149084	3519.9565	3504.8135	916.5	1000.0	580000	316.0949	316.0947	4.5023866	4.145251	-316.41284	1225.9232	8478.66634273529
2580.0042	735.6786	3510.9487	1712.237	3441.6719	320.98026	3582.983	2480.0386	727.6667	967.9	582000	316.35	316.35037	4.4080257	4.474847	-316.66644	1532.003	8509.417368650436
3288.684	252.75635	3541.4404	3035.9277	3352.3188	458.10278	3720.781	2085.2227	919.5	930.6	584000	316.48074	316.48032	4.2254143	4.290631	-316.7902	1425.3595	8542.363673448563
3539.5308	1.2735596	3540.8044	3538.2573	2587.314	510.9192	3526.854	1810.258	1000.0	688.8	586000	316.6996	316.69983	3.7966332	3.70311	-317.0249	1020.02313	8570.461342096329
2856.7366	688.66406	3545.4006	2168.0725	3380.1863	506.51212	3622.9697	1863.0496	790.5	950.1	588000	316.97565	316.97534	4.0268636	3.7470083	-317.2765	792.6413	8602.203085422516
2421.4119	801.34973	3532.9038	1674.1422	3326.3132	419.731	3486.7495	2067.5872	672.3333	955.3	590000	317.0902	317.09033	4.531754	4.686131	-317.42618	952.70276	8634.767830371857
3512.833	22.664429	3535.4976	3490.1687	3185.977	733.12134	3627.686	1560.2052	980.0	881.5	592000	317.35452	317.3544	4.3635783	4.5715117	-317.66974	1302.8169	8667.179691076279
2648.8997	782.43	3549.1636	1641.5975	1793.1598	911.3552	3563.6846	1021.43427	733.0	497.0	594000	317.24454	317.24457	3.1176305	3.2749627	-317.55576	1665.2308	8690.490149259567
3334.0288	181.23083	3515.2595	3152.7979	2785.2407	845.49615	3616.9614	1242.4783	956.5	777.5	596000	317.4731	317.47357	3.7848012	3.8731542	-317.75476	1196.9648	8721.675332546234
3534.0894	33.67859	3567.7678	3500.4106	3439.1445	429.90283	3604.0945	2150.3037	1000.0	957.4	598000	317.53384	317.53357	3.4697616	3.3054605	-317.82816	838.2345	8753.276013851166
3298.9766	211.32727	3510.3037	3087.6492	2166.856	817.7667	3817.9062	1455.2395	921.5	574.2	600000	317.51578	317.5159	4.020968	4.0644355	-317.82416	1585.7672	8778.661085128784
3643.378	65.99768	3709.3755	3577.3801	3496.7075	4.888534	3503.158	3486.738	1000.0	1000.0	602000	317.78662	317.78687	3.3444624	3.407725	-318.09805	1030.6187	8813.107293128967
3479.2446	22.944946	3502.1897	3456.2998	3498.6367	14.809776	3522.775	3480.9412	1000.0	1000.0	604000	317.8605	317.86026	3.8961303	3.7517996	-318.15253	1261.4728	8845.334245681763
3502.6748	6.723999	3509.3987	3495.9507	3484.3086	6.110212	3495.0469	3472.9382	1000.0	1000.0	606000	318.00177	318.0023	3.9481928	4.2112274	-318.30408	1478.4711	8875.698257923126
3507.1655	7.810913	3514.9763	3499.3545	3476.1426	6.013624	3484.8586	3464.9563	1000.0	1000.0	608000	318.1917	318.1911	3.7323813	3.844453	-318.503	864.3235	8907.171201229095
3560.4216	47.628662	3608.0503	3512.793	2245.5405	891.86066	3590.4578	1330.3129	1000.0	609.6	610000	318.3288	318.32895	3.8547597	3.8349319	-318.63297	841.3736	8933.54511642456
2309.4407	526.8069	2994.847	1576.049	3316.2954	433.03302	3676.849	2364.3193	620.0	911.0	612000	318.58	318.57983	3.9557397	3.7872026	-318.87796	909.90576	8963.120176076889
3461.8416	44.82788	3506.6694	3417.0137	2201.4785	999.0597	3610.7395	1328.8723	939.5	602.4	614000	318.6586	318.65884	3.6529706	3.7398565	-318.9619	1543.654	8989.042862653732
2765.307	721.81323	3608.0015	1845.0398	3510.9543	3.2212546	3515.307	3505.3032	745.6667	1000.0	616000	318.6474	318.64664	3.761257	3.91046	-318.95145	1025.272	9020.34326505661
3604.504	17.298462	3621.8022	3587.2053	3550.5327	9.5913315	3566.2148	3538.1614	1000.0	1000.0	618000	318.5401	318.54077	4.2347417	4.372651	-318.8181	1510.2167	9052.812414884567
3516.7632	33.786987	3550.5503	3482.9763	3509.4175	3.7641568	3513.937	3502.9595	1000.0	1000.0	620000	318.7219	318.72137	3.8052704	3.606068	-319.01352	1263.3313	9087.495317697525
3547.776	11.070679	3558.8464	3536.705	3479.7266	5.208901	3488.28	3470.4692	1000.0	1000.0	622000	318.86945	318.86996	3.4736068	3.565029	-319.1711	1669.23	9119.466500282288
3548.4727	22.130005	3570.6025	3526.3425	3297.782	413.68365	3653.556	2541.003	1000.0	901.1	624000	319.1422	319.14212	3.6649573	3.8057382	-319.41837	1666.0923	9148.28005027771
2801.4697	816.45856	3617.9282	1985.0111	3496.5806	28.759443	3545.3115	3449.5293	768.5	1000.0	626000	319.37744	319.37738	3.608918	3.56334	-319.67322	1704.7188	9178.094722986221
3506.8237	14.854248	3521.678	3491.9695	3504.8977	41.019657	3584.415	3432.072	1000.0	992.5	628000	319.63947	319.63956	4.2253814	4.2260447	-319.94864	1314.6572	9207.015233516693
3557.6104	4.616577	3562.227	3552.994	3540.86	2.9471781	3545.5188	3535.735	1000.0	1000.0	630000	319.94733	319.9473	3.2608917	3.3931432	-320.2355	1328.5516	9236.897446155548
3532.8167	16.052246	3548.869	3516.7644	3540.189	3.436146	3546.7	3534.5173	1000.0	1000.0	632000	320.20682	320.2065	3.5798693	3.6240902	-320.49408	1365.9547	9267.539219141006
3563.981	39.17627	3603.1572	3524.8047	3570.5645	21.421524	3607.0264	3546.6409	1000.0	1000.0	634000	320.0404	320.04025	3.7892644	3.6197295	-320.3179	1429.7582	9298.21135520935
3547.674	14.679199	3562.3533	3532.9949	3558.6687	11.30747	3573.8645	3530.3323	1000.0	1000.0	636000	320.13937	320.13907	3.6832905	3.7749894	-320.4352	1491.401	9327.807949543
3558.2402	11.473511	3569.7136	3546.7666	3510.772	15.596422	3535.8796	3493.8098	1000.0	1000.0	638000	320.40396	320.40417	3.6399376	3.6594448	-320.67413	1270.1315	9358.203129768372
3573.7192	2.5235596	3576.2427	3571.1956	3491.0442	15.191776	3522.8225	3472.3438	1000.0	1000.0	640000	320.41837	320.41864	3.617124	3.5276139	-320.68668	1323.617	9387.245084762573
2931.8037	604.12195	3535.9255	2327.6816	3520.4663	11.966444	3555.615	3511.7502	817.5	1000.0	642000	320.51862	320.51883	3.3862686	3.4505172	-320.79694	1324.2927	9418.663571357727
3565.0774	0.8171387	3565.8945	3564.2603	3424.4082	576.7676	3654.0105	1694.8744	1000.0	945.0	644000	320.9215	320.92166	3.5654657	3.7314236	-321.18817	1362.8988	9448.664034605026
3195.0625	528.6975	3599.0532	2448.2046	3553.8796	9.46873	3564.5515	3536.5762	900.3333	1000.0	646000	321.04684	321.0468	3.4431024	3.6151307	-321.30466	1050.5767	9479.394995212555
3575.693	1.3786621	3577.0718	3574.3145	3582.0012	9.3573475	3592.869	3558.4412	1000.0	1000.0	648000	321.2329	321.2321	4.065531	3.77369	-321.50607	1607.0449	9509.85979771614
3543.4307	7.9779053	3551.4084	3535.4526	3501.575	4.428438	3509.259	3495.6047	1000.0	1000.0	650000	321.63934	321.63983	3.9148111	4.0073714	-321.90295	1102.9653	9543.031115055084
3558.7236	16.663452	3575.387	3542.06	3553.0898	132.24962	3635.2373	3159.1772	1000.0	985.0	652000	321.72113	321.72067	3.9447699	3.911054	-322.00592	1311.2788	9576.014709949493
3542.5664	24.93042	3567.4968	3517.636	3502.438	3.8674445	3507.908	3496.704	1000.0	1000.0	654000	321.8952	321.89575	3.26642	3.279132	-322.17886	949.99634	9612.271386861801
3661.2573	11.203491	3672.4607	3650.0537	2639.9285	1021.5391	3624.1123	1312.3956	1000.0	727.3	656000	322.0685	322.06885	3.6556516	3.608055	-322.34598	1402.9203	9644.593673229218
3572.726	11.955811	3584.682	3560.7703	3475.0542	2.2673528	3478.9224	3471.2744	1000.0	1000.0	658000	322.23508	322.23532	3.888976	3.66864	-322.49142	1247.3375	9676.667481184006
2433.9712	1142.8497	3576.821	1291.1215	3516.743	5.1329026	3524.5684	3509.0383	670.0	1000.0	660000	322.0098	322.0094	3.5680485	3.6022074	-322.27142	1182.575	9709.546031475067
3414.2175	168.11046	3548.524	3177.173	3524.4446	12.472549	3542.9163	3499.6672	955.0	1000.0	662000	322.08154	322.08176	3.845933	3.958341	-322.33466	854.12354	9743.208937644958
2269.2114	660.2135	2929.4248	1608.9978	2733.099	1060.4255	3614.0513	1291.0355	626.0	755.6	664000	322.19354	322.19333	4.2724824	4.070789	-322.46143	1432.1448	9775.35133266449
2927.829	888.004	3578.8982	1672.29	3554.2668	11.076711	3583.3794	3540.3113	817.0	1000.0	666000	322.4062	322.40683	2.991936	2.9500232	-322.6779	1150.4259	9808.30809378624
2994.3325	543.1813	3537.514	2451.1514	3554.273	7.0032067	3562.1213	3541.5808	845.5	1000.0	668000	322.48608	322.48553	3.745198	3.5767865	-322.7297	1261.475	9838.766378641129
3551.163	9.960449	3561.1235	3541.2026	3547.8809	14.923489	3577.4048	3520.6821	1000.0	1000.0	670000	322.40057	322.40067	3.4571438	3.3434448	-322.6668	1172.1373	9867.872025251389
3538.12	19.727295	3557.8474	3518.3928	3522.856	14.319906	3539.706	3497.1309	1000.0	1000.0	672000	322.6756	322.67566	3.8647082	4.0614667	-322.9447	1576.9048	9901.828800201416
3511.0127	5.024292	3516.037	3505.9885	3531.5488	13.111518	3549.8423	3507.383	1000.0	1000.0	674000	322.90027	322.9002	4.006555	3.8903813	-323.17035	1029.6825	9934.97587275505
3054.5703	490.55396	3545.1243	2564.0164	3611.5151	4.279774	3618.2703	3604.0808	850.0	1000.0	676000	322.8829	322.88266	3.7362978	3.5503926	-323.11838	1454.0996	9965.255516052246
3548.8252	7.8636475	3556.6887	3540.9614	3535.392	21.258028	3583.305	3508.4744	1000.0	1000.0	678000	322.77295	322.77322	3.6453846	3.5952008	-323.032	1242.77	9994.582087278366
3522.1765	0.18579102	3522.3623	3521.9907	3578.728	6.4189024	3588.7893	3565.1814	1000.0	1000.0	680000	323.10547	323.10526	3.3001115	3.3127954	-323.35812	1347.2795	10024.80875325203
3541.2363	4.418335	3545.6548	3536.818	3561.9097	7.1043696	3573.3237	3552.3064	1000.0	1000.0	682000	323.12448	323.1248	3.850571	3.859718	-323.38794	1392.4502	10053.696533441544
3570.9631	15.578125	3586.5413	3555.385	2657.6047	924.51337	3563.3806	1311.493	1000.0	738.5	684000	323.27197	323.27173	3.5080366	3.4048183	-323.53455	1011.17926	10079.957439422607
2866.2595	1053.9857	3642.375	1376.13	3585.401	17.83852	3614.144	3558.113	800.0	1000.0	686000	323.2899	323.28983	3.8397524	3.9118998	-323.534	1015.27264	10111.87882733345
3568.2917	21.328125	3589.6199	3546.9636	3597.6804	32.93957	3644.5037	3548.9153	1000.0	1000.0	688000	323.51663	323.51688	4.0008893	4.05863	-323.78815	1064.8517	10145.506331920624
3583.9521	26.069824	3610.022	3557.8823	3608.7039	4.5771556	3615.9214	3600.2185	1000.0	1000.0	690000	323.8469	323.84695	4.0771275	3.9557607	-324.12494	1110.9242	10176.835713863373
3576.5205	26.810425	3603.3308	3549.71	3574.1985	3.7490413	3580.1055	3569.352	1000.0	1000.0	692000	324.04614	324.04553	3.6767879	3.7027516	-324.30804	999.10065	10206.737793684006
3577.6006	1.732544	3579.333	3575.868	3594.0417	2.8100474	3598.3088	3590.8564	1000.0	1000.0	694000	324.223	324.2231	3.6878297	3.5647316	-324.50558	1432.1827	10237.46484375
2951.0254	897.67474	3607.053	1681.7622	3586.112	4.5339932	3594.0337	3579.4326	823.6667	1000.0	696000	324.4342	324.43393	4.1549945	4.0854144	-324.6931	1530.4773	10267.113626003265
3567.9949	26.649902	3594.6448	3541.345	3551.8003	13.003189	3570.8162	3531.195	1000.0	1000.0	698000	324.63416	324.63443	4.124707	4.053066	-324.9112	1177.9855	10297.243411779404
2561.614	982.75146	3544.3655	1578.8625	3535.977	3.542221	3542.7825	3529.6726	708.5	1000.0	700000	324.70258	324.7026	3.3257327	3.4567335	-324.96487	1492.5576	10328.66840338707
2823.2656	1038.4384	3579.2092	1354.907	3219.7505	660.0036	3650.726	1617.6858	791.3333	893.0	702000	325.05432	325.05438	3.6925335	3.7390237	-325.32593	1204.9153	10360.259672403336
2913.2693	332.65747	3245.9268	2580.6118	3584.9224	11.026326	3602.58	3568.5403	783.0	1000.0	704000	325.36212	325.36224	3.554216	3.6886554	-325.6325	1324.9062	10394.174129247665
3548.5146	10.071655	3558.5864	3538.443	3606.2168	2.5923784	3610.7478	3603.0566	1000.0	1000.0	706000	325.4922	325.49182	3.6485665	3.7132695	-325.7383	1533.9087	10427.262072563171
2845.2275	1031.0468	3588.8516	1387.2048	2576.16	1064.492	3700.0217	1263.6056	761.3333	701.5	708000	325.43146	325.43103	3.7531533	3.6263657	-325.6992	1220.2653	10454.781145334244
3267.5776	335.92493	3603.5027	2931.6528	2991.9126	976.1703	3652.1548	1374.249	890.0	823.9	710000	325.42203	325.42178	3.9852479	4.06743	-325.67578	1259.189	10484.341418504715
2939.1409	920.6008	3593.869	1637.2219	3547.9155	4.723839	3558.525	3540.4873	819.3333	1000.0	712000	325.46347	325.46387	3.5139172	3.4790103	-325.7223	1509.8936	10513.86100077629
3557.4138	20.580566	3577.9944	3536.8333	3137.4502	862.8804	3660.333	1122.5554	1000.0	862.1	714000	325.71268	325.7123	3.8280704	3.9384122	-325.9882	1426.6827	10543.407036066055
3579.69	8.318726	3588.0088	3571.3713	3568.5464	2.8908565	3576.5212	3565.6497	1000.0	1000.0	716000	325.8352	325.8355	3.616251	3.5878043	-326.09976	946.9346	10576.854413032532
3624.3408	97.702515	3722.0432	3526.6382	3608.7136	20.505136	3630.1218	3568.921	993.5	1000.0	718000	326.1738	326.1734	3.628901	3.2608466	-326.42657	1103.8442	10612.552638530731
3310.7122	251.39062	3562.1028	3059.3215	3539.8308	6.9927773	3551.861	3529.937	907.0	1000.0	720000	326.25003	326.2504	3.299185	3.3649905	-326.48187	1282.1001	10648.58383488655
3128.4185	464.3512	3592.7695	2664.0671	3615.7024	3.299741	3621.302	3609.5474	851.5	1000.0	722000	326.22952	326.2295	3.8961518	4.1085157	-326.45395	1335.9858	10679.796048641205
3667.0278	45.740967	3712.7688	3621.2869	3566.4824	3.673249	3571.0815	3559.7314	1000.0	1000.0	724000	326.37137	326.37125	3.3983107	3.2728896	-326.6243	1480.1165	10710.240399122238
2974.1963	872.0024	3596.0803	1741.014	3256.8103	544.1196	3644.6096	2284.0273	820.3333	880.7	726000	326.539	326.5389	2.976716	3.1262405	-326.78754	1387.6875	10737.862977266312
2489.418	241.36829	2730.7864	2248.0498	3362.923	404.01126	3643.0894	2305.6917	673.0	930.2	728000	326.66263	326.6625	4.1131763	3.897708	-326.89194	1336.9231	10766.826977729797
2576.3806	1318.5234	3610.284	357.85687	3633.7886	28.223122	3674.6257	3581.9907	726.25	1000.0	730000	326.95044	326.95035	3.7070665	3.5943344	-327.19598	1357.0522	10799.165700674057
3459.3262	86.20276	3545.529	3373.1235	3562.8997	6.7648516	3570.1804	3548.8533	957.5	1000.0	732000	327.05493	327.05505	3.539523	3.6016593	-327.3264	1260.3883	10828.883049726486
3538.6455	33.54724	3572.1929	3505.0984	3532.6047	22.370113	3576.5361	3501.2065	1000.0	1000.0	734000	327.23965	327.23953	3.7881122	4.0039	-327.49432	958.77875	10857.722643613815
2941.8062	603.6083	3545.4143	2338.1978	3601.2798	5.5920553	3609.9534	3590.1768	826.0	1000.0	736000	327.3216	327.32138	4.186286	4.057455	-327.5533	1146.4314	10888.208064079285
3253.937	332.02637	3585.9634	2921.9106	3383.4836	580.2917	3583.631	1642.6544	898.0	945.6	738000	327.43674	327.43744	3.2673726	3.04629	-327.6698	1633.3435	10917.906047582626
2819.7107	1055.0787	3583.0928	1327.739	3577.7761	9.310175	3594.892	3558.72	777.3333	1000.0	740000	327.33957	327.33948	3.8256738	3.861612	-327.56543	1303.0823	10950.177490234375
2562.9146	999.3931	3562.3076	1563.5214	3151.7563	734.6679	3655.6023	1389.4579	712.5	871.9	742000	327.55768	327.55762	3.568593	3.4637513	-327.78476	1583.199	10979.297829151154
2847.126	1037.5675	3610.7563	1380.1973	3349.9675	688.5894	3613.0657	1284.7256	794.6667	934.3	744000	327.49475	327.49466	3.868572	3.594252	-327.70102	1348.5824	11009.6781103611
3610.5908	0.8927002	3611.4836	3609.6982	883.97595	221.80904	1412.8175	746.92554	987.0	286.6	746000	327.57806	327.57858	3.2397287	3.2662504	-327.81622	1385.4786	11032.546374559402
3584.5916	13.671875	3598.2634	3570.9197	3509.2456	10.435524	3528.1743	3495.466	1000.0	1000.0	748000	327.77908	327.7786	3.319007	3.3536355	-327.9938	1620.77	11061.516125440598
3535.4463	14.25354	3549.6997	3521.1926	2783.1167	836.34033	3686.4324	1672.8846	1000.0	750.6	750000	327.61768	327.6181	4.379457	4.159971	-327.8197	1149.8892	11090.92756819725
3102.3394	512.4026	3614.742	2589.9368	3580.7778	12.676083	3611.9812	3568.614	852.5	1000.0	752000	327.436	327.43594	3.2072914	3.091085	-327.6673	955.4734	11121.249948501587
3587.862	8.084473	3595.9465	3579.7776	2990.8457	829.5872	3601.3481	1553.9452	1000.0	818.2	754000	327.61514	327.61545	3.2794554	3.2250674	-327.85605	1286.7698	11149.684965610504
3608.6528	4.96521	3613.618	3603.6875	3540.1453	1.2099019	3542.4502	3538.8452	1000.0	1000.0	756000	327.9991	327.99854	3.3611827	3.2233152	-328.22412	1311.8076	11180.40230178833
3557.792	10.867065	3568.6592	3546.925	3596.4082	4.1400924	3605.4255	3589.625	1000.0	1000.0	758000	328.0992	328.09973	2.8921742	2.9568493	-328.34012	1255.5819	11212.632656097412
3589.9893	2.609497	3592.5986	3587.3796	3534.5378	18.870201	3556.5713	3500.665	1000.0	1000.0	760000	328.21912	328.21927	2.918159	2.8838625	-328.43875	1647.064	11246.55652666092
3616.0195	19.963379	3635.983	3596.0562	3641.1926	3.7526603	3647.0684	3634.8494	1000.0	1000.0	762000	328.26614	328.26624	3.3876803	3.3385677	-328.49338	1295.0217	11280.757779598236
3635.913	2.461914	3638.375	3633.4512	315.45285	8.493502	334.48166	309.19586	1000.0	126.0	764000	328.34412	328.34387	3.5521142	3.471628	-328.5842	1238.4988	11303.283161878586
3601.674	0.21411133	3601.8882	3601.46	3605.189	4.637503	3611.9058	3598.3503	1000.0	1000.0	766000	328.57886	328.57922	3.3905113	3.306476	-328.82306	1388.2982	11332.951774835587
3610.6812	23.363525	3634.0447	3587.3176	3614.3933	40.815968	3696.528	3571.5332	1000.0	996.7	768000	328.77924	328.77905	3.3192644	3.5194526	-329.0072	1685.4902	11365.101615190506
2819.7334	551.2616	3433.1882	2096.366	3610.2942	7.2917905	3618.5962	3590.5212	747.0	1000.0	770000	328.82028	328.81985	2.7327805	2.6745498	-329.03143	1405.988	11395.983495473862
3593.2964	23.84729	3617.1436	3569.449	3463.3196	404.92575	3636.084	2250.009	1000.0	957.8	772000	328.72266	328.72226	3.6932206	3.5961926	-328.95865	949.5627	11425.793790578842
2956.42	899.566	3606.155	1684.3398	1850.1451	830.74445	3642.8767	1154.7968	826.0	500.4	774000	328.925	328.9248	2.8975284	2.9431944	-329.13586	1140.0664	11450.2318983078
3606.98	2.8273926	3609.8074	3604.1526	2521.7244	1057.87	3589.284	1289.982	1000.0	693.6	776000	329.1013	329.10098	3.415583	3.3673801	-329.3187	1104.0367	11479.095616579056
3333.6963	269.38464	3603.081	3064.3118	3611.1243	9.563708	3623.707	3588.7395	914.5	1000.0	778000	329.08148	329.08136	3.426206	3.323797	-329.3276	1422.0122	11509.719586372375
3600.5483	1.09729	3601.6458	3599.4512	3569.25	13.53617	3589.9253	3547.388	1000.0	1000.0	780000	329.29846	329.2985	3.040899	2.9374082	-329.51575	907.2084	11539.94585609436
2495.243	1111.2424	3606.4854	1384.0004	3601.136	3.5890677	3609.2556	3597.4646	682.0	1000.0	782000	329.28992	329.28973	3.27229	3.4152555	-329.52808	912.0554	11574.153128623962
3627.961	21.9281	3649.8892	3606.033	3539.5105	110.649925	3597.9917	3212.8457	1000.0	985.8	784000	329.34183	329.34164	2.9181557	2.7846575	-329.55325	1596.454	11605.74898481369
3574.49	26.406494	3600.8965	3548.0835	3626.9004	33.818733	3676.0986	3560.5933	984.5	1000.0	786000	329.40048	329.40085	3.4036412	3.4848526	-329.613	1037.6411	11636.010434150696
2877.5212	1050.835	3650.8354	1391.8328	3067.4958	812.1121	3606.107	1671.5543	792.0	850.2	788000	329.4771	329.47723	3.3533707	3.137296	-329.714	930.3298	11663.052750110626
2240.8699	993.77313	3637.3005	1405.3104	3429.0532	372.8484	3566.9138	2310.838	612.0	961.9	790000	329.77975	329.77982	3.626441	3.6733036	-330.013	1068.6084	11696.313782691956
3323.4612	300.5786	3624.0398	3022.8826	1767.2529	365.68015	2589.626	1448.903	898.0	480.0	792000	329.81552	329.8156	3.2058535	3.2737036	-330.03833	1474.2394	11722.827721834183
3448.9802	192.98235	3588.6106	3176.0867	3165.4036	691.008	3649.4404	1650.3143	951.0	868.2	794000	330.077	330.07654	3.5459912	3.3732207	-330.29074	928.2765	11755.845220565796
2757.938	858.79694	3616.7349	1899.141	3566.4128	15.982167	3590.0754	3538.0515	760.0	1000.0	796000	329.88635	329.88644	3.3734329	3.5616627	-330.0668	1074.9738	11788.322410821915
3593.3418	23.710327	3617.052	3569.6313	3101.9026	708.3375	3570.063	1693.5127	1000.0	868.3	798000	329.86063	329.8605	2.9312446	2.9425316	-330.06787	1359.4695	11816.715404748917
3565.9578	4.5126953	3570.4705	3561.445	3609.636	32.592556	3659.6936	3543.0317	1000.0	1000.0	800000	329.98618	329.9865	3.389522	3.2391376	-330.18887	1360.8313	11847.823647975922
3614.839	2.5317383	3617.3708	3612.3074	3563.9993	4.3959327	3570.863	3556.6658	1000.0	1000.0	802000	329.9083	329.9083	3.0895083	3.0907006	-330.122	1452.3921	11881.701146364212
2912.5557	685.06775	3597.6233	2227.4878	3628.0835	31.263636	3664.255	3563.976	802.0	1000.0	804000	329.76688	329.76666	2.8214726	3.023908	-329.94363	1398.1453	11914.9403693676
2977.0574	807.4585	3553.9197	1835.1589	3584.6614	31.456871	3623.686	3524.1838	828.6667	1000.0	806000	330.02164	330.02197	3.7990181	3.8037605	-330.22125	1417.4113	11947.123668670654
3069.8093	494.10474	3563.914	2575.7046	3594.6914	18.219301	3621.095	3562.4983	853.5	1000.0	808000	330.06842	330.0679	3.309902	3.2779024	-330.28156	1184.5635	11976.733934879303
3619.1484	7.319458	3626.4678	3611.8289	3524.6929	25.597534	3577.0088	3483.1306	1000.0	1000.0	810000	330.26443	330.2647	3.0542328	3.039666	-330.47302	1497.5784	12009.304853439331
3128.4163	646.3107	3615.5833	2215.0735	3637.6758	4.977659	3644.2292	3627.9492	868.6667	1000.0	812000	330.21112	330.21085	3.66208	3.6141114	-330.44357	1449.1582	12040.20193362236
3618.6787	5.842285	3624.521	3612.8364	3635.8691	4.019457	3643.5469	3628.9084	1000.0	1000.0	814000	330.5344	330.5347	3.167131	3.1887853	-330.75076	1492.4982	12071.197813987732
3554.0676	51.14087	3605.2085	3502.9268	3634.808	3.3404665	3640.5232	3630.3433	1000.0	1000.0	816000	330.5412	330.54092	3.5944984	3.707811	-330.7276	1303.8418	12103.67817902565
3638.7944	5.229492	3644.024	3633.565	3638.2207	2.5639586	3642.4976	3635.286	1000.0	1000.0	818000	330.54724	330.5476	3.551742	3.4161768	-330.74387	1330.3313	12135.012583255768
3602.9346	16.340576	3619.2751	3586.594	3578.086	3.7489302	3586.3625	3573.6582	1000.0	1000.0	820000	330.56354	330.5631	3.2011416	3.0357647	-330.7482	1631.724	12165.164237737656
3597.7249	13.616943	3611.3418	3584.108	3580.4304	24.769995	3639.6724	3551.4895	1000.0	1000.0	822000	330.69183	330.69186	3.0117862	3.0269418	-330.91898	1375.7312	12196.86055803299
3564.7666	7.259033	3572.0256	3557.5076	3594.6218	10.511612	3609.4197	3578.0789	1000.0	1000.0	824000	330.88202	330.8822	3.0759962	3.1811647	-331.08136	1313.2698	12228.649159908295
3623.7798	18.41687	3642.1965	3605.3628	3646.2778	4.273024	3651.8552	3639.5686	1000.0	1000.0	826000	330.84305	330.8425	2.8859794	3.0448275	-331.0603	1355.1842	12261.094462633133
3603.9502	21.45813	3625.4084	3582.4922	3635.0425	12.49473	3651.843	3604.3347	1000.0	1000.0	828000	331.20197	331.20203	3.160234	3.0393834	-331.37585	1085.6805	12293.660440683365
3640.8137	17.6958	3658.5095	3623.118	3619.7153	14.140442	3644.2393	3599.8176	1000.0	1000.0	830000	331.25146	331.25143	3.1967428	3.3167114	-331.46945	884.08875	12324.745502710342
3600.276	23.209473	3623.4854	3577.0664	3581.4702	3.2816658	3586.0894	3576.2417	1000.0	1000.0	832000	331.35016	331.35016	2.992599	3.0362148	-331.52625	879.7275	12356.23569226265
3588.961	45.33362	3634.2944	3543.6272	3541.207	30.404303	3573.2556	3480.172	1000.0	1000.0	834000	331.3643	331.36395	3.2518325	3.357329	-331.55185	1333.6404	12388.595891237259
3553.1665	44.53357	3597.7	3508.6328	3632.5847	10.665611	3649.2324	3618.149	1000.0	1000.0	836000	331.19794	331.1983	3.1147876	2.9633007	-331.38342	1201.2786	12421.134641647339
3632.2893	7.0290527	3639.3184	3625.2603	3606.7136	17.531918	3627.128	3570.4236	1000.0	1000.0	838000	331.40558	331.40546	3.1668365	3.3326476	-331.59494	1307.5247	12458.800849676132
3586.254	17.591675	3603.8457	3568.6624	3628.0425	22.316238	3666.0156	3588.8562	1000.0	1000.0	840000	331.42456	331.42465	3.1011353	2.8846133	-331.62082	961.22064	12495.868835926056
3586.669	8.386108	3595.0552	3578.283	3488.0696	412.99866	3664.21	2250.7805	1000.0	959.4	842000	331.42447	331.42517	3.619253	3.5048754	-331.64267	970.45154	12532.316059827805
3636.4778	7.2956543	3643.7734	3629.1821	3669.5125	3.0968122	3675.021	3664.5781	1000.0	1000.0	844000	331.59204	331.5916	2.658066	2.470923	-331.78635	1100.245	12564.02778506279
3607.3984	20.99646	3628.3948	3586.4019	3677.936	2.1356995	3682.8562	3674.4958	1000.0	1000.0	846000	331.89	331.89035	3.2368891	3.3045282	-332.08044	1214.0818	12593.094442605972
3605.831	40.133057	3645.964	3565.698	3581.108	11.670687	3601.9019	3561.1296	1000.0	1000.0	848000	332.0796	332.07938	3.5353417	3.5051684	-332.25595	1147.7949	12622.635757684708
3604.9949	10.319824	3615.3147	3594.675	3587.22	16.248913	3616.782	3559.58	1000.0	1000.0	850000	332.1032	332.1034	3.4044487	3.4760187	-332.30206	1530.1274	12655.657029867172
3601.109	41.193604	3642.3025	3559.9153	3063.268	893.8928	3735.05	1196.5886	1000.0	832.0	852000	332.1626	332.16245	2.7563746	2.7138336	-332.34595	1130.3497	12685.11013007164
2548.418	1018.7077	3567.1257	1529.7103	3334.5286	607.1714	3575.879	1514.536	704.0	943.5	854000	332.35	332.3495	2.6383677	2.6634135	-332.53293	1652.0911	12717.814062595367
3588.522	39.126465	3627.6484	3549.3955	3628.55	4.90482	3640.7498	3624.5925	1000.0	1000.0	856000	332.2252	332.2256	3.7019057	3.5362992	-332.39865	1083.8209	12751.036781072617
3580.709	8.710815	3589.4197	3571.998	3637.9817	7.125058	3649.117	3625.1025	1000.0	1000.0	858000	332.24393	332.24365	2.8779569	2.7541895	-332.43842	1278.8108	12783.028943300247
3591.165	2.6776123	3593.8428	3588.4875	3588.8828	38.196716	3628.7307	3511.7556	1000.0	1000.0	860000	332.40097	332.4013	2.8377545	2.8984919	-332.58954	1493.9442	12813.548359155655
2874.7004	998.00574	3657.6982	1466.2407	3588.6836	22.434402	3615.138	3545.651	810.6667	1000.0	862000	332.5316	332.53152	2.8924537	2.9608965	-332.71295	1617.4341	12842.651405572891
3639.9858	7.837036	3647.823	3632.149	3577.621	23.582788	3623.4421	3548.0967	1000.0	1000.0	864000	332.51678	332.5168	3.3604977	3.1104052	-332.7043	1245.5094	12873.529655694962
3607.5903	35.60388	3643.1943	3571.9866	3638.8823	11.499583	3663.0454	3618.0156	1000.0	1000.0	866000	332.7328	332.73282	3.0470562	2.82332	-332.93466	1046.3081	12904.075564861298
3626.0078	32.52014	3658.5278	3593.4875	3228.2607	861.0419	3683.7986	1262.8262	1000.0	880.4	868000	332.7826	332.78262	2.5602481	2.590039	-332.98492	1356.608	12933.329542636871
3606.9736	2.3321533	3609.306	3604.6416	1798.3336	675.64124	2651.5264	638.52094	1000.0	516.5	870000	332.97766	332.97723	2.7798038	2.83036	-333.1782	1315.3977	12959.378097057343
3606.5474	16.578491	3623.126	3589.969	3610.037	22.15326	3637.0728	3558.8782	1000.0	1000.0	872000	333.5206	333.5207	2.920392	2.8987944	-333.73038	1264.1393	12988.960997343063
2718.0703	849.412	3567.4824	1868.6584	3568.3022	23.831795	3600.2756	3522.8787	749.5	1000.0	874000	333.59247	333.59204	2.923496	3.0055702	-333.76718	1019.16455	13017.6516726017
3626.5251	10.59375	3637.119	3615.9314	3646.1274	17.28897	3658.4062	3595.5464	1000.0	1000.0	876000	333.52576	333.5253	2.9674015	3.3643184	-333.70895	1116.5006	13049.623880386353
3635.74	20.161865	3655.9019	3615.5781	3573.9446	31.26895	3611.7966	3513.1711	1000.0	1000.0	878000	333.88043	333.88043	3.4222925	3.2754874	-334.05386	1625.9597	13080.43880724907
3288.6953	436.18344	3605.1355	2671.9087	3638.8	6.5738015	3654.3896	3632.5935	919.0	1000.0	880000	334.13257	334.13266	3.0151405	2.6589534	-334.32928	1654.7366	13109.532836198807
3635.2744	1.7823486	3637.0566	3633.492	3056.314	636.5325	3744.226	2272.9998	1000.0	817.8	882000	334.32013	334.31982	3.3321018	3.2705684	-334.50397	1371.8612	13134.328248262405
3597.1487	18.94458	3616.0933	3578.204	3554.2305	27.21452	3609.095	3516.567	1000.0	1000.0	884000	334.29218	334.29248	3.0637376	2.875235	-334.47156	1527.1067	13161.530509710312
3605.266	23.024902	3628.291	3582.2412	3651.8977	2.399035	3655.9993	3647.9487	1000.0	1000.0	886000	334.4246	334.42422	3.4311514	3.3367677	-334.61206	1517.2202	13186.485683202744
2573.736	1042.7921	3616.5283	1530.944	3595.474	6.430979	3608.7769	3588.609	708.5	1000.0	888000	334.58798	334.58786	3.452961	3.431936	-334.79736	1787.6844	13212.247734308243
3615.8765	4.817871	3620.6943	3611.0586	3627.263	5.010326	3632.8518	3617.0186	1000.0	1000.0	890000	334.8556	334.85556	2.7252157	2.713058	-335.05295	1810.5574	13238.943372964859
3593.3286	7.876343	3601.2048	3585.4521	3616.1968	22.0152	3641.2368	3574.2136	1000.0	1000.0	892000	334.84555	334.84552	3.1487556	3.0968895	-335.04437	1476.6755	13265.202044010162
3627.7097	10.869385	3638.579	3616.8403	3601.1165	29.651377	3654.0579	3555.4685	1000.0	1000.0	894000	335.21225	335.2124	3.4942698	3.2127016	-335.40222	1897.8121	13291.703438282013
3608.0278	0.8277588	3608.8555	3607.2	3625.468	3.0365932	3632.3606	3621.2146	1000.0	1000.0	896000	335.36377	335.36404	2.8173203	2.8213503	-335.55875	1009.91327	13322.391937494278
3617.3823	1.208252	3618.5906	3616.174	3585.5754	4.81912	3593.758	3579.6282	1000.0	1000.0	898000	335.2544	335.25424	3.1968105	3.3474755	-335.42966	1562.6305	13353.472423791885
3612.565	13.831665	3626.3967	3598.7334	3614.9446	7.059327	3624.8123	3602.5308	1000.0	1000.0	900000	335.33594	335.33594	3.348128	3.0240989	-335.5253	1079.4325	13383.864292144775
3639.093	1.1291504	3640.2222	3637.9639	3595.6978	19.249222	3629.6204	3564.5476	1000.0	1000.0	902000	335.4201	335.4207	3.1720498	3.160265	-335.64087	1698.7827	13412.389949798584
3614.6565	28.841309	3643.4978	3585.8152	3616.4136	16.684397	3636.7124	3576.5864	1000.0	1000.0	904000	335.6897	335.6891	3.1216147	3.0552022	-335.86862	1431.8079	13438.399867534637
3599.4119	26.983643	3626.3955	3572.4282	3522.7512	14.064681	3549.992	3493.7805	1000.0	1000.0	906000	335.7342	335.73386	3.6962183	3.5504012	-335.91263	1706.6982	13462.548673391342
3568.2378	23.97815	3592.216	3544.2598	3612.8328	15.919792	3624.7832	3567.2893	1000.0	1000.0	908000	335.86597	335.8658	2.686616	2.5845182	-336.05768	1309.7963	13489.907165288925
2959.656	866.64044	3590.0964	1734.2123	3600.1504	19.378176	3619.0393	3555.3804	824.6667	1000.0	910000	335.9702	335.97006	3.508908	3.3012636	-336.1555	1776.6385	13518.512142658234
3584.626	16.374634	3601.0007	3568.2515	3626.2378	8.587843	3637.171	3611.7166	1000.0	1000.0	912000	335.97482	335.97437	3.8258243	4.0079193	-336.1509	1700.1395	13542.262249469757
3602.5283	5.6480713	3608.1765	3596.8804	3597.0337	21.039497	3624.2102	3558.781	1000.0	1000.0	914000	335.98138	335.98163	2.884912	2.6947982	-336.187	1707.5597	13563.517447710037
3649.8645	17.179688	3667.0442	3632.6848	3605.5344	28.278206	3679.958	3567.2698	1000.0	998.2	916000	336.21414	336.21414	2.8258126	2.9655795	-336.40024	1667.0878	13584.413776636124
2498.6306	1565.5564	3615.7578	284.63028	3668.6355	4.5762205	3679.8308	3663.9958	707.0	1000.0	918000	336.23743	336.2374	2.9871235	2.9141235	-336.4298	1695.0623	13606.368570566177
3628.6616	10.684814	3639.3464	3617.9768	3291.9758	1005.14496	3649.9045	276.7983	1000.0	911.7	920000	336.22308	336.2234	2.778808	2.545504	-336.39737	1671.9893	13627.015759706497
3621.5532	1.9014893	3623.4548	3619.6519	3644.607	12.341642	3661.251	3615.453	1000.0	1000.0	922000	336.21323	336.2136	2.8357968	2.7182438	-336.39932	1625.3507	13648.195315599442
3659.1777	3.8099365	3662.9875	3655.3677	3635.6108	14.291361	3657.0454	3611.5864	1000.0	1000.0	924000	336.53857	336.53845	2.843208	2.8177466	-336.72183	1740.3488	13669.00069308281
3634.8853	21.567993	3656.4531	3613.3171	3607.782	22.251858	3647.1118	3569.0857	1000.0	1000.0	926000	336.70126	336.70068	2.4728186	2.8656356	-336.893	1746.1184	13689.394140005112
3631.189	13.401367	3644.5903	3617.7876	3608.1401	12.546438	3636.3076	3591.1597	1000.0	1000.0	928000	336.72784	336.72806	3.3771942	3.2490332	-336.917	1729.2257	13709.966047525406
3619.837	17.970825	3637.8079	3601.8662	3639.9172	3.4665682	3648.1082	3634.101	1000.0	1000.0	930000	336.81534	336.81488	3.1997504	3.1103127	-336.99774	1757.2294	13731.149349689484
3613.141	7.9940186	3621.1353	3605.1472	2798.1606	923.31226	3672.9744	1302.3197	1000.0	744.6	932000	336.87744	336.87744	3.1456141	3.1115122	-337.07126	1663.383	13750.591811656952
3592.753	46.536495	3639.2893	3546.2163	3587.5894	22.598219	3625.737	3552.873	1000.0	1000.0	934000	337.10342	337.10324	2.641008	2.8272774	-337.27423	1676.8212	13771.45903468132
3019.7627	574.63916	3594.4019	2445.1235	3642.6555	16.322617	3664.3008	3602.3948	819.5	1000.0	936000	337.122	337.12155	3.2903903	3.1831357	-337.30893	1709.5028	13792.450481653214
3681.6611	7.5651855	3689.2263	3674.096	3679.5	46.517853	3754.989	3624.9429	1000.0	999.2	938000	337.2232	337.22354	2.5769815	2.730768	-337.39545	1831.191	13813.198514699936
3620.601	18.921143	3639.5222	3601.68	3376.9343	628.2903	3644.5513	1493.5477	1000.0	938.9	940000	337.2844	337.28433	2.6163182	2.549092	-337.47543	1710.4696	13834.00502204895
3609.413	21.526733	3630.9397	3587.8862	2510.8538	1191.5322	3713.9294	1017.46216	1000.0	672.7	942000	337.27982	337.27963	3.0836358	3.2060246	-337.4373	1822.9055	13852.238523960114
3637.877	2.7453613	3640.6223	3635.1316	1226.5079	122.6088	1367.0103	923.83215	1000.0	325.7	944000	337.33167	337.33228	3.0098138	2.9580894	-337.52	1789.0242	13869.000399112701
2800.9238	1157.5729	3639.912	1164.0405	3609.2585	19.149855	3636.9124	3574.026	770.0	1000.0	946000	337.654	337.65408	2.9857416	3.0019932	-337.837	1681.464	13890.013506412506
2878.3276	719.2145	3597.5422	2159.1133	3615.045	14.992529	3641.4138	3585.08	789.0	1000.0	948000	337.6279	337.62775	2.6742344	2.7891238	-337.7965	1691.486	13910.747033834457
3624.708	14.211182	3638.9192	3610.4968	3549.457	34.770462	3589.7031	3465.3853	1000.0	1000.0	950000	337.7451	337.7453	3.1032612	3.0108857	-337.91507	1722.6648	13931.438417673111
3621.1619	6.894043	3628.056	3614.2678	3633.2605	6.1578217	3648.1204	3625.759	1000.0	1000.0	952000	337.6101	337.61057	3.2415607	3.0165582	-337.7982	1636.8855	13952.40662240982
3621.8179	10.315918	3632.1338	3611.502	3602.1843	3.4087465	3608.5923	3598.1013	1000.0	1000.0	954000	337.76044	337.76016	2.864826	2.791013	-337.95618	1775.8912	13974.06110239029
3608.2544	17.629272	3625.8835	3590.625	3616.914	9.398386	3626.1782	3597.93	1000.0	1000.0	956000	337.98187	337.982	3.2864738	3.3265893	-338.1801	1712.0582	13995.054771900177
3607.858	13.544434	3621.4023	3594.3135	3623.4165	4.272737	3631.8499	3617.9846	1000.0	1000.0	958000	338.18317	338.1833	3.3455672	3.18802	-338.3676	1694.5846	14015.564889669418
3621.6895	4.86438	3626.554	3616.8252	3571.2898	153.05046	3680.168	3252.0708	1000.0	968.0	960000	338.4261	338.42593	2.5745387	2.4375834	-338.6338	1557.0692	14036.007119894028
3646.538	2.6759033	3649.2139	3643.862	3644.589	1.761626	3648.7195	3642.1738	1000.0	1000.0	962000	338.63507	338.6349	2.9088113	2.9613442	-338.8267	1744.822	14057.221622943878
3509.8652	126.23169	3636.097	3383.6335	3605.3423	4.4159145	3611.0537	3596.2356	947.5	1000.0	964000	338.88965	338.89	3.2052484	3.111329	-339.08865	1738.6333	14077.219146728516
3593.1074	20.122192	3613.2295	3572.985	3632.7202	14.662497	3661.3855	3608.68	1000.0	1000.0	966000	339.1549	339.15475	2.9751263	2.947412	-339.34964	1723.3037	14097.761248111725
3325.6528	300.6963	3626.349	3024.9565	3610.2825	15.574605	3640.221	3584.5242	896.0	1000.0	968000	339.0218	339.0212	3.097638	3.0499356	-339.1911	1735.9098	14118.615915060043
3566.9907	28.622803	3595.6135	3538.368	3620.0293	73.61982	3717.7815	3417.4504	1000.0	990.6	970000	339.26376	339.26392	2.678184	2.6164064	-339.46594	1632.694	14139.652256011963
3638.9243	0.72766113	3639.6519	3638.1965	3652.4578	20.286911	3678.0981	3617.0205	1000.0	1000.0	972000	339.06912	339.06912	2.6044176	2.721368	-339.26343	1786.2593	14160.440598964691
3665.3877	21.314941	3686.7026	3644.0728	3619.4812	36.232727	3661.9934	3553.165	1000.0	1000.0	974000	339.34198	339.34204	3.0644224	2.9703746	-339.5183	1730.3339	14181.799060583115
3620.809	0.36950687	3621.1785	3620.4395	3628.2246	16.946032	3658.2634	3596.1042	1000.0	1000.0	976000	339.3761	339.37637	2.7348769	2.7297678	-339.54187	1745.0658	14202.426792621613
3603.532	26.115723	3629.6477	3577.4163	3518.0083	345.75427	3800.9187	2663.542	1000.0	946.9	978000	339.1889	339.18903	3.0113719	2.997095	-339.36694	1722.716	14222.98871254921
3618.3965	16.555664	3634.9521	3601.8408	3648.231	13.513528	3666.0342	3627.6416	1000.0	1000.0	980000	339.16254	339.16208	3.4978194	3.340965	-339.32825	1800.9227	14243.671926498413
3251.4324	301.28726	3652.1619	2925.6765	3651.8848	19.094564	3683.9993	3624.1423	869.3333	1000.0	982000	339.2452	339.24506	2.8760145	2.9944177	-339.40375	1702.3998	14264.553180456161
3645.4307	21.957642	3667.3882	3623.473	3647.8438	3.4522157	3654.7866	3643.5393	1000.0	1000.0	984000	339.2862	339.2861	2.3707476	2.3162212	-339.45297	1649.2937	14285.856521129608
3607.727	39.412476	3647.1396	3568.3147	3569.5488	6.285433	3583.2415	3560.1777	1000.0	1000.0	986000	339.18042	339.17987	3.3741548	3.1929626	-339.3571	1693.958	14307.33919930458
3632.8738	18.011475	3650.8853	3614.8623	3637.6477	22.695427	3689.8843	3598.2026	1000.0	1000.0	988000	339.10312	339.10364	2.58346	2.6389399	-339.28043	1729.7537	14329.435242414474
3627.2852	5.4823	3632.7676	3621.803	3297.1797	633.0581	3694.9358	1905.0856	1000.0	901.1	990000	339.08643	339.08615	2.3061402	2.3002045	-339.26492	1626.7932	14349.527547597885
3661.9102	30.035522	3691.9458	3631.8748	3653.894	55.32891	3814.5283	3616.6077	1000.0	1000.0	992000	339.10248	339.10205	2.4915	2.5339637	-339.27475	1735.0438	14370.72743153572
3619.0955	0.33203125	3619.4275	3618.7634	3568.9492	3.6604726	3574.4333	3564.0107	1000.0	1000.0	994000	339.041	339.0413	3.2441168	3.3221529	-339.203	1731.0028	14391.75267124176
3619.7634	24.500977	3644.2644	3595.2625	3635.1726	8.507082	3646.2961	3613.8713	1000.0	1000.0	996000	339.21664	339.21634	2.5711012	2.570778	-339.39124	1653.0966	14412.913231134415
3647.6072	25.593018	3673.2002	3622.0142	3504.6597	413.4331	3671.7695	2265.2502	1000.0	961.7	998000	339.45847	339.4584	2.9535298	3.079783	-339.62036	1737.5105	14434.362857580185
3631.9282	14.912476	3646.8408	3617.0159	3660.5234	2.2902818	3663.8704	3656.434	1000.0	1000.0	1000000	339.51416	339.5137	2.1576104	2.138029	-339.68292	1654.5884	14455.997941732407
