AverageEpRet	StdEpRet	MaxEpRet	MinEpRet	AverageTestEpRet	StdTestEpRet	MaxTestEpRet	MinTestEpRet	EpLen	TestEpLen	TotalEnvInteracts	Q1Vals	Q2Vals	LossQ1	LossQ2	LossAC	AverageC	StdC	MaxC	MinC	AverageLogP	StdLogP	MaxLogP	MinLogP	AverageMinRatio	StdMinRatio	MaxMinRatio	MinMinRatio	AverageMaxRatio	StdMaxRatio	MaxMaxRatio	MinMaxRatio	StepsPerSecond	Time
115.487404	61.36265	403.91833	63.553608	67.19787	3.0887194	73.586105	63.825176	24.8875	15.5	2000	15.159525	15.189498	6.889296	4.7692943	0.120479554	0.12667026	0.104429506	0.61507607	0.015744109	-61737.895	983958.6	-3.4842281	-4978.8467	-0.7066921	0.41087532	-0.10243077	-3.8916001	0.47617534	0.23335207	1.9258629	0.10567798	1007.6195	24.628687143325806
66.273285	14.341746	168.22246	41.071873	65.60329	0.1032671	65.760704	65.45402	14.7720585	14.0	4000	29.825247	29.83721	3.1844969	1.4582072	0.17586118	0.7075977	1.1766702	8.099434	0.0011049459	-893026.94	14232883.0	-3.8251836	-96227.125	-1.0783156	0.9715735	-0.28854728	-12.434907	0.69335246	0.33011776	2.2912111	0.21129066	968.69336	62.31969928741455
63.969124	3.7723641	73.913605	54.568146	64.55754	0.8475702	65.6018	62.934566	14.345324	14.2	6000	30.193293	30.193161	1.2318441	1.0273638	0.0831907	1.2362231	0.9947699	6.3821907	0.12910874	-291636.22	4648082.5	-5.331378	-42386.617	-0.5774706	0.2747677	-0.15910141	-2.9281049	0.45883814	0.18767326	1.5893338	0.16270013	1009.2093	99.04622268676758
68.52857	4.188255	78.46996	62.785954	73.39402	3.1408095	77.87526	69.61213	15.716536	17.5	8000	33.64525	33.645073	1.071939	0.9267252	0.018301183	3.48264	1.2021174	8.076219	0.748206	-121958.59	1943768.4	-7.591629	-16310.809	-0.3739371	0.12691036	-0.13514563	-1.8472394	0.29924777	0.13538438	1.2652489	0.102861166	1036.9641	135.55519127845764
71.62909	3.9809911	82.68899	60.941757	79.9781	5.820318	87.752174	68.90943	17.033897	18.9	10000	33.940166	33.93992	1.1583025	0.99823433	0.0044890908	5.3644986	1.1127087	9.257644	2.4977908	-87895.34	1400866.1	-10.86985	-9785.818	-0.3326137	0.09711241	-0.12161485	-0.84732074	0.20476112	0.057330452	0.52257526	0.09607751	1028.2307	171.78174757957458
87.83374	26.15823	181.9713	64.5014	115.77814	17.123909	141.35437	86.33771	20.708334	28.1	12000	35.149765	35.14933	1.3036531	1.1363305	0.0020148426	7.913031	1.0311073	12.732229	5.2875547	-82366.74	1312750.8	-12.131932	-9111.1	-0.2474447	0.079682134	-0.106891565	-0.93261415	0.16776627	0.052107763	0.5655072	0.06644671	1000.37866	208.1761474609375
147.73895	23.240887	191.73587	72.00892	136.36447	3.974862	141.17596	129.48552	34.964912	33.1	14000	38.88696	38.88756	1.7213589	1.514456	0.0023196072	11.468305	1.3465275	16.763872	8.263833	-78272.16	1247488.8	-14.675961	-9585.289	-0.2351025	0.077104665	-0.09076007	-0.91491187	0.15189373	0.04825509	0.45108938	0.062683895	915.6493	245.28776216506958
154.72879	10.412961	178.2344	130.72173	142.90988	7.1122756	154.71814	128.01852	34.91228	31.4	16000	51.372723	51.372902	2.839973	2.5894995	0.0034479732	15.472179	2.3108542	30.653145	10.467129	-75019.625	1195650.4	-17.46788	-10450.646	-0.31128046	0.11004658	-0.10637692	-0.9991014	0.18809843	0.06978062	0.69008327	0.063770495	909.3072	282.1639914512634
152.45154	16.5064	189.20258	97.13896	156.31165	14.335146	182.95258	131.68843	34.46552	36.4	18000	63.380383	63.381214	3.4531941	3.217621	0.0031104703	19.698368	2.756169	29.473879	12.52906	-66289.14	1056506.2	-18.776987	-10533.492	-0.3397279	0.15698375	-0.10202322	-1.6214122	0.19663025	0.07187787	0.6417823	0.074906364	899.8837	319.44593691825867
160.11339	19.176907	217.4573	100.65246	183.11191	7.097041	199.7134	172.21971	36.944443	40.9	20000	67.87688	67.8775	3.0082438	2.7395267	0.0020280164	16.855745	2.1777103	26.734034	11.44935	-62849.246	1001690.1	-20.632076	-14726.064	-0.31602892	0.14176501	-0.11327743	-1.2996397	0.1861338	0.059477612	0.64273334	0.08365902	879.5687	356.50178718566895
170.38864	21.374949	221.82477	105.258804	181.61166	7.6524487	193.21632	170.34517	39.115383	42.4	22000	67.797485	67.79764	2.5684345	2.342506	0.0017443929	16.913958	2.2258935	26.554811	11.407109	-66837.555	1065276.9	-20.752335	-25693.393	-0.26720563	0.11973963	-0.09841587	-1.5154607	0.17213263	0.047063515	0.4992475	0.071050294	876.5503	393.6794047355652
178.42485	11.61113	202.57477	150.43954	174.80978	9.624615	187.24706	157.1529	41.5625	41.6	24000	68.88369	68.884186	2.3167439	2.0997398	0.001925894	13.067402	2.1863394	26.045513	8.908897	-77629.44	1237339.8	-15.390379	-39141.7	-0.29330087	0.11422469	-0.10549691	-1.1734494	0.17258798	0.05708772	0.61564696	0.07421694	865.0619	430.8723006248474
198.65048	16.14863	230.41972	159.1677	213.26958	11.097158	236.38513	200.56172	46.32558	49.0	26000	70.54935	70.54923	2.0463617	1.8496109	0.0018292307	12.233214	1.3180296	17.888578	7.995697	-81660.48	1301630.8	-15.592942	-49312.15	-0.30238783	0.13640864	-0.121594325	-1.532593	0.17679386	0.0620379	0.6665205	0.081806436	849.8701	468.3805310726166
212.50237	17.300056	256.7261	158.5158	223.43909	7.3307934	234.0538	207.25075	48.487804	49.7	28000	73.20417	73.204094	1.8958253	1.7355512	0.0017326344	11.1265955	1.0897224	14.757415	6.929756	-93303.25	1487329.1	-16.327583	-91171.734	-0.30940926	0.13224968	-0.13274676	-1.4848886	0.18492523	0.07131361	0.6946413	0.0827826	847.5651	505.8819706439972
217.12924	15.368574	248.91533	166.5615	226.03214	11.6329365	242.0409	205.08862	49.825	52.0	30000	76.23619	76.23622	1.8026032	1.6870847	0.0017152195	11.029525	1.1297004	16.075497	7.833557	-113792.805	1814166.0	-15.976449	-138922.88	-0.31933329	0.13565136	-0.13314965	-1.469361	0.1906676	0.06592078	0.5561101	0.08432345	858.55664	543.1307091712952
227.85922	11.898245	262.56824	208.15976	230.85135	11.022367	251.13264	219.14117	52.157894	52.6	32000	79.408295	79.40808	1.7153662	1.5810132	0.0017778744	10.6458845	1.1347095	14.642579	7.4565926	-82934.51	1321965.8	-14.820069	-62567.684	-0.34595504	0.1421549	-0.11902526	-1.6227719	0.19575714	0.06448599	0.8134919	0.097749494	853.15857	580.3247339725494
232.79327	12.473775	256.42194	207.8138	237.89436	12.213258	252.03712	211.83026	53.236843	55.0	34000	82.16525	82.1651	1.6433858	1.522792	0.0017213993	10.091735	1.1668688	14.161927	6.468736	-75859.195	1209129.0	-17.922012	-53940.656	-0.35825658	0.13749893	-0.1504583	-1.3238581	0.2081008	0.074082285	0.89906645	0.09223899	811.84863	619.9282605648041
233.65419	10.919229	253.75882	209.79042	234.13416	9.017313	250.43098	217.33928	53.0	53.7	36000	83.700264	83.70048	1.6647681	1.5221629	0.0021836741	9.660482	1.1601254	14.431818	6.1931143	-69974.47	1115290.1	-17.90672	-38320.137	-0.39649293	0.17292263	-0.1413103	-2.0284152	0.21751776	0.07153121	0.8145925	0.10367622	845.83594	657.555118560791
234.7545	16.919405	264.09143	200.04112	231.75713	19.706553	265.74353	200.99161	52.68421	52.1	38000	85.09022	85.09001	1.5787973	1.434292	0.001865202	9.368513	1.148865	13.997901	6.2925606	-76954.51	1226586.4	-19.50331	-54633.62	-0.41570604	0.18348469	-0.14959438	-2.0251675	0.21904776	0.0727945	1.0657854	0.08646062	819.49896	695.9114758968353
239.6718	14.241469	273.66248	210.98521	245.03867	16.921047	275.47205	221.2048	54.2973	56.4	40000	86.43137	86.43154	1.5614109	1.4498458	0.0019797343	9.16703	1.130104	13.668303	5.6085653	-69226.5	1103352.8	-25.110397	-30311.246	-0.42992297	0.19984181	-0.16250613	-2.3477123	0.22744663	0.0817429	0.9105767	0.09594539	804.63837	734.3016312122345
246.56364	13.536589	275.04047	216.42192	245.10709	18.354483	266.79965	212.36116	55.914288	55.5	42000	87.65886	87.65898	1.4937681	1.3519897	0.0016932131	8.816707	1.1500534	13.189357	5.2992687	-66981.98	1067570.5	-23.34541	-35100.105	-0.4400244	0.1939436	-0.16192254	-2.2941527	0.23750253	0.09440109	1.1369995	0.09193131	806.3145	772.5715384483337
245.7394	15.502669	277.4453	220.0893	254.85092	17.231604	276.28934	225.8007	55.416668	57.2	44000	88.90793	88.90794	1.4289898	1.3443573	0.0018153102	8.505725	1.1244931	13.142885	5.450709	-77279.984	1231775.1	-27.046932	-46449.883	-0.47214904	0.21413992	-0.18948522	-2.516679	0.25569546	0.1011979	1.1578182	0.08377458	813.4765	811.0966482162476
252.89738	13.706384	280.32727	221.5536	256.4536	14.316113	280.6315	238.18279	56.75	58.1	46000	89.90661	89.906296	1.4069939	1.2755129	0.0018416202	8.329267	1.1755316	12.51601	5.0844502	-77946.34	1242398.2	-24.694658	-57872.656	-0.49558493	0.21616969	-0.18620989	-2.1285248	0.25544134	0.08603789	0.92753714	0.1084518	791.27014	850.6476104259491
252.87022	11.314409	272.6662	231.15887	249.5596	17.175133	275.06195	227.90884	57.028572	56.5	48000	91.404335	91.40443	1.3416473	1.2190367	0.0018852141	8.047959	1.1981379	12.967292	4.681313	-72978.195	1163171.1	-24.49642	-50055.207	-0.54227877	0.22791298	-0.18393765	-1.8197747	0.26299083	0.09005522	0.8383835	0.11614487	804.0421	889.4902410507202
253.08862	13.126373	281.1285	220.55243	257.5289	13.051848	275.9148	237.99545	57.028572	57.4	50000	92.64229	92.6425	1.3830115	1.2417876	0.0018119912	7.899796	1.1727418	12.046884	3.8952458	-64173.19	1022773.7	-21.75486	-18001.076	-0.56302845	0.23260406	-0.18748458	-1.8596195	0.2728984	0.0962721	1.0466135	0.11909665	789.3186	930.0955085754395
255.16844	11.306394	280.97055	229.81595	256.36124	10.861751	274.7498	234.90208	57.314285	57.6	52000	93.83779	93.83783	1.3384881	1.2252045	0.0015794289	8.274661	1.2635987	14.800832	4.099135	-63452.03	1011278.06	-24.24246	-13158.112	-0.51566637	0.23530246	-0.17748857	-2.2133214	0.28204688	0.123951	1.4855491	0.11895664	800.6349	968.6515152454376
255.43382	16.467123	296.75858	224.31068	245.8167	9.840165	265.6845	233.69083	57.228573	55.6	54000	94.81481	94.81464	1.2515622	1.1381431	0.0017323116	7.749098	1.2080162	12.635231	4.0041323	-64709.07	1031313.2	-27.105263	-21753.592	-0.5611979	0.2570052	-0.18248975	-2.9595954	0.28052607	0.11097616	1.6809193	0.115572944	806.65674	1007.0410885810852
251.97438	15.350569	291.3193	224.52444	256.57193	12.048252	276.69946	235.94441	56.25714	57.4	56000	95.18327	95.183334	1.232404	1.1218362	0.0016389022	7.2401323	1.1805968	12.2502165	3.6290417	-63577.973	1013280.75	-28.536198	-10075.51	-0.5975935	0.2779554	-0.17802627	-2.7437003	0.30019733	0.119149834	1.3238412	0.12620382	811.0855	1045.4053225517273
258.7309	15.150369	310.83536	234.5255	254.77707	13.910298	286.06723	239.71573	57.82857	56.9	58000	95.23706	95.23698	1.1346147	1.0658902	0.002509155	7.5465627	1.2258719	13.250016	4.130103	-65635.7	1046078.94	-28.863878	-12555.22	-0.58644974	0.27839786	-0.1950281	-2.7273116	0.2916186	0.11493931	1.5098851	0.11594362	806.75	1083.8330273628235
270.04285	22.2624	326.63278	227.52388	283.73596	16.731415	319.17804	260.5908	60.78788	62.2	60000	95.924034	95.92424	1.0987252	1.0220145	0.0013886888	7.3480797	1.1537005	12.682889	3.964209	-65197.465	1039092.56	-29.685213	-10597.453	-0.57789904	0.28240868	-0.20650835	-2.547029	0.29707032	0.1219434	1.1828574	0.11560448	807.52747	1122.146621465683
277.37073	22.580256	323.5022	242.80048	281.6967	24.547562	323.32117	238.07771	61.8125	62.7	62000	96.62946	96.62912	1.1481123	1.0754341	0.0014891059	7.2318325	1.1594993	13.275549	3.4080946	-64941.504	1035011.7	-31.698849	-9193.805	-0.55978733	0.24641411	-0.17951114	-2.2029452	0.2966399	0.112284906	1.1744678	0.12664902	797.8062	1161.0165541172028
292.73688	40.14709	391.11954	223.53676	338.44742	27.44809	387.3513	303.953	65.16129	72.8	64000	97.87342	97.87352	1.2559419	1.180354	0.0014322423	7.3401194	1.1996981	11.654329	4.2159567	-65235.97	1039706.4	-28.941984	-15402.353	-0.56112355	0.25291958	-0.2104574	-2.3213947	0.30224743	0.11084661	0.83510965	0.12222438	825.1102	1199.549650669098
304.53625	31.258015	354.78754	230.96265	312.26398	11.727945	328.53592	291.5571	68.10345	68.3	66000	99.13617	99.13563	1.4360771	1.3372896	0.0012871523	7.994954	1.2462536	12.769347	4.273169	-64773.906	1032344.25	-30.845638	-16327.09	-0.52493036	0.220672	-0.20898208	-2.2042947	0.29672405	0.109074354	1.3297379	0.12333388	830.3825	1238.1351249217987
301.7664	25.430443	356.80292	264.06647	306.49585	32.66416	369.81644	254.7532	67.793106	68.5	68000	99.85762	99.858055	1.5348213	1.4153328	0.0013229835	8.321727	1.287319	14.474603	4.2720304	-64775.47	1032370.56	-25.296549	-15810.737	-0.54502356	0.23975272	-0.20162673	-2.2241104	0.29662946	0.10690434	1.2391504	0.112538725	826.4091	1276.6914591789246
297.56232	35.91478	397.02603	251.909	319.64798	19.390526	351.6679	293.1721	67.4	70.6	70000	100.708374	100.70792	1.4811751	1.4090378	0.0027058949	8.700603	1.440684	14.115852	4.373344	-62802.79	1000932.0	-28.533468	-17963.426	-0.5758413	0.26694074	-0.22470476	-3.0685573	0.2910855	0.1059775	1.0929874	0.10929202	813.687	1315.3297157287598
305.85104	25.314648	347.35638	260.91125	330.08005	16.99707	349.6578	298.00848	68.0	72.9	72000	101.56362	101.563705	1.4901636	1.3769025	0.001304725	8.489508	1.3553622	14.497785	4.838508	-62370.645	994046.7	-27.405327	-21816.934	-0.5842143	0.27399528	-0.20158102	-2.2535172	0.30600563	0.12294234	1.1692452	0.12160029	825.33136	1353.8577387332916
319.7059	20.439346	375.49695	268.8383	320.3705	21.156488	358.9814	294.5447	70.10714	70.1	74000	102.98072	102.980995	1.4316586	1.3328431	0.0014645143	8.084742	1.3345398	12.936151	4.50084	-62799.105	1000873.06	-28.597574	-20999.943	-0.62772816	0.28287533	-0.19215447	-2.8070326	0.3151288	0.11536219	1.1169397	0.1270236	818.8384	1392.632441520691
317.4456	18.668468	358.5212	260.37994	330.3812	18.78847	358.3904	306.34967	69.655174	73.4	76000	104.58716	104.58727	1.4322293	1.3196151	0.0013391501	7.854091	1.3432672	13.699015	4.1640315	-62784.082	1000628.4	-27.40392	-12416.792	-0.6661765	0.31254688	-0.23381196	-2.5685074	0.32590187	0.115024745	1.1390722	0.13171127	827.4114	1431.1418807506561
321.19525	24.405289	363.04663	248.51965	311.5417	28.930964	338.30536	238.03784	71.03571	69.0	78000	105.546974	105.546394	1.4044925	1.3161782	0.0013742914	7.910088	1.3520498	13.122589	4.334685	-63040.895	1004721.8	-31.018705	-14030.888	-0.6556325	0.31728467	-0.21387275	-2.9823742	0.32173255	0.12098636	1.279899	0.13038777	816.373	1469.7184734344482
320.2564	24.752916	367.4931	266.13577	320.964	29.61565	349.62994	252.40448	70.17242	70.6	80000	106.4256	106.42595	1.4179679	1.3291675	0.0012776933	8.243785	1.4128852	13.39876	4.357621	-63180.64	1006947.44	-30.368128	-10179.881	-0.6211455	0.2957242	-0.22587238	-2.4322228	0.31309304	0.11621193	1.358587	0.12012464	821.355	1508.206426858902
322.37616	26.20316	357.84244	239.74548	321.26718	25.058666	381.53162	294.80524	70.14286	70.1	82000	107.16592	107.16565	1.3458824	1.2544465	0.001283642	8.147789	1.3600143	13.363692	4.6320367	-62851.797	1001705.94	-32.22159	-9571.938	-0.6191594	0.29675737	-0.22634488	-2.9823134	0.32377273	0.12148546	1.5092057	0.12554036	825.0489	1546.7181622982025
323.86322	16.822128	369.6901	297.85278	322.17844	24.522015	362.70276	288.43433	70.60714	71.0	84000	107.77746	107.77774	1.2913291	1.2250245	0.0013796003	8.0299015	1.3932265	14.2683325	4.274215	-63201.625	1007284.0	-31.20976	-12295.884	-0.61580944	0.2912062	-0.22339197	-2.4344454	0.33191782	0.12623134	1.5220654	0.13375191	821.31665	1585.3053636550903
321.51483	32.192772	406.7472	254.97688	326.03333	34.910324	371.30862	279.19046	70.586205	71.6	86000	108.516945	108.517044	1.2726045	1.1835281	0.0015249138	8.247016	1.3826371	12.888131	4.4929276	-61586.625	981545.4	-28.776339	-15884.25	-0.61887085	0.2862414	-0.18706416	-2.3166475	0.31956768	0.120762706	1.2624286	0.11896055	826.30273	1623.9121973514557
328.97806	32.570568	394.29733	264.9589	342.42868	15.157057	375.87335	318.02896	71.96296	73.4	88000	109.16866	109.16862	1.2856231	1.2089885	0.0012738839	8.047435	1.3809988	15.457517	4.543565	-59542.574	948966.8	-32.171436	-14142.098	-0.6096748	0.27491105	-0.23107319	-2.633513	0.32239798	0.11771856	1.0119079	0.11726357	817.1771	1662.4852101802826
319.5313	33.91459	369.19528	236.749	328.01794	40.540493	364.6626	249.81421	70.27586	72.5	90000	109.77489	109.775116	1.2951329	1.2141836	0.0013427705	7.72972	1.3593317	12.481917	4.155992	-59716.72	951742.06	-31.583899	-14043.3125	-0.64881986	0.29681733	-0.2378099	-2.7240436	0.33599034	0.12273626	1.6690857	0.1328888	827.2494	1700.8957624435425
335.04153	32.82238	402.90292	250.92084	336.6878	35.11398	392.78085	283.37106	72.21429	73.5	92000	110.333954	110.3336	1.2590811	1.1927234	0.0013200768	7.866512	1.4181304	12.663651	3.4446175	-59400.98	946712.1	-28.325647	-16433.678	-0.6330485	0.28548732	-0.19705391	-2.7642732	0.3390298	0.12928954	1.4317195	0.12930608	820.20776	1739.418081521988
348.70703	41.174522	413.24493	252.27544	329.09204	23.908514	370.5234	281.97842	75.84615	72.4	94000	110.60562	110.60566	1.2629055	1.1975342	0.0013585497	7.7670207	1.3830127	14.346578	4.145597	-59124.645	942309.06	-27.439209	-17647.182	-0.64211416	0.30675694	-0.2222897	-2.9836442	0.34933546	0.13097897	1.6291169	0.1353256	820.8883	1777.960693359375
328.1416	38.80995	438.84937	257.3065	326.30872	43.914448	396.74652	247.41582	71.67857	71.2	96000	110.94266	110.94267	1.2949136	1.2142965	0.0013340142	8.017825	1.3822389	13.848533	4.270971	-59776.965	952709.5	-25.72393	-20733.86	-0.6351634	0.29329962	-0.22099212	-2.781406	0.34029257	0.12623319	1.3413897	0.11530125	827.78076	1816.2882974147797
333.13687	32.28844	389.17596	276.75372	336.17136	31.678844	399.50626	269.80136	73.18519	72.9	98000	111.3018	111.30175	1.3289781	1.2554559	0.0012594345	8.111028	1.4246706	13.863904	3.896639	-57959.92	923741.3	-30.660267	-13805.82	-0.6487809	0.31851432	-0.22352053	-2.923644	0.33935058	0.12531194	1.512671	0.11771055	824.5764	1854.6540882587433
338.74744	47.397556	420.81213	239.57542	321.69012	25.955309	366.90295	270.9681	74.59259	70.9	100000	111.77155	111.77164	1.3845669	1.3111596	0.001202151	8.595539	1.5005898	15.213901	4.893173	-57157.613	910953.4	-30.390417	-7577.7744	-0.6315782	0.30422148	-0.23563668	-2.5607045	0.33157775	0.11668487	1.5612353	0.13661389	833.1545	1893.0530683994293
355.3988	39.69243	446.69675	273.19125	315.55084	49.224743	402.53537	248.44135	77.30769	69.7	102000	111.954796	111.95537	1.3462659	1.2782849	0.0012588378	8.486522	1.4578471	14.443021	4.2704096	-55448.87	883718.7	-32.890778	-2697.8062	-0.6443746	0.30946967	-0.22826587	-2.6750298	0.3294962	0.11422307	1.0755733	0.1271458	824.3524	1931.39546585083
336.0778	39.195213	422.57935	264.9417	346.04156	41.96259	398.1056	266.0574	72.40741	76.7	104000	112.23265	112.23254	1.3441726	1.2844142	0.0010488644	8.35852	1.4557894	14.403068	4.501237	-55137.555	878757.2	-32.07125	-3039.6106	-0.6315448	0.28209952	-0.22293904	-3.0032618	0.33393222	0.11505197	1.3135225	0.13977395	821.4485	1969.879665851593
327.35678	44.983734	463.11844	252.2173	349.42786	46.647163	429.44775	276.9869	72.07143	75.5	106000	113.00118	113.00127	1.3588579	1.3041577	0.0010470015	8.585115	1.5555655	14.306906	4.194453	-55090.137	878001.4	-29.855602	-5308.038	-0.6178193	0.27070045	-0.20846602	-2.2735012	0.33488348	0.11331689	1.1473811	0.13314553	824.71674	2008.408121585846
340.82776	35.935833	402.69806	272.6617	322.00146	59.662476	452.14334	269.4119	74.111115	71.1	108000	113.65302	113.65307	1.4251107	1.3837569	0.0009868365	8.847009	1.5669363	15.70711	4.561002	-54249.754	864608.25	-35.192097	-5065.2134	-0.60379773	0.25895134	-0.20048517	-2.335926	0.32941687	0.112933256	0.9715215	0.1252681	823.7795	2046.9398276805878
334.83072	56.497814	523.8377	250.81119	339.04877	36.74487	393.10526	262.5718	74.14815	75.4	110000	114.07618	114.076	1.4502559	1.4114834	0.0010193209	8.7517605	1.5377597	15.979343	3.6238747	-54541.535	869258.44	-34.3435	-7196.896	-0.5967263	0.25412235	-0.20925914	-2.6271696	0.33288315	0.11192218	1.3276937	0.13715957	827.9514	2085.377218723297
359.13498	66.436874	563.18353	261.8958	345.41083	55.59341	487.4686	267.06024	77.96154	75.0	112000	114.04316	114.042946	1.4793227	1.4349948	0.0009808132	8.843698	1.517432	14.966089	4.599518	-54728.89	872244.6	-35.752045	-10492.13	-0.60190177	0.27596453	-0.21504205	-2.923433	0.33131927	0.11086881	0.8719216	0.1463407	827.74365	2123.7516601085663
331.171	54.833973	417.78906	227.7685	344.10162	31.534523	400.50375	290.35556	72.35714	74.5	114000	114.20511	114.20517	1.5276009	1.4791414	0.0009593543	8.892112	1.548929	17.763353	4.8369174	-54984.69	876321.25	-33.66194	-8640.89	-0.59610295	0.267297	-0.21698134	-2.6056046	0.3274673	0.10527352	1.1463827	0.1412943	828.3981	2162.2057683467865
337.62155	43.168373	467.12558	251.05176	364.7245	55.260975	427.8974	267.33453	73.77778	79.0	116000	114.84783	114.848045	1.5565723	1.5051775	0.0009109626	9.163621	1.527005	17.248667	4.933427	-53845.496	858165.1	-37.07825	-9151.907	-0.57805437	0.25384212	-0.23884624	-2.563338	0.32489106	0.108052604	0.90284616	0.13635087	831.81744	2200.799521446228
357.77875	62.56358	509.8837	244.19388	381.17865	73.37067	537.83563	276.50208	78.08	82.6	118000	115.17958	115.179504	1.5420406	1.5129611	0.0017696394	9.514941	1.5935965	15.168164	4.974375	-48566.97	774039.0	-34.50596	-12642.301	-0.55221653	0.23426759	-0.19889183	-2.4057045	0.32443818	0.11040372	1.1307739	0.1298077	825.81085	2239.2948389053345
375.36755	111.8776	696.287	246.37578	386.67285	67.57643	477.13226	256.0208	81.5	86.3	120000	115.77437	115.77424	1.679055	1.6626158	0.00096391037	9.837115	1.6854966	17.110785	5.01649	-47827.242	762256.25	-28.670038	-31112.809	-0.54907155	0.23250446	-0.18690448	-2.279665	0.32156894	0.10715751	0.8664399	0.13468297	827.0448	2277.8420889377594
368.3353	50.74174	474.0105	259.64508	393.3736	71.65896	508.2485	285.3338	80.69231	87.7	122000	116.01926	116.01927	1.7318923	1.6802641	0.0009333576	10.195299	1.7075323	16.228788	5.101774	-48552.527	773817.7	-18.369638	-34963.03	-0.5500118	0.24411091	-0.21960972	-2.5822709	0.3174285	0.10554799	0.9452672	0.14020228	840.06006	2316.3512070178986
389.72134	48.59836	457.13925	272.95132	392.82986	64.63606	475.21506	289.50882	84.04348	84.6	124000	116.20545	116.20543	1.8345933	1.7991309	0.00095431966	10.436683	1.7440253	17.036625	5.843947	-49055.25	781838.4	-23.602062	-37697.586	-0.55406517	0.22855917	-0.22707944	-2.2764835	0.31812972	0.106931776	0.9642713	0.12678061	833.2921	2354.677592754364
380.95142	80.0615	659.98676	258.92853	345.617	48.563026	428.8773	285.79352	80.28	75.7	126000	116.30352	116.303474	1.8756127	1.843789	0.0009546031	10.422416	1.7327136	16.948792	5.603952	-48713.465	776385.25	-27.076935	-30933.203	-0.5536994	0.21692653	-0.23636548	-2.295571	0.3154134	0.102901995	1.0347108	0.14115445	832.53485	2393.0278553962708
392.6599	83.51376	641.53094	249.92923	363.48642	55.897514	455.7472	271.61295	84.208336	79.8	128000	116.562805	116.56258	1.932963	1.874432	0.001020806	10.27643	1.6981392	17.605637	5.329364	-48936.26	779931.75	-35.992928	-34433.195	-0.57098913	0.24609509	-0.2220137	-2.5747652	0.32985663	0.11516688	1.0588323	0.12224653	837.3674	2431.310579776764
367.44238	76.72491	625.2404	257.94534	362.93536	65.94247	485.6917	261.19315	79.52	77.7	130000	116.81369	116.81388	2.0965056	2.025788	0.0010164166	10.19402	1.7319535	17.73299	4.780083	-47977.98	764656.5	-31.839693	-31694.055	-0.6014281	0.29913425	-0.21812744	-3.5812016	0.32711345	0.1095982	1.2142342	0.13655409	827.8425	2469.7765550613403
392.83377	105.287476	640.3348	252.92285	427.3419	112.55657	646.389	270.64404	84.833336	89.1	132000	117.27407	117.27412	2.0643632	2.0366411	0.0010375341	10.325594	1.7745445	17.191912	4.704585	-47813.246	762039.56	-31.053808	-48443.293	-0.63495606	0.32284576	-0.22165476	-2.8003592	0.33093733	0.11354778	1.0507611	0.12780084	830.1822	2508.2984552383423
384.0813	86.891624	703.39716	270.60782	394.53735	96.71219	566.38336	259.81882	82.666664	86.3	134000	118.00886	118.00908	2.1431973	2.108964	0.0010129405	10.664048	1.8477479	18.85028	5.8113027	-48301.707	769835.6	-31.753275	-53348.434	-0.5909623	0.26855353	-0.2202938	-3.1506343	0.33613873	0.115505904	1.2432404	0.13490891	828.892	2546.881029367447
422.56848	92.619675	640.2492	260.63925	399.45407	95.05833	579.0544	271.48642	89.681816	86.1	136000	118.1851	118.18478	2.4670556	2.4639688	0.001152042	11.139688	1.9044186	18.809181	5.3678017	-51225.16	816536.9	-33.731503	-110185.73	-0.5723858	0.23102763	-0.1953934	-2.1628256	0.33340997	0.12022958	1.3179951	0.12607573	833.5333	2585.51820063591
375.33847	69.7891	547.2596	274.62384	368.44882	63.961903	469.75296	271.4907	82.291664	80.7	138000	118.45146	118.45118	2.428179	2.4816983	0.0013855388	11.790539	1.992009	19.567987	6.5095615	-60699.47	967772.25	-36.216183	-188877.78	-0.5710731	0.25613892	-0.20292373	-2.7314537	0.33106494	0.114470966	1.1319647	0.13089533	833.0745	2623.966817855835
397.65308	88.75906	582.55524	262.90317	359.64404	57.207462	444.39453	264.7029	87.565216	78.8	140000	119.665436	119.66529	2.3031933	2.2840533	0.0011904706	12.036102	1.9975399	20.378601	6.1901054	-61177.215	975320.9	-32.41603	-163890.62	-0.5567761	0.24206592	-0.19685337	-2.6193714	0.31123382	0.10012677	1.1767002	0.12754598	825.6744	2662.455510854721
382.73477	82.84986	554.8961	278.8395	394.6487	73.06931	565.05756	319.6404	83.25	83.3	142000	120.01859	120.01849	2.4246316	2.4369683	0.0011957836	12.237114	2.0384452	22.692537	6.4584055	-66951.38	1067499.5	-31.86871	-185991.27	-0.5503427	0.24969539	-0.2146375	-2.7502866	0.3199909	0.10677876	0.9809811	0.13236637	834.40137	2700.9996824264526
384.4439	87.89546	643.20123	264.3773	378.66565	84.87532	564.8326	251.40977	82.2	81.6	144000	120.3655	120.36466	2.417243	2.476212	0.0012430114	12.744107	2.0486767	20.882032	6.8113165	-75798.7	1208677.5	-32.387615	-229977.27	-0.561728	0.2669334	-0.18498947	-3.4745045	0.316125	0.11082317	1.3656478	0.12853797	838.4151	2739.3645207881927
384.1249	104.98761	626.94666	242.18512	408.3161	42.211193	455.32455	311.80554	82.416664	87.6	146000	120.39988	120.39993	2.5204248	2.5505352	0.0017126284	12.856805	2.1101737	20.817728	6.6939793	-124179.06	1980831.4	-30.419027	-481637.62	-0.53790015	0.23477452	-0.20084454	-3.2249324	0.32385644	0.10979068	0.99539137	0.1303796	828.861	2778.0958580970764
401.01553	90.1071	614.18304	272.541	415.48047	103.29545	639.6724	278.7562	86.391304	88.1	148000	120.969154	120.969	2.4515588	2.496355	0.0014064905	12.615816	2.0427487	20.195887	6.4905257	-111069.72	1771648.6	-32.149006	-391067.1	-0.55247617	0.23320936	-0.22058292	-2.762367	0.32693258	0.11492118	1.0538929	0.13880457	832.199	2816.7827026844025
390.0895	68.58024	603.28076	294.93256	374.90796	72.15886	483.54413	254.30113	84.208336	79.9	150000	121.936775	121.935905	2.4684443	2.468407	0.0013818407	12.76718	2.1672902	21.860188	7.0738573	-111705.52	1781828.1	-32.449646	-382585.56	-0.5621897	0.2488855	-0.19517197	-2.5419014	0.3264248	0.11788243	1.1115092	0.13551185	828.57526	2855.336674928665
394.97128	65.656784	492.10043	254.54439	421.62476	119.0101	695.5714	311.0464	85.21739	89.3	152000	122.48184	122.48161	2.52736	2.5227218	0.0014307919	13.116986	2.169251	21.983368	6.938152	-112356.29	1792139.1	-31.072098	-302278.94	-0.55613077	0.23666488	-0.18438987	-2.4398546	0.32559484	0.119083114	1.1732154	0.13569443	825.0594	2894.0353112220764
417.6535	114.59655	666.3948	282.47577	387.5339	161.23347	843.3136	273.9139	89.17391	83.3	154000	123.07288	123.072845	2.6126273	2.685617	0.0016703331	12.718002	2.144136	21.077188	6.2012067	-107592.32	1716134.0	-36.757275	-359503.6	-0.6095773	0.26798046	-0.20708829	-2.4961643	0.33768168	0.11986875	1.0554999	0.12704848	825.6839	2932.718611240387
402.69205	70.99715	510.3752	264.8412	420.95288	124.877426	690.0929	270.57495	85.08696	88.4	156000	123.50223	123.50192	2.452195	2.4783208	0.001465908	12.542409	2.1317015	21.768276	6.4232135	-88942.74	1418449.9	-36.70614	-267188.4	-0.5779852	0.24789931	-0.20181167	-2.6110125	0.33993945	0.119309045	1.0990106	0.13353404	829.0654	2971.3535158634186
437.25436	104.071266	692.78754	320.6332	408.2088	75.11279	521.02026	322.19858	93.22727	85.0	158000	124.236565	124.23646	2.4528987	2.466041	0.0015207186	12.051775	2.0879018	21.385595	6.111764	-101116.59	1612774.8	-27.881376	-339363.8	-0.59430456	0.25692296	-0.19795315	-2.4055147	0.34430218	0.12400915	1.1208035	0.13659267	825.6399	3010.0370008945465
444.44342	91.64853	702.18823	282.73776	340.21622	42.573376	406.7254	264.34183	94.47619	76.0	160000	124.5526	124.55231	2.431352	2.3963168	0.0014574139	12.587705	2.1029432	22.139214	6.369915	-126600.766	2019696.4	-31.807201	-405921.56	-0.5780917	0.24950193	-0.23269114	-2.252103	0.33893225	0.12820126	1.3085973	0.1410292	823.12695	3048.6207344532013
386.92484	116.16309	685.18427	213.70038	380.0543	80.77763	545.7858	252.53293	83.833336	82.8	162000	125.456764	125.45635	2.5055215	2.4840631	0.0012820284	13.1975155	2.1362374	23.381546	7.1207023	-119773.695	1910835.1	-35.405815	-375444.0	-0.5682056	0.24282499	-0.21150054	-2.0011353	0.3260691	0.120925955	1.4435172	0.13782917	828.21924	3087.349170923233
419.55627	111.66801	646.7007	267.24484	440.29288	86.65668	550.7689	310.57626	89.63636	93.0	164000	125.916756	125.91653	2.6586635	2.6155455	0.0013113328	13.996953	2.2677448	22.398802	7.686917	-146206.08	2333257.2	-32.599243	-592194.8	-0.5585813	0.24335925	-0.22142364	-3.2574463	0.32125396	0.11618675	0.9557141	0.14558217	826.7686	3126.1033210754395
434.06262	137.92435	889.8578	300.17142	393.62704	99.13334	579.76385	311.0905	91.045456	87.2	166000	126.062	126.06174	2.596303	2.5421925	0.0012126499	13.402752	2.1962821	24.053078	7.4908266	-127593.586	2036177.8	-31.468035	-505683.94	-0.5460388	0.22065222	-0.22640401	-2.1546087	0.32512188	0.12324856	1.6664017	0.13467848	829.6928	3164.8060505390167
374.8064	98.4385	592.81116	155.71405	399.78644	94.66923	557.53235	267.88776	82.791664	87.2	168000	126.71789	126.717415	2.693896	2.6443148	0.0012008877	13.436557	2.1482115	22.744059	7.8034596	-134593.31	2147913.8	-28.752851	-577172.44	-0.5334145	0.24048012	-0.17430381	-2.5411153	0.31327465	0.110194564	1.6886176	0.13962986	826.016	3203.489294528961
422.13504	116.45977	667.21893	251.75833	439.95367	83.01981	585.96014	322.72632	90.77273	95.3	170000	127.81813	127.817696	2.7290382	2.7676866	0.0012081582	13.173147	2.1551454	22.635166	7.463789	-128483.11	2050422.5	-27.146753	-531088.8	-0.56445134	0.24481201	-0.1914438	-2.4745963	0.3298504	0.120153524	1.1206483	0.12812474	827.1579	3242.263985157013
435.80713	89.69077	692.2012	327.4871	422.71982	55.70978	557.46204	362.05167	98.4	99.0	172000	128.04874	128.04851	2.9681196	2.9637198	0.0012183464	13.240294	2.185574	23.721132	7.221671	-110135.16	1757560.5	-25.329056	-466287.66	-0.5667068	0.2544563	-0.20791362	-2.7949042	0.3428938	0.13017529	1.270866	0.12519427	817.0706	3281.1056303977966
451.07352	111.46408	677.86774	293.29153	469.34943	111.277954	616.4722	248.55768	94.63636	97.8	174000	127.84707	127.846954	3.0513964	3.058108	0.0011711229	14.169846	2.2861135	21.788733	6.872901	-74757.91	1192537.8	-26.989037	-361403.1	-0.5758087	0.27212957	-0.19610636	-2.9330401	0.33112603	0.12004786	1.3936826	0.12833405	832.5173	3319.863826274872
442.07925	97.07618	689.04083	292.0788	375.99594	71.18363	510.34824	282.36603	93.0	82.0	176000	128.59572	128.59514	2.9062138	2.9519043	0.0010781821	14.350609	2.4203486	25.56505	7.5876274	-61652.684	983094.9	-35.909206	-196393.56	-0.59143984	0.2848926	-0.18570991	-2.9623523	0.31919062	0.11521974	1.2902951	0.12741639	823.5005	3358.5836474895477
403.5048	87.41337	625.6484	256.39853	363.857	95.65166	608.86584	246.83347	86.82609	80.9	178000	129.31924	129.31894	2.9436443	2.9231791	0.0010418112	14.320567	2.2779682	24.015171	7.6692653	-69811.695	1113453.1	-34.15101	-265910.66	-0.570155	0.2863773	-0.20027469	-3.1952653	0.31503752	0.10663753	1.1610954	0.118492104	834.0975	3397.095440864563
394.58105	122.52766	721.7268	249.067	357.39008	77.631386	495.83908	280.34772	85.666664	78.0	180000	130.04112	130.04051	2.9085357	2.9227624	0.0010733934	14.32674	2.3446984	24.279457	7.625943	-78393.34	1250514.0	-35.34949	-364120.06	-0.57264066	0.26594275	-0.20118107	-2.4123533	0.31501153	0.11120861	0.9104452	0.12190521	821.36725	3435.7234609127045
352.0821	113.86877	640.0985	251.03487	355.23932	56.01441	496.0511	294.4115	76.5	78.4	182000	130.3123	130.31232	2.9200988	2.961328	0.0010251234	14.657233	2.417295	23.663403	7.0770645	-66918.625	1067548.8	-36.021084	-390022.66	-0.57912487	0.2402697	-0.2130534	-2.4650805	0.32127193	0.10788104	1.2031218	0.11509547	833.81226	3474.4201216697693
330.97067	51.589565	432.96594	245.53099	366.2259	75.6351	506.48627	258.87753	73.74074	80.8	184000	130.53285	130.53215	2.947912	2.9557104	0.00089964084	15.356283	2.4526474	25.744091	8.343251	-52783.08	841752.44	-31.650093	-255016.12	-0.57209694	0.25586757	-0.20260157	-3.2971063	0.3128355	0.099223316	0.9818941	0.13720426	830.3108	3513.023528814316
356.8942	98.23813	756.99347	254.0425	426.8274	75.99286	588.66656	273.4339	77.57692	92.3	186000	131.15662	131.15654	2.9583905	2.9473712	0.00079558993	15.822611	2.568027	28.518702	8.496939	-49084.805	782632.4	-33.80597	-211810.58	-0.5388966	0.20019676	-0.20166436	-1.7353566	0.3051686	0.10113904	0.90429056	0.12169086	822.4092	3552.3318705558777
388.54764	83.725525	600.0584	252.96342	343.77704	68.5761	516.1341	259.32516	84.0	74.8	188000	131.61693	131.61668	3.0245667	3.0053976	0.0007606854	16.26961	2.6387877	25.23551	8.748887	-47570.152	758370.7	-30.67166	-175536.62	-0.52337015	0.19116734	-0.1933196	-1.659693	0.29804027	0.10174597	1.1736465	0.12058461	826.5479	3590.8610286712646
428.19113	117.99513	738.9163	304.53766	423.24414	82.60643	600.13495	350.70206	92.40909	91.5	190000	132.14886	132.14886	2.997682	3.0134861	0.00074788014	16.649693	2.6107295	27.664698	8.74993	-47323.4	754424.5	-35.97407	-179038.27	-0.5273643	0.21822591	-0.20226827	-2.6740842	0.28802317	0.09390074	0.9195349	0.118685655	832.0961	3629.6483809947968
449.17374	97.29107	666.79535	269.5492	428.97632	57.315956	511.5325	347.71967	96.85714	90.7	192000	132.52292	132.52211	3.1251674	3.089974	0.00075898273	18.367273	4.110649	34.055656	9.373884	-45238.523	721111.25	-34.939312	-150223.31	-0.5590231	0.23440093	-0.20141521	-2.414358	0.31742942	0.12577713	0.97949505	0.123892434	827.83875	3668.5031106472015
460.12964	113.29779	662.86707	270.51007	436.08545	92.14212	642.47656	332.05328	98.35	90.5	194000	133.67616	133.67598	3.2287624	3.23411	0.00076953834	18.871605	3.142226	34.14688	9.838637	-44871.957	715263.75	-35.09523	-168378.31	-0.5955737	0.20711404	-0.23008034	-1.9123014	0.28104943	0.08533049	0.776416	0.115887776	847.5984	3707.1242566108704
456.7074	130.53705	757.51733	262.17944	470.62372	65.51624	608.58777	372.0815	94.09524	98.2	196000	133.54604	133.54576	3.2373903	3.231066	0.00074645854	17.187767	2.7180548	28.127264	9.268983	-43939.887	700365.7	-34.850155	-113155.62	-0.5483292	0.22808175	-0.20479618	-2.375079	0.30038872	0.09132999	0.8167861	0.09590629	835.6456	3745.9268612861633
444.59134	96.84266	641.1323	281.87582	487.86017	82.927505	660.992	390.55618	92.77273	100.4	198000	133.26218	133.26216	3.2928731	3.2528946	0.000743862	16.746891	2.6312153	27.585234	9.130558	-43599.914	694937.7	-30.54353	-125658.35	-0.53485423	0.23739006	-0.20627463	-2.8894286	0.30348095	0.09116058	0.89091206	0.129703	839.4479	3784.747519016266
455.34164	95.38996	625.60956	294.39902	505.43048	128.98103	788.7041	342.14032	93.90476	101.4	200000	133.69962	133.69942	3.294714	3.290036	0.0007635001	16.34219	2.6354911	28.674044	8.876067	-42583.28	678683.6	-30.89685	-75412.99	-0.51558644	0.22053005	-0.18103173	-2.476531	0.31134832	0.1022034	0.95588756	0.13144195	836.2528	3823.552439928055
466.77823	102.039536	710.8404	321.92032	476.94907	105.99808	675.79	383.7476	96.90476	97.6	202000	133.6405	133.6405	3.214604	3.229429	0.000759365	16.400612	2.5672638	27.69999	9.448114	-42059.184	670329.8	-31.41301	-59368.066	-0.5414044	0.24145572	-0.20221435	-2.6695447	0.30254298	0.1017847	1.0239892	0.13457553	836.83075	3863.6314644813538
464.70273	104.839775	701.64325	309.9459	537.3222	109.336754	752.6305	376.76736	96.2	111.3	204000	133.21558	133.21527	3.137209	3.1323183	0.00070742366	16.504118	2.5163887	26.665361	9.48199	-41305.867	658318.56	-28.723755	-54649.363	-0.52195245	0.22727205	-0.17378613	-2.0964084	0.29955506	0.09679406	0.91620225	0.12420697	830.0818	3902.5557854175568
443.8575	120.419044	808.08026	294.94534	550.0597	49.53575	633.4268	474.995	93.318184	109.7	206000	133.55159	133.55173	3.063569	3.0617406	0.00072651193	16.281425	2.447538	26.880014	7.9314413	-41652.793	663856.7	-29.53865	-56699.836	-0.5256236	0.26467228	-0.18651891	-3.1533082	0.29212236	0.09619529	1.0835785	0.12805468	840.0989	3941.3692758083344
515.20447	126.666115	828.72687	357.1977	535.80975	100.487885	712.70197	409.8577	105.789474	112.1	208000	133.71031	133.71053	3.0080547	3.0334146	0.00071185397	15.898279	2.4208772	24.669458	8.786621	-42809.902	682319.9	-28.75448	-123117.84	-0.5305938	0.27498588	-0.17687789	-3.1458228	0.30648565	0.105445206	1.0535476	0.11621269	835.6424	3980.2314331531525
547.4201	124.47032	823.2715	325.5071	502.47397	80.98935	643.2198	415.66846	115.52941	106.7	210000	134.38101	134.38034	2.9900312	3.008877	0.00067879143	16.298002	2.4693644	25.179096	9.403033	-42210.875	672764.25	-28.735165	-119242.234	-0.5373544	0.28788957	-0.18771051	-2.9783597	0.30159897	0.10306539	1.2351558	0.12563436	819.75073	4019.0499489307404
550.95746	97.428665	819.6793	415.33493	428.41608	80.20105	604.9955	350.06143	114.05556	89.7	212000	135.40808	135.40773	3.0051653	3.0326982	0.0006685749	16.660133	2.5188415	28.05153	9.657241	-41287.992	658034.7	-28.92908	-49047.016	-0.51855063	0.24550778	-0.19410686	-2.3227956	0.29513294	0.10259697	1.2076505	0.12541933	824.66187	4057.6605665683746
524.0059	179.1174	1037.8757	321.55252	607.1266	184.25935	1011.82104	412.41992	105.789474	125.6	214000	136.02948	136.03024	3.0422833	3.0456207	0.00064586755	16.82647	2.4948254	25.717844	9.477562	-41209.09	656777.3	-36.789585	-53476.45	-0.4882375	0.20413138	-0.14197797	-2.0773094	0.2918639	0.104185686	1.1096143	0.112970255	832.992	4096.7627947330475
558.4656	98.20798	854.5134	409.60107	539.04407	70.90126	621.60645	377.61758	115.0	113.3	216000	137.08897	137.08861	3.197808	3.209398	0.000657152	17.586477	2.5753033	26.843193	10.340332	-40713.125	648871.8	-31.286377	-62015.957	-0.49564636	0.21081588	-0.1808808	-2.006287	0.28373	0.09112113	0.7489093	0.10974418	827.8366	4135.68016242981
563.8956	88.96003	737.3707	393.57925	511.9214	80.01085	629.8998	384.85016	114.17647	104.8	218000	138.09564	138.09517	3.2864301	3.2922244	0.0005970539	18.66733	2.711777	31.456205	10.772159	-39234.008	625295.6	-32.79959	-44930.84	-0.50852764	0.23466246	-0.16783431	-2.0678883	0.27596682	0.088913806	0.8811943	0.11989489	830.6646	4174.45373749733
500.82477	103.36501	742.3399	303.22525	557.2218	110.193085	849.33154	444.81668	101.7	113.1	220000	138.93835	138.93842	3.3298995	3.350876	0.0005873689	19.103981	2.7084942	30.215876	11.934044	-38391.43	611864.56	-33.35134	-16495.764	-0.50025916	0.24709786	-0.17777368	-2.2961729	0.2665212	0.08681043	0.7748027	0.10895491	852.35394	4213.2457711696625
575.58484	107.45891	773.9242	352.11118	557.85614	136.24619	888.1454	409.89642	116.64706	113.5	222000	139.7851	139.78516	3.4056616	3.3815095	0.0006034976	19.228481	2.6363702	29.9567	10.475397	-37842.35	603113.2	-32.769047	-5281.65	-0.48478013	0.24519676	-0.17681798	-2.4697487	0.2701783	0.08728883	0.7591793	0.10985249	830.9174	4252.151888370514
555.7	146.33885	923.11945	398.3505	570.6078	103.25549	742.66406	408.68878	114.05556	115.5	224000	140.24455	140.24448	3.4537911	3.4259644	0.000578722	18.921202	2.6291354	28.319725	12.066187	-37710.434	601010.7	-30.53638	-5283.595	-0.46704283	0.22278628	-0.1635028	-2.2871892	0.26886615	0.08962308	1.0721022	0.12218503	840.3245	4290.962574958801
558.63586	156.45055	952.7492	387.2753	617.39606	142.39134	810.71185	419.58548	115.70588	120.6	226000	140.5132	140.51326	3.4547803	3.4426632	0.0006084926	18.27961	2.6240168	28.42161	11.091655	-37388.94	595887.25	-32.61394	-6851.168	-0.46421698	0.18619868	-0.1882289	-2.1769705	0.2772064	0.09260644	1.0018365	0.12403239	820.461	4330.082536935806
594.11414	110.99952	826.41077	397.24625	524.49	68.616554	639.95	411.6912	119.0	106.7	228000	141.54523	141.54485	3.5744147	3.570894	0.0006151774	18.792282	2.6896954	29.113665	10.132213	-37263.51	593887.8	-32.182697	-5528.074	-0.4944305	0.22031255	-0.17178874	-2.0467167	0.2798343	0.09023802	0.8648594	0.12093378	833.1528	4368.910451412201
571.9826	147.30379	972.1835	376.83966	549.22015	108.27109	680.15405	370.77228	118.3125	113.4	230000	142.49428	142.4937	3.5877612	3.6087713	0.0005844844	19.25842	2.7248776	30.588703	12.356702	-36887.668	587897.94	-33.1314	-5034.3213	-0.46803552	0.20209178	-0.16795275	-2.0570748	0.27017847	0.087854154	0.73450047	0.118598096	829.4201	4407.775846481323
577.91455	166.33752	821.2406	302.5324	584.1128	59.705326	706.3803	500.62592	117.76471	120.0	232000	143.17612	143.17632	3.6726918	3.645699	0.0005683135	19.8643	2.7908	35.07325	10.435384	-36801.3	586521.44	-26.053177	-5805.534	-0.4530502	0.19404167	-0.17463431	-2.09922	0.26345056	0.083941005	0.7563207	0.111170165	829.1235	4446.798493385315
632.30444	139.39905	879.3214	374.21875	550.4124	187.83655	994.1622	342.0632	126.9375	110.6	234000	143.35648	143.35681	3.8018374	3.7625816	0.00060616445	20.265194	2.8314874	30.04227	12.658512	-36508.934	581862.7	-20.007874	-11714.928	-0.47782016	0.21220402	-0.17758004	-2.0436966	0.264509	0.08537513	0.82282263	0.10004168	839.2308	4485.621112108231
632.7272	137.27365	1043.5022	466.8421	516.36615	125.82536	809.4246	364.90564	125.125	106.1	236000	143.0293	143.02905	3.9922223	3.937837	0.00063456	20.146051	2.7852464	31.19836	11.130395	-36938.133	588707.44	-31.414795	-21594.584	-0.47711542	0.20958562	-0.1734316	-1.6915069	0.2695163	0.09224508	1.0274634	0.1265545	834.05005	4524.418897390366
578.05414	144.29524	893.4662	328.3412	584.3713	97.65389	845.86273	498.38306	116.22222	117.4	238000	142.9631	142.96306	4.02382	3.9385157	0.0006183295	20.303644	2.746834	31.111595	11.290185	-37492.164	597540.3	-29.564034	-26581.31	-0.45652857	0.20694913	-0.14695157	-2.1453004	0.2568498	0.08645023	0.9026521	0.1177025	805.20435	4566.465868473053
537.2278	72.706924	662.023	368.19922	564.3771	204.33905	1029.3655	311.8779	110.72222	114.8	240000	143.38853	143.38826	4.0858855	4.007934	0.0006367063	20.901703	2.969906	32.826584	12.696404	-37393.418	595968.0	-29.732573	-23438.271	-0.4625232	0.20564182	-0.16209643	-2.0578554	0.25840917	0.08561915	0.87821	0.11678468	606.5829	4623.384555339813
575.16833	118.93399	896.5422	340.9481	573.37	136.47171	914.74744	355.1983	119.117645	117.6	242000	143.90413	143.90388	4.091082	4.0406737	0.00059876725	21.174145	2.9542668	33.223408	12.327056	-36430.336	580614.25	-30.212593	-19887.527	-0.4536875	0.19246952	-0.1596507	-1.7970926	0.25457773	0.07957534	0.7700197	0.10777593	556.2724	4682.615102529526
619.33105	202.2695	1259.1545	342.12186	574.427	126.05767	758.99066	395.98538	124.75	119.6	244000	145.17114	145.17114	4.150173	4.140226	0.00064667047	20.692226	2.797289	31.724087	12.826745	-36482.42	581445.7	-35.310734	-17004.777	-0.453925	0.19997412	-0.16915664	-1.9604615	0.268882	0.09317916	0.8016531	0.11480717	551.9033	4741.823270082474
586.62146	114.78881	743.9335	335.71887	587.77374	137.47049	869.1101	395.06937	117.882355	121.3	246000	146.18958	146.18864	4.145049	4.110905	0.0006274135	20.974094	2.845273	31.258505	13.2850275	-35928.84	572619.9	-28.953714	-12736.823	-0.4771524	0.22265832	-0.16326031	-1.9090315	0.2629005	0.0892467	1.0544074	0.11576462	565.4127	4800.895229101181
673.86774	158.01857	1036.9934	484.1045	545.28754	74.16594	690.57196	434.581	135.78572	111.4	248000	147.34618	147.34586	4.165512	4.1115184	0.00067138614	21.069622	2.8522496	32.53405	11.625515	-36659.02	584263.06	-27.026552	-18680.312	-0.48804986	0.22944587	-0.17919274	-1.9117676	0.2641414	0.09556832	1.2705486	0.10944665	542.98865	4860.06075835228
616.3954	107.600586	754.75586	351.70572	574.1056	103.22776	700.1636	353.1998	124.1875	116.4	250000	148.84541	148.84589	4.1448026	4.1208124	0.00069413986	20.958103	2.9524195	32.409607	11.498224	-37673.867	600450.06	-26.617426	-28112.457	-0.49397862	0.23158869	-0.17093258	-2.0398672	0.26650107	0.09038676	0.9965513	0.11136054	542.9461	4919.82990193367
637.5661	159.40044	916.82385	403.06537	631.2157	124.93292	864.8497	455.10056	128.6875	125.5	252000	149.5532	149.55322	4.2414923	4.1864266	0.00070962094	21.11327	2.921798	30.711493	13.218254	-37851.67	603281.8	-34.524963	-27819.035	-0.48079234	0.21606334	-0.17675069	-1.9723842	0.26395854	0.089281194	0.8791707	0.10863532	561.9209	4979.638643741608
680.3171	175.00749	1058.0074	408.07684	736.85815	186.52742	1069.8677	550.4919	135.93333	145.6	254000	150.22081	150.21996	4.334034	4.304082	0.0007227912	21.324028	2.9226735	34.429417	12.492459	-36699.406	584908.94	-28.505375	-24996.041	-0.4604284	0.19778048	-0.16544852	-1.8526585	0.2670454	0.090173244	0.9470169	0.11605847	554.9091	5039.155900001526
626.95734	111.570114	799.49384	364.35107	661.20795	183.62628	1038.2637	295.6774	125.375	130.4	256000	151.82349	151.8235	4.3854117	4.3542256	0.00071992574	21.789	2.9641714	33.651615	13.073023	-36396.77	580083.9	-34.433422	-19941.742	-0.44431424	0.18700872	-0.1664272	-1.7687385	0.2641333	0.086962424	1.1106089	0.112565994	558.07275	5098.389701604843
671.7955	127.19741	912.164	363.14542	749.3346	272.14926	1218.1821	278.84552	134.26666	147.0	258000	151.99356	151.9927	4.983685	5.5200996	0.0006858499	21.921608	2.9908965	37.27648	13.251815	-36354.957	579417.3	-30.200968	-18190.484	-0.44571492	0.19388215	-0.18181202	-2.0706925	0.25704497	0.084998585	1.0014951	0.098582126	561.1273	5157.785220623016
609.0053	172.63898	850.8505	321.1513	753.3351	112.83353	941.1005	575.6414	125.46667	149.8	260000	151.92921	151.92908	4.2507825	4.1831007	0.0006349237	22.225018	2.9011629	31.65494	13.202545	-34448.355	549025.5	-27.38288	-10144.645	-0.44118547	0.18457483	-0.17281438	-1.7965404	0.25008082	0.079785004	0.89356923	0.09937552	547.1425	5219.480682373047
667.60394	150.0801	875.05786	408.42917	749.8208	174.18102	934.995	415.443	136.06667	149.2	262000	153.53456	153.53438	4.313501	4.2258234	0.0006851157	21.959055	2.9779477	34.22101	12.851719	-34264.09	546090.7	-28.705677	-18952.23	-0.44659612	0.20349409	-0.16466086	-2.056209	0.25390422	0.08436746	0.79183406	0.107576184	574.4479	5278.943963527679
731.9333	137.26268	979.70044	529.51776	702.29016	143.64853	970.7084	522.8397	144.5	141.3	264000	154.21164	154.21246	4.4641356	4.405909	0.0006971612	22.403439	2.9834442	34.53949	11.887595	-33555.73	534799.5	-22.702988	-23072.072	-0.43301025	0.19119705	-0.17558458	-2.080972	0.25655127	0.08753893	0.882993	0.1015956	569.39185	5337.996137142181
748.2405	233.5066	1345.9554	450.56226	780.29126	173.88826	1203.5564	537.53326	151.76923	158.5	266000	155.6832	155.68343	4.6080995	4.519902	0.00069707667	22.945154	2.9908385	38.738266	14.810935	-33265.758	530183.7	-21.470585	-33475.133	-0.44373164	0.22359192	-0.15610321	-1.8042794	0.2458624	0.07839439	0.7973981	0.09873679	554.6912	5398.0824472904205
663.05206	91.546844	900.86273	513.6792	808.2256	185.90936	1265.465	624.9306	134.53334	159.8	268000	157.43452	157.43475	4.738751	4.7112117	0.0007589544	23.793434	3.0434296	35.68495	15.718137	-36507.48	581921.9	-29.955662	-71446.23	-0.45675367	0.23795794	-0.16113038	-2.1168284	0.24314776	0.08080123	0.7397745	0.10420161	572.61487	5457.582617044449
691.13654	138.14235	982.1881	454.79236	783.79065	155.13246	1045.9565	538.0766	138.42857	157.6	270000	159.30162	159.30188	4.7887583	4.7610154	0.0006395111	24.159594	3.1747208	36.139473	16.200209	-34566.676	550945.25	-22.730139	-65426.6	-0.4252497	0.20004383	-0.1608884	-1.9798986	0.24334885	0.07907704	0.66864467	0.09829432	565.366	5517.839339733124
729.1977	188.42372	1089.0725	396.91144	677.60364	148.91316	872.22504	441.34506	146.85715	136.6	272000	161.3013	161.30168	4.862307	4.771205	0.00064419134	24.34071	3.077551	38.200237	15.902814	-33786.664	538501.2	-33.236496	-53730.324	-0.42260262	0.18845741	-0.15233603	-1.6857481	0.2431654	0.08081427	0.84761864	0.10905464	565.30176	5577.408234119415
687.37384	117.10529	805.8848	442.45013	724.9215	185.56264	1086.0936	461.4068	137.85715	145.7	274000	162.8514	162.8516	4.916594	4.8478527	0.0006193205	24.534773	3.060411	36.606915	15.582693	-33472.15	533482.9	-25.069042	-33459.77	-0.4058537	0.16934778	-0.15053086	-1.7014731	0.24608618	0.08018261	0.68243873	0.10691611	554.2508	5637.276220083237
755.88684	142.96483	1093.6422	572.7391	810.039	178.44579	1111.7284	503.58237	147.42857	157.7	276000	165.07567	165.07564	4.9426746	4.8303742	0.00057607086	24.536045	3.0384312	34.97577	15.283845	-32835.23	523329.3	-29.02314	-32757.25	-0.39990088	0.17083253	-0.1532848	-1.5495025	0.24693647	0.07984535	0.6990126	0.10996485	548.05334	5700.202050209045
700.63293	57.707405	786.70416	589.3034	872.13245	220.3031	1265.7787	609.5917	139.64285	169.9	278000	166.86957	166.8699	5.0229855	4.9266934	0.0005627	25.718294	3.089566	37.456337	17.205957	-32806.29	522873.16	-32.972637	-44432.242	-0.39383948	0.16158736	-0.15215328	-1.783172	0.23577963	0.07584421	0.7925181	0.10540927	566.6891	5760.2383444309235
714.33234	152.47052	1008.7927	501.2489	704.26245	181.74132	1007.5734	433.5182	142.42857	138.4	280000	167.78911	167.78934	5.1407	5.0451064	0.00056498346	26.60879	3.1463149	39.51784	17.830114	-32561.057	518975.78	-34.835613	-55475.48	-0.40011567	0.1734948	-0.16011943	-1.4682409	0.23250192	0.07987378	0.9100955	0.09846837	567.5976	5819.93541097641
731.4425	147.32654	1133.5564	501.9316	760.85284	137.81215	1085.8966	591.7674	147.57143	154.0	282000	169.07187	169.0719	5.2371216	5.094691	0.0005433776	26.851227	3.16113	40.306164	18.39797	-32663.262	520605.12	-34.741146	-49792.227	-0.37395233	0.15211304	-0.14594534	-1.8415085	0.2254351	0.07327855	0.64674675	0.09725597	565.4127	5879.782096862793
744.3466	172.30194	1125.9717	468.35294	656.21173	105.265236	794.2747	392.4323	149.15384	133.1	284000	168.97055	168.97076	5.235139	5.09595	0.0005897887	27.700277	3.1914005	40.194294	19.262985	-33041.5	526663.25	-32.681973	-77953.484	-0.37779492	0.16712828	-0.15192942	-1.9745128	0.2212717	0.06962672	0.8193874	0.0979953	753.1142	5929.005536556244
734.59375	164.88698	1105.0868	501.23758	777.5124	124.248604	1046.0653	636.9833	145.92857	153.6	286000	167.41794	167.41788	5.3065786	5.1669106	0.0006447241	27.338871	3.148109	38.53213	17.73098	-35197.707	561086.5	-33.88212	-93140.06	-0.3732834	0.14641273	-0.14224337	-1.3610362	0.22579183	0.07291392	0.89223146	0.09690763	545.8235	5989.310968875885
818.0031	239.67363	1353.7148	429.52832	701.15247	80.99294	921.9626	627.92664	167.0	143.0	288000	166.21169	166.21172	5.289963	5.256202	0.00065213727	27.220316	3.1363885	39.727406	17.463434	-36585.8	583283.75	-36.336353	-116998.02	-0.35947898	0.13738313	-0.13004968	-1.2636974	0.22262956	0.06970889	0.7112356	0.09024291	565.6227	6049.220061302185
603.73083	122.53069	902.7402	333.06165	668.0103	127.5961	888.3201	440.7668	124.6875	135.5	290000	165.64919	165.64845	5.3191595	5.2600746	0.0006710698	26.847149	3.1290789	39.044952	16.898397	-36217.625	577395.0	-35.178135	-98492.945	-0.38854757	0.1722251	-0.15050702	-1.6026717	0.22662804	0.071474545	0.74322087	0.1024826	561.3844	6108.784201383591
733.1994	144.80312	1008.34796	506.70956	764.9479	211.59369	1248.4656	449.3341	148.21428	154.4	292000	164.68246	164.68321	5.505032	5.4227586	0.00079151656	28.254879	3.3721535	41.04377	18.106712	-39317.004	626920.5	-35.31284	-162398.6	-0.39613557	0.18344134	-0.13121577	-1.7738065	0.22371522	0.07196909	0.8595803	0.0932148	562.41406	6168.345566749573
645.15546	134.83684	845.5268	371.553	718.4247	195.4242	1123.382	506.46994	131.8	144.6	294000	163.38876	163.38892	5.5606217	5.516867	0.0008021941	27.71691	3.2024536	42.45696	19.481045	-41596.46	663344.2	-37.613186	-183361.9	-0.38528427	0.17308432	-0.1451609	-1.644931	0.22602268	0.07535666	0.79870933	0.098588385	570.68274	6227.978944063187
876.3868	194.98024	1275.4639	599.1249	879.6722	137.70442	1124.3505	624.0207	174.36363	174.5	296000	163.9339	163.93365	5.6212425	5.544287	0.00073986314	27.22288	3.3249087	41.432655	16.581524	-35238.33	561755.4	-37.36016	-113667.73	-0.39108762	0.17102742	-0.14612281	-1.720006	0.2298218	0.0782232	0.78454965	0.09869403	567.0152	6287.688782930374
749.7535	142.99075	1087.8151	537.47754	748.6124	228.70018	1078.6182	400.57074	149.64285	149.9	298000	165.89456	165.89444	5.7141323	5.62314	0.0008266134	26.96423	3.2644057	37.904392	17.642876	-38130.59	607975.7	-36.893887	-175905.84	-0.40584654	0.17372125	-0.15524615	-1.8256027	0.23573309	0.078485355	0.7221447	0.09492128	560.208	6347.6688623428345
852.8939	221.03864	1346.6194	435.09592	748.7786	163.50406	1068.7098	575.42065	172.18182	150.3	300000	167.07048	167.07097	5.745376	5.682005	0.0007924074	28.25038	3.2902155	40.042328	17.944117	-39302.61	626734.4	-38.440605	-177866.22	-0.41209704	0.1963677	-0.136551	-1.904123	0.23120299	0.080457464	0.89325374	0.09426028	570.71564	6406.997259378433
748.9532	224.73128	1102.0287	481.20682	892.1339	163.10736	1108.6599	565.7438	150.57143	176.3	302000	168.0056	168.00525	5.822965	5.745456	0.000785748	27.828642	3.3425186	39.85602	17.543484	-38336.68	611273.94	-39.608757	-115297.36	-0.42545092	0.20882532	-0.15716945	-1.9322804	0.22918859	0.07606347	0.70719707	0.10362087	572.2077	6467.302063703537
775.17645	154.3234	1045.6511	447.86978	939.0834	178.40088	1321.0785	720.1773	153.76923	182.8	304000	168.84625	168.84615	5.717288	5.658588	0.00080294407	27.795294	3.2342322	39.800903	18.74902	-44078.055	703102.25	-37.97289	-207890.12	-0.39057788	0.18422794	-0.15006985	-2.0495117	0.22436322	0.07678875	0.8046217	0.08775431	553.2039	6530.29877948761
759.5068	106.0507	914.20465	515.3364	891.0921	182.32614	1241.5935	584.88074	149.15384	177.0	306000	169.82509	169.82538	5.756624	5.7081494	0.0007738119	28.492807	3.1871896	43.157436	19.165646	-49441.656	788866.2	-38.02799	-247071.8	-0.36917615	0.17051736	-0.14301115	-1.739398	0.21835025	0.07291101	0.6159134	0.08707577	562.1744	6590.337633371353
804.9897	181.79459	1164.3793	552.47424	776.61786	294.73898	1473.9642	521.8639	163.75	159.2	308000	171.6112	171.6108	5.701631	5.6383348	0.0007819027	28.7235	3.2634523	42.04083	18.931063	-50977.176	813303.25	-35.630882	-259368.3	-0.36779535	0.16196196	-0.14434202	-1.5751868	0.22151731	0.07378318	0.7287562	0.0975285	558.22186	6650.035560369492
741.4976	217.9662	1291.787	437.58694	842.7251	190.09225	1067.9714	543.75586	150.92308	166.8	310000	173.08838	173.08871	5.6520476	5.5749974	0.00082270807	28.647778	3.2099504	42.86401	17.777647	-58928.223	940529.1	-36.531902	-375812.34	-0.3590869	0.16440772	-0.13235532	-1.7879614	0.21676919	0.077836156	0.791945	0.09652399	600.05664	6709.044664859772
692.35504	176.53935	987.74805	380.36996	677.04803	246.59196	1110.9375	413.4075	140.2	138.4	312000	173.45609	173.4557	5.862706	5.7621408	0.00084111205	30.346054	3.4590998	43.215908	19.482723	-91625.44	1463463.6	-37.133152	-629755.9	-0.35892206	0.16601467	-0.13546978	-1.9389621	0.21235342	0.06933678	0.63671935	0.09585614	565.04565	6767.433124780655
220.59634	251.76802	1358.8223	96.82545	102.01056	4.158149	108.50436	96.40492	47.11628	22.8	314000	144.45493	144.45564	21.276686	21.577488	0.03507194	34.264347	12.495672	82.05179	4.25571	-2253607.5	35920076.0	-22.365004	-2091801.0	-0.51206905	0.34025243	-0.14434725	-3.3566422	0.297625	0.17704758	2.033504	0.08056112	619.1435	6824.1413106918335
103.88532	9.741038	166.65977	94.58751	161.673	74.83849	294.83765	100.15237	23.869047	37.5	316000	68.22903	68.22877	11.064925	11.301542	0.042826675	26.337843	7.406754	57.68239	7.2342854	-3387241.8	53986936.0	-29.848457	-1938305.4	-0.5153395	0.2740436	-0.15138733	-3.009716	0.33764994	0.17591803	1.6816034	0.116416015	714.20074	6878.92501616478
162.35013	55.821533	321.09875	95.109146	138.14511	33.929623	212.39296	113.93905	37.81132	32.0	318000	79.71418	79.714516	11.595552	11.498442	0.030615887	18.493181	6.299453	33.703716	3.1203125	-3168714.2	50504536.0	-28.219818	-1780829.1	-0.42830247	0.21499273	-0.14405774	-2.7498415	0.31190872	0.14634562	1.237915	0.0916442	671.06287	6934.108523845673
134.85982	19.949825	209.32953	105.007515	120.692764	13.683929	144.05888	105.03447	30.553846	27.3	320000	74.524086	74.522934	5.452715	5.2642865	0.05750541	9.834972	3.1322665	23.14412	3.262463	-5722986.5	91212350.0	-27.6872	-2069771.5	-0.5401305	0.23135152	-0.19939846	-2.129837	0.40823498	0.16403244	1.5264144	0.13603128	684.02924	6989.086957931519
124.79812	16.33866	222.41273	97.52571	114.52749	5.4792805	121.46149	102.18824	28.828571	27.3	322000	64.0684	64.06815	2.286042	2.2320015	0.12996054	3.7645082	1.5781928	9.2068405	0.73583907	-11078169.0	176559940.0	-36.51419	-1815178.9	-0.8902072	0.3859925	-0.28963026	-3.1896946	0.5948354	0.24705955	1.9457325	0.2012724	719.06195	7042.474385261536
127.08441	22.679176	208.26688	99.6768	127.85521	22.37739	174.93225	105.60984	29.014492	29.7	324000	68.06895	68.06915	1.7819854	1.7307932	0.08476103	4.2919335	1.175043	8.675002	0.78593034	-8886698.0	141633540.0	-35.81917	-2036172.2	-0.6485366	0.27912828	-0.20881432	-2.4880855	0.48190406	0.1796886	1.922156	0.1879087	654.70776	7099.0256934165955
127.850296	18.39356	184.09354	104.5426	159.00809	34.786163	261.72568	137.21713	29.397058	35.5	326000	69.48	69.479706	1.6690556	1.600979	0.15973589	2.5456147	0.87046844	7.098065	0.6592098	-12215564.0	194687170.0	-33.54713	-1885100.4	-1.0807017	0.48417637	-0.33152682	-4.773879	0.72457665	0.2934234	2.262872	0.2173127	656.26697	7157.049896001816
161.56096	23.584768	246.8217	119.56279	140.68672	17.644	171.86884	126.068146	35.82143	30.3	328000	70.539246	70.539055	1.4922278	1.4504997	0.15158775	2.5174932	0.7543053	5.4779363	0.56463206	-16459430.0	262323790.0	-30.7403	-1892579.0	-1.0148044	0.42150986	-0.3154393	-3.8643203	0.6568995	0.24687341	1.8414073	0.25273728	689.2827	7211.464917182922
151.05887	34.777443	382.1892	87.340614	172.35616	37.497124	267.96182	140.51985	32.508198	37.6	330000	70.23994	70.24005	1.3220922	1.3471167	0.17715363	2.0978472	0.6339412	4.748158	0.6075258	-22343170.0	356095780.0	-33.835285	-2050408.2	-1.154726	0.48628438	-0.3924474	-4.3347306	0.7262671	0.2667225	2.2219186	0.25113878	708.50854	7265.992545604706
145.47269	16.257193	215.18527	123.05269	148.46352	14.066402	172.30283	129.52286	31.571428	31.7	332000	75.05802	75.05823	1.5389024	1.5216153	0.15707855	2.567491	0.84247893	6.3937874	0.6643526	-16136739.0	257180660.0	-26.552223	-1841037.6	-1.0493207	0.4710923	-0.3262469	-4.3844104	0.67795616	0.24354084	1.8257766	0.19597018	684.62335	7321.287195682526
136.6553	10.01531	171.72896	118.33001	138.02167	2.286269	140.37007	132.10234	29.289856	29.2	334000	75.53704	75.53663	1.6141057	1.5761857	0.19277097	2.249033	0.74231225	5.4533234	0.5785451	-18333260.0	292187620.0	-31.05839	-1593580.2	-1.2874428	0.56951714	-0.33562067	-5.4106984	0.7373717	0.28082296	2.01512	0.22822922	674.9968	7377.121573209763
148.64462	18.316715	202.55069	126.8698	157.7869	16.990509	196.59993	141.10677	32.42623	34.3	336000	78.28314	78.28347	1.6702294	1.6050977	0.16143902	2.5772033	0.8059456	5.8109207	0.70124435	-13723284.0	218716030.0	-25.880465	-1492212.2	-1.0917184	0.4878445	-0.36912635	-5.59292	0.6788363	0.2556437	2.0208554	0.2280943	674.3364	7431.845701932907
180.44727	31.676851	269.956	129.58849	188.08398	17.830383	218.30473	166.73148	39.60784	40.6	338000	83.3714	83.37162	1.8548948	1.7844871	0.1475787	2.9233122	0.86556745	7.48742	0.5233607	-13466801.0	214628370.0	-31.263643	-1533231.0	-1.0079408	0.44228175	-0.33467165	-4.362359	0.6400425	0.23735893	1.9992915	0.20981815	652.2511	7488.332751750946
229.68282	66.57723	437.44617	141.65425	208.60538	32.873234	286.51627	168.5688	49.974358	46.2	340000	81.725945	81.72556	2.002593	1.915191	0.13659705	3.1476188	0.88244677	6.2867117	0.5737617	-12977365.0	206827970.0	-34.194294	-1505703.5	-0.9494191	0.4164948	-0.33380115	-4.3393707	0.6140454	0.25000182	2.1631768	0.20380084	651.2839	7546.011656045914
245.96112	43.114758	340.60666	161.83086	260.37628	48.721592	388.5883	206.1861	55.0	57.5	342000	82.76921	82.76945	2.1163373	2.0533428	0.12519287	3.5934472	1.0077405	8.895079	1.1848692	-9126852.0	145460450.0	-30.859842	-1392119.2	-0.8921716	0.35363737	-0.32027888	-2.9658854	0.5860864	0.22410487	2.2161605	0.22074714	662.87036	7600.488343000412
306.95572	66.85989	490.35498	217.22763	312.77203	61.857315	441.94922	226.95918	68.44827	66.9	344000	90.99181	90.991646	2.7512984	2.7223623	0.07570024	6.2661858	2.3905988	15.198038	1.9053954	-4812325.5	76697880.0	-31.835392	-1437353.4	-0.64175844	0.2722379	-0.18219827	-3.3903267	0.4555182	0.17404972	1.707488	0.1608687	627.8557	7655.748870849609
317.29657	110.13228	656.27655	185.39598	373.55927	107.26525	644.0177	246.03113	66.6	78.7	346000	104.755974	104.75622	4.542309	4.4979057	0.033244576	14.477157	4.214847	29.079372	5.0780835	-2338184.0	37266596.0	-31.693697	-1185388.2	-0.4188023	0.15882212	-0.15998338	-1.3296705	0.32854614	0.11567168	1.0393162	0.115841806	628.4771	7711.639967918396
327.478	104.73865	545.08636	163.14143	346.00458	79.104935	494.50494	223.97823	70.0	73.8	348000	115.3823	115.38137	6.963322	6.8831825	0.010836516	32.625618	7.070074	50.937725	12.4308195	-1160244.1	18494280.0	-25.184952	-1192846.6	-0.29713997	0.10098027	-0.1251961	-1.3983741	0.24377358	0.08246332	0.99689525	0.08875086	604.27515	7768.161311388016
378.07846	112.528694	687.32263	194.35568	342.0721	108.3666	575.67395	205.80481	78.5	72.7	350000	113.26017	113.25925	6.74955	6.7897563	0.010012588	29.734617	6.7851496	45.822792	6.0591416	-1481978.8	23621948.0	-31.18983	-1411009.2	-0.28313562	0.10116815	-0.11329178	-1.0505522	0.22687857	0.082154386	0.8095541	0.09783804	612.64246	7823.873504161835
354.97488	89.01666	613.5196	192.85556	390.82184	149.38687	788.6527	238.9479	75.40741	83.9	352000	100.25817	100.25896	3.8905962	3.924845	0.08324991	6.917891	1.7013837	13.683967	2.4481018	-7905254.0	125991096.0	-27.657927	-1356151.5	-0.6590371	0.2556937	-0.25077245	-2.9579582	0.46367976	0.16477479	1.6913266	0.17112741	583.46674	7883.378318071365
303.6094	104.76022	692.4797	200.12335	323.74576	112.34805	589.1938	212.1122	66.86207	71.1	354000	93.968956	93.969376	3.2564507	3.3308976	0.0936566	6.2301397	1.545085	12.02234	2.343963	-11524165.0	183667620.0	-32.364426	-1618520.1	-0.7078495	0.26884866	-0.25365618	-2.6474154	0.48559374	0.16582891	1.8635621	0.18122108	630.467	7938.228967905045
380.8394	113.193184	608.49225	191.8846	332.3463	43.42548	429.68393	276.44565	81.28	67.2	356000	94.2989	94.29882	3.1247745	3.213054	0.104932345	5.3173847	1.2732617	10.82937	2.0638256	-14778076.0	235526880.0	-27.871544	-1624808.0	-0.7720006	0.28841287	-0.2902138	-3.5789225	0.5243015	0.18669285	1.846921	0.18467182	639.409	7992.596929073334
325.02533	101.07759	682.7455	136.33607	246.83467	78.306595	338.0269	123.594894	64.90323	49.7	358000	96.06321	96.062256	3.3519034	3.4758098	0.10679698	5.460094	1.3371855	10.985088	1.7251701	-18400348.0	293256900.0	-32.041252	-1671170.8	-0.77923465	0.3003417	-0.24942325	-2.9334464	0.52332824	0.17948286	1.754811	0.22782788	633.9474	8046.634432792664
263.51157	77.86943	412.22168	119.39363	285.45667	33.561848	355.52783	228.57344	53.08108	57.2	360000	99.085106	99.08426	3.7731988	3.930945	0.11861825	5.466663	1.4101782	11.159309	1.8364031	-21753034.0	346690430.0	-36.462315	-1587456.0	-0.84606	0.32321772	-0.28986463	-3.049272	0.55227655	0.1909383	1.7924685	0.23052959	694.2186	8097.76317191124
324.1039	94.19091	697.0944	166.74377	340.7118	56.317898	487.17175	283.11606	65.29032	68.0	362000	107.57097	107.57022	4.7748485	4.916297	0.10050929	7.33535	1.6792682	14.860042	2.5682251	-17785072.0	283450980.0	-29.016249	-1522166.5	-0.75546414	0.28788835	-0.28054297	-2.8427124	0.48194477	0.1648595	1.4470612	0.19468053	619.5829	8153.820533752441
243.64034	82.77086	386.07642	99.92624	154.38017	28.233974	191.0363	114.49968	50.425	32.9	364000	111.74809	111.74739	5.809802	5.9531093	0.09158092	8.4377775	1.8903133	16.217674	3.6911352	-16760111.0	267115620.0	-34.253044	-1455434.2	-0.70792395	0.26776582	-0.2754479	-2.258459	0.4608071	0.154572	1.5603285	0.19634464	655.1982	8208.434644699097
250.19476	78.512924	496.23495	110.328705	281.75916	55.23704	368.843	189.6556	51.641026	56.8	366000	106.43008	106.43007	5.635331	5.7655315	0.09359433	7.982869	1.806712	15.45674	2.1548305	-16606015.0	264659660.0	-31.15789	-1550665.0	-0.7175318	0.27409	-0.23881724	-2.8471825	0.47657284	0.16050114	1.6041703	0.19295613	661.3655	8263.017739534378
331.70898	82.29367	654.1548	212.89348	324.35	40.230255	405.59467	274.30664	66.0	63.9	368000	95.470474	95.470276	4.5982666	4.6250143	0.09489605	7.475503	1.6727167	13.327205	3.109973	-18669268.0	297542800.0	-31.924582	-1564992.6	-0.72453976	0.2801884	-0.236028	-2.6736364	0.48127916	0.16412516	1.6040229	0.202457	646.64996	8317.366761684418
394.88055	109.40284	775.79	234.55217	430.5664	73.06127	547.1601	286.74582	78.08	85.8	370000	99.6493	99.64966	4.7605886	4.822289	0.077985734	9.112047	2.0133638	17.185942	3.633038	-14853880.0	236735000.0	-32.946014	-1496348.0	-0.6391029	0.24275962	-0.22592378	-2.5004132	0.43085933	0.14869101	1.5456318	0.17048246	600.47516	8373.847511291504
407.80716	118.008354	812.78107	216.77287	446.15424	115.40146	750.2129	313.39377	82.64	88.3	372000	106.50936	106.50964	5.02105	5.0186734	0.07486099	9.695018	1.889844	16.991	3.2543614	-12534045.0	199762560.0	-32.354412	-1340295.5	-0.6254793	0.22594526	-0.2381287	-2.2702544	0.4244303	0.14379103	1.5096697	0.17079563	594.31726	8430.37784409523
435.2805	129.68883	849.2289	300.05286	357.04376	94.979996	507.33167	200.1729	87.59091	72.3	374000	108.16807	108.16802	5.0554466	4.977347	0.07808269	9.394763	1.909066	17.75621	4.243136	-13984876.0	222885150.0	-30.700394	-1563871.0	-0.6449348	0.22939834	-0.26148957	-2.102747	0.43095118	0.14247584	1.3766981	0.18717858	618.4454	8485.13972902298
