AverageEpRet	StdEpRet	MaxEpRet	MinEpRet	AverageTestEpRet	StdTestEpRet	MaxTestEpRet	MinTestEpRet	EpLen	TestEpLen	TotalEnvInteracts	Q1Vals	Q2Vals	LossQ1	LossQ2	AverageLossAC	StdLossAC	MaxLossAC	MinLossAC	AverageC	StdC	MaxC	MinC	AverageLogP	StdLogP	MaxLogP	MinLogP	StepsPerSecond	Time
-854.3201	930.7434	-107.3483	-2166.3953	910.61414	58.763016	963.63196	810.46967	393.0	1000.0	2000	-6.659647	-6.6585865	0.65064687	0.70364743	0.00012013426	0.00078397436	0.017644603	3.3750857e-06	0.745579	0.23465723	0.9469142	0.057804905	-232.87483	3711.4448	-0.389441	-3.18859	684.1413	29.774916172027588
-392.4491	564.2954	-16.147263	-1565.0396	938.0879	4.517337	948.06525	929.76306	359.16666	1000.0	4000	-13.120345	-13.120223	0.6434583	0.63964576	5.449124e-05	2.9921686e-05	0.00016693589	1.1903081e-05	0.69981825	0.091708794	0.867653	0.5269912	-192.28395	3064.5288	-0.1320283	-3.1306672	584.81323	74.43276715278625
29.407639	112.118454	163.52382	-110.89973	884.09326	34.925476	941.934	847.72284	755.6667	1000.0	6000	-13.847493	-13.84735	0.36039212	0.35792512	6.4388965e-05	2.561142e-05	0.0001901267	2.0247278e-05	0.46389607	0.04435649	0.5741924	0.37925085	-120.830666	1925.7434	0.1411725	-3.3548079	545.6015	126.92378854751587
243.98602	149.5421	382.05215	36.21736	873.9496	5.012525	879.3454	867.1509	694.0	1000.0	8000	-10.758043	-10.757661	0.28075832	0.27755266	8.461336e-05	3.123259e-05	0.00023791115	2.0545118e-05	0.36475134	0.021900062	0.4279128	0.3193687	-58.452644	931.5981	0.35446584	-2.6981683	558.2077	173.4269015789032
569.23926	53.522095	622.76135	515.71716	926.7155	23.881853	960.5448	884.9081	1000.0	1000.0	10000	-6.226397	-6.225837	0.24937008	0.24039847	0.000104532985	4.2970656e-05	0.00037579198	2.054971e-05	0.31799707	0.009484685	0.35091096	0.28800645	-14.7775	235.55118	0.48975328	-2.4249542	614.8805	214.69803023338318
659.1161	47.999725	707.1158	611.11633	793.422	43.747837	902.4105	742.1322	1000.0	1000.0	12000	-0.6884741	-0.6882066	0.2557027	0.24740487	0.00011996193	4.9963128e-05	0.00035161054	2.0857264e-05	0.31062177	0.0074301376	0.33951038	0.2838038	13.923256	221.93826	0.58068967	-2.8361607	594.38837	264.1496014595032
682.16125	49.00833	731.1696	633.15295	922.40125	26.579042	953.7152	880.4833	1000.0	1000.0	14000	4.994561	4.99414	0.27783862	0.27045286	0.0001326626	6.1968814e-05	0.00050704565	2.0836098e-05	0.3161651	0.008039035	0.34387347	0.284908	33.213516	529.3557	0.6524384	-2.6171622	599.4504	311.3672077655792
746.4446	52.408203	798.8528	694.0364	922.2113	25.941023	967.78925	874.1161	1000.0	1000.0	16000	10.3125925	10.3132305	0.2764771	0.26565948	0.0001436249	7.0692106e-05	0.000582374	2.0565476e-05	0.3182046	0.0071746004	0.34187064	0.2984159	48.01437	765.23944	0.6944299	-2.4622512	553.50903	351.6748938560486
764.4224	40.797913	805.22034	723.6245	850.73645	62.190598	925.8138	747.7753	1000.0	1000.0	18000	15.649114	15.649305	0.2791766	0.2688725	0.0001474843	0.00011746396	0.0010743352	2.0778074e-05	0.31865388	0.0077047627	0.34333524	0.29021293	59.309223	945.24884	0.7421974	-2.4181528	570.362	396.867121219635
483.0255	310.69592	717.2597	43.963238	911.79675	92.80529	1165.3318	813.5852	671.6667	1000.0	20000	20.97125	20.971292	0.29584217	0.27834752	0.00015104622	0.000116878466	0.0010312388	2.0747504e-05	0.32318282	0.007743171	0.34850183	0.29879394	69.13518	1101.8492	0.7815675	-2.275845	556.88165	447.5030007362366
853.2157	104.526825	957.7425	748.68884	908.6258	49.837196	946.7503	800.1269	1000.0	1000.0	22000	26.386654	26.386593	0.32903373	0.3170078	0.00016512188	0.000100542515	0.00067099615	2.0921076e-05	0.33170563	0.008485874	0.35902768	0.30391628	75.298134	1200.0704	0.79285294	-2.192152	563.001	491.07099533081055
604.505	335.4349	872.3943	131.51555	927.91406	19.434105	946.41364	883.00037	714.6667	1000.0	24000	31.565037	31.564919	0.3425545	0.32843652	0.00015642057	8.323396e-05	0.000788394	2.1016818e-05	0.3382495	0.008602528	0.3713788	0.3113463	78.754715	1255.1597	0.8074608	-2.133804	593.3894	532.1684198379517
386.51245	320.0199	838.5899	142.07289	906.7116	67.064186	997.7815	755.89606	459.66666	1000.0	26000	36.567085	36.56666	0.41165686	0.4077356	0.00016305548	0.00010678375	0.0022733298	2.0848698e-05	0.34933105	0.009750081	0.38935766	0.3189486	81.502045	1298.9452	0.8181987	-2.0620775	602.4445	580.8569052219391
828.0576	40.644684	868.7023	787.4129	856.7176	269.7513	1011.84717	55.108025	1000.0	906.0	28000	41.274998	41.274918	0.42700842	0.4177369	0.00015847075	7.5305805e-05	0.00054425455	2.0836742e-05	0.3626587	0.008587156	0.39329928	0.33504677	83.755104	1334.8527	0.8274354	-2.12987	544.398	627.2406458854675
842.9601	3.89859	846.85864	839.06146	1009.8301	61.736134	1094.1737	911.42206	1000.0	1000.0	30000	45.86442	45.864132	0.44094723	0.43123618	0.00016486921	0.00011805718	0.0018635752	2.0826728e-05	0.37180334	0.009825699	0.40547714	0.33542928	85.70166	1365.8762	0.8362957	-1.9653502	616.03	666.0324063301086
634.678	392.03183	1031.7141	101.04031	923.9665	332.9875	1271.2626	160.86179	704.0	824.6	32000	50.590927	50.590656	0.47889367	0.46855304	0.0001659498	9.134577e-05	0.0008958446	2.0833333e-05	0.38364244	0.00957833	0.42055932	0.35223308	87.13202	1388.6724	0.8388401	-2.0360236	608.9159	704.9157118797302
467.51294	416.65216	1019.25903	5.23136	1039.2083	228.70074	1247.1183	477.80475	537.0	937.3	34000	55.22125	55.220757	0.5630156	0.5480778	0.00015782351	8.918257e-05	0.00082303595	2.0897996e-05	0.39983475	0.01080418	0.4374959	0.3649673	86.77319	1382.9532	0.8358705	-2.4394531	558.62396	752.3512163162231
679.903	338.267	1040.5171	227.37373	991.28845	260.56982	1243.6805	507.78146	752.0	886.5	36000	59.181988	59.18183	0.5627434	0.541243	0.00016596807	0.000104052386	0.0010330903	2.1264723e-05	0.41271222	0.011552884	0.4514161	0.38139868	86.74204	1382.4575	0.8405047	-1.8996098	595.19214	798.1811378002167
926.7506	161.50061	1088.2512	765.25	1043.6823	188.55318	1320.4362	661.5798	1000.0	1000.0	38000	63.326855	63.326405	0.55198133	0.5346385	0.00016262519	8.472584e-05	0.0007345762	2.134762e-05	0.41888198	0.011074231	0.45925885	0.3854217	87.01595	1386.823	0.8381598	-1.9367342	581.7202	840.6539096832275
1064.2822	5.9313354	1070.2136	1058.351	972.3252	335.21786	1247.6938	71.49597	1000.0	906.7	40000	67.83453	67.833664	0.53482586	0.53206384	0.00015381056	7.6585326e-05	0.0007023054	2.121145e-05	0.41883284	0.010937235	0.45440492	0.38472223	87.202	1389.7875	0.83674073	-2.0408351	605.8149	879.4954314231873
775.2981	74.041504	849.3396	701.2566	989.6966	192.57176	1265.6342	710.8323	1000.0	1000.0	42000	72.32398	72.32326	0.54571956	0.54460037	0.00017302003	0.000107617365	0.0015506692	2.1336933e-05	0.4221789	0.011024564	0.46210533	0.38143256	86.45768	1377.9249	0.8349194	-2.0156894	593.46277	925.8075501918793
686.5487	6.1245728	692.6733	680.42413	882.77997	321.46957	1217.2548	29.306204	1000.0	902.2	44000	76.164246	76.16333	0.52943826	0.5296722	0.00015722353	9.3335046e-05	0.0019531585	2.1517124e-05	0.42237574	0.011655974	0.4670042	0.38831967	86.12722	1372.6582	0.83202267	-2.0548875	555.4005	972.9572393894196
1139.7229	1.2630005	1140.986	1138.46	962.52686	471.923	1351.2512	60.832294	1000.0	814.7	46000	80.19496	80.19438	0.5453617	0.53976184	0.00017136201	0.00011523719	0.0011424887	2.1111071e-05	0.42180574	0.01228389	0.46122512	0.38685954	86.26923	1374.9216	0.8357906	-2.0226855	590.20374	1012.7956416606903
867.6606	145.21252	1012.8731	722.44806	1045.2859	398.0652	1431.7611	95.40978	1000.0	906.3	48000	84.01886	84.01828	0.56635	0.56244504	0.00015525168	0.000137903	0.0025879133	2.1699469e-05	0.4208025	0.012131692	0.46562776	0.38215372	86.7711	1382.9203	0.83583057	-1.8668189	582.92914	1050.8626563549042
824.8555	111.94562	936.80115	712.9099	875.3309	354.25522	1339.3457	105.42437	1000.0	907.7	50000	87.01259	87.01173	0.5777367	0.5786283	0.00016367559	9.22727e-05	0.0011426447	2.190244e-05	0.42313093	0.012899657	0.47513288	0.38041607	87.89493	1400.8312	0.84367365	-2.0084314	596.8448	1091.922364473343
651.67786	352.62857	1041.1324	187.20216	983.2235	474.56018	1378.0516	64.85353	722.3333	816.6	52000	90.32991	90.3293	0.6324121	0.64536643	0.00015708331	8.675169e-05	0.0007320015	2.2022436e-05	0.42517823	0.012627577	0.4688794	0.38271222	89.523605	1426.7882	0.8492185	-1.9065775	573.956	1136.0294420719147
573.1098	445.0127	1198.0192	196.07437	977.41425	439.02393	1445.4977	34.95569	500.33334	902.7	54000	93.58687	93.58612	0.68954575	0.69197226	0.00015145176	6.892338e-05	0.00061042415	2.1902315e-05	0.41980234	0.012588076	0.46526498	0.3725844	93.59362	1491.6531	0.8644576	-2.3723671	558.7009	1185.3499562740326
969.54315	247.25438	1173.5983	621.6025	1120.324	504.40234	1689.2446	72.19657	819.3333	905.9	56000	97.115776	97.11511	0.74702936	0.75412756	0.00016266204	0.00010075608	0.0021049876	2.1741947e-05	0.42168456	0.012913882	0.4688421	0.38225982	94.388466	1504.3217	0.8657404	-2.1345248	578.9636	1228.018662929535
759.70886	74.660736	834.3696	685.04816	1355.6107	526.1334	1715.9677	39.813564	1000.0	903.2	58000	99.91432	99.91403	0.8046432	0.827631	0.00015508448	9.483729e-05	0.002012187	2.1839758e-05	0.42222738	0.013054496	0.4692246	0.37652624	95.618034	1523.9172	0.8681576	-2.0505672	559.86786	1265.4148364067078
914.27106	600.85834	1352.2997	64.66637	1219.1111	473.90775	1730.5955	465.05103	685.3333	1000.0	60000	102.51365	102.51352	0.76501524	0.7910241	0.00016813802	0.00012542288	0.0018681341	2.2376475e-05	0.42413378	0.01360723	0.4818678	0.37959415	96.28995	1534.626	0.87138355	-2.1435227	597.9194	1308.81982755661
820.1111	14.232269	834.3433	805.8788	1180.9065	563.68115	1755.1039	109.61513	1000.0	906.5	62000	105.20468	105.204155	0.8002283	0.8258003	0.00014765203	8.060576e-05	0.0012685338	2.211875e-05	0.4259509	0.013714953	0.46924233	0.37956414	96.903336	1544.4016	0.8730055	-1.9039896	550.66754	1357.0782968997955
1039.3365	347.6881	1387.0247	691.64844	1145.5127	537.84204	1676.9386	82.17619	1000.0	906.0	64000	107.58549	107.58501	0.7754429	0.790398	0.00016053772	8.922124e-05	0.00087906944	2.2617416e-05	0.42921394	0.013227396	0.48316136	0.38310385	96.68516	1540.9246	0.87138253	-2.1133993	548.5439	1397.8121724128723
926.1393	43.34137	969.48065	882.7979	1133.1915	307.25195	1615.4916	786.44507	833.0	1000.0	66000	109.91521	109.91483	0.82107437	0.8346825	0.00017086903	0.00012922059	0.0022637465	2.2446673e-05	0.4338072	0.013405446	0.48422804	0.39481178	96.34886	1535.5654	0.87290585	-1.8348216	582.4222	1436.7625133991241
1066.3147	361.6386	1427.9534	704.67615	1124.5659	224.83063	1470.2245	808.7455	1000.0	1000.0	68000	112.22011	112.21956	0.863956	0.83098316	0.00015119476	7.9831e-05	0.0011642546	2.2656957e-05	0.4310962	0.014316233	0.48734865	0.38471898	98.723434	1573.4094	0.8801157	-2.277003	557.16754	1481.0675702095032
1122.7439	351.0117	1473.7556	771.73224	1032.1104	424.23633	1658.7135	39.872597	1000.0	902.7	70000	114.774414	114.77401	0.82405007	0.8208765	0.00015202013	7.520404e-05	0.00069361017	2.2901124e-05	0.42868683	0.0143913375	0.4776577	0.3803119	100.94194	1608.7673	0.89274096	-2.1525075	544.0549	1528.522710800171
1583.5276	50.062195	1633.5897	1533.4653	1105.7117	188.6449	1572.8424	919.3751	1000.0	1000.0	72000	118.19993	118.1997	0.82305944	0.83507043	0.0001615074	9.177968e-05	0.0015241706	2.249874e-05	0.4281558	0.01459982	0.4980403	0.3798408	103.36268	1647.3475	0.89712274	-1.8875532	581.346	1571.5731427669525
1122.7557	342.4767	1465.2324	780.279	1353.9368	218.98653	1670.7262	1021.7389	1000.0	1000.0	74000	121.64528	121.64452	0.8428009	0.84368443	0.0001745916	0.00012235665	0.0020980705	2.2410091e-05	0.42874733	0.014331633	0.47391424	0.38610244	103.96551	1656.955	0.900396	-1.9986609	620.7611	1610.413326740265
1397.0215	9.026123	1406.0476	1387.9954	1066.7213	103.16365	1287.9536	950.08203	1000.0	1000.0	76000	124.94219	124.94255	0.8628258	0.86062825	0.00018137443	0.00013926023	0.00221821	2.2773567e-05	0.4322822	0.015077849	0.48481497	0.3874961	105.917915	1688.0721	0.9146786	-1.8964956	576.1634	1652.922010421753
1321.7694	74.7854	1396.5548	1246.984	1367.4294	489.183	1752.6511	64.50386	1000.0	903.5	78000	128.65613	128.65582	0.90641075	0.9263265	0.0001583919	0.0001073242	0.0010739507	2.2728136e-05	0.43980467	0.014840606	0.49948135	0.3881082	106.59091	1698.7972	0.91652334	-2.0504527	573.5731	1699.8234643936157
1214.9025	405.57877	1620.4812	809.32367	1503.2886	492.24075	1744.5984	30.466162	1000.0	902.2	80000	132.23598	132.23555	0.9036406	0.910572	0.00015339538	7.525597e-05	0.00082174374	2.314566e-05	0.43870312	0.014601597	0.50348985	0.38344568	108.71445	1732.6409	0.9217626	-2.152182	552.40686	1743.3634996414185
1699.4506	2.6090088	1702.0596	1696.8416	1766.8835	20.450502	1786.3079	1725.9958	1000.0	1000.0	82000	135.83318	135.83275	0.925431	0.93001753	0.00016743504	0.00011007847	0.0021972242	2.343395e-05	0.4418572	0.015090561	0.5013417	0.3916651	110.05723	1754.0422	0.9294579	-2.0237691	626.90985	1781.9156243801117
846.045	701.67957	1744.2683	31.655956	1867.7416	23.227541	1915.4467	1840.078	677.6667	1000.0	84000	139.46991	139.46954	0.9619304	0.9779239	0.0001769625	0.00012940529	0.0021623988	2.317627e-05	0.44490796	0.015470277	0.49845928	0.39450333	111.27635	1773.4711	0.93318933	-1.9368565	611.2923	1825.7570049762726
1724.7056	65.629944	1790.3354	1659.0756	1851.8923	315.14615	1997.5912	909.40765	1000.0	1000.0	86000	143.86055	143.85992	1.0639875	1.0732906	0.00017053616	9.852596e-05	0.0014326074	2.3389712e-05	0.44906884	0.016247142	0.5111031	0.3931949	112.05771	1785.9244	0.93675315	-2.010017	584.0798	1871.166692495346
1328.994	448.80423	1777.7982	880.18976	1942.8701	26.314543	1979.1028	1894.3276	1000.0	1000.0	88000	147.44263	147.44215	1.0673858	1.0844924	0.0001703955	0.00010037818	0.0020279647	2.364822e-05	0.44925618	0.01598168	0.50489396	0.3974021	112.8829	1799.0764	0.93818134	-2.0576248	586.03986	1913.3988478183746
1242.6332	834.6343	1866.8711	62.950397	1942.8894	350.2875	2103.4585	897.33575	681.0	1000.0	90000	151.18295	151.18265	1.1038527	1.1181529	0.00016748664	0.00011862005	0.0023715817	2.3777251e-05	0.45090336	0.016532546	0.50964606	0.39179742	113.36799	1806.807	0.93784493	-2.0659697	528.3425	1962.1348371505737
1382.7462	476.78418	1859.5304	905.96204	2063.4797	38.934456	2105.8726	1966.9462	1000.0	1000.0	92000	154.87721	154.87709	1.2033533	1.217538	0.00015887117	0.000108929926	0.001710193	2.3819854e-05	0.44923046	0.016409747	0.5148237	0.39618108	116.299484	1853.5273	0.9524958	-2.2198267	612.7485	2005.7275667190552
1672.5088	188.0025	1860.5114	1484.5063	1996.0853	21.634739	2033.0625	1966.3074	880.5	1000.0	94000	158.44028	158.44017	1.3851	1.3937056	0.00017183408	0.00011913958	0.0022503263	2.3553122e-05	0.45556968	0.01733173	0.51194614	0.3966282	116.1084	1850.4817	0.951234	-1.9569349	611.57526	2048.05784034729
1898.961	2.2646484	1901.2257	1896.6964	1798.8535	580.993	2015.1844	56.75853	1000.0	904.3	96000	162.82826	162.82787	1.3119102	1.3661797	0.00018157983	0.00012728586	0.0024382595	2.422744e-05	0.46082026	0.018060364	0.5198653	0.4074532	116.3847	1854.8855	0.9479324	-2.2302914	550.7833	2092.7493319511414
1918.7139	17.061523	1935.7754	1901.6523	1870.3721	614.74133	2101.8257	26.849953	1000.0	902.3	98000	167.44481	167.44481	1.3206403	1.350567	0.00016961376	0.000103893326	0.0012571139	2.4031684e-05	0.46817592	0.01867271	0.5418545	0.4085005	115.30251	1837.6384	0.94837415	-1.8543117	625.6549	2135.86639547348
1902.0074	22.855835	1924.8633	1879.1516	2105.6997	21.113804	2140.076	2066.1726	1000.0	1000.0	100000	171.84666	171.84576	1.3044851	1.3301034	0.00017255155	0.0001515235	0.002330634	2.4200377e-05	0.47588876	0.018564824	0.5454808	0.41622153	114.13716	1819.0654	0.94264406	-1.811458	619.87085	2180.5686144828796
1378.0422	592.65875	1970.7009	785.3834	2106.8237	22.970325	2142.9045	2067.7268	1000.0	1000.0	102000	175.92273	175.92242	1.3436961	1.3589263	0.0001868872	0.00016739694	0.0021538094	2.4188499e-05	0.48404723	0.019007865	0.5557087	0.42874146	113.03285	1801.4656	0.94288456	-2.1123219	598.2694	2224.148248910904
2003.7607	11.791443	2015.5522	1991.9694	2224.4917	25.48007	2271.8828	2196.8306	1000.0	1000.0	104000	179.98024	179.98048	1.3248557	1.3445164	0.00019399863	0.00018586224	0.0022149915	2.420538e-05	0.49019694	0.020830126	0.570241	0.4267044	109.58675	1746.5437	0.92828333	-1.7999033	594.3019	2265.9718174934387
1994.9062	26.36438	2021.2706	1968.5419	2125.2007	411.22983	2327.383	895.35455	1000.0	1000.0	106000	184.62749	184.62683	1.4239845	1.4401877	0.00019005897	0.00017849266	0.0022198823	2.4271489e-05	0.49554366	0.021041472	0.5857382	0.42662367	107.60455	1714.9524	0.92128694	-2.334304	580.8966	2312.4997906684875
2081.4043	5.356079	2086.7605	2076.0483	2148.2944	457.063	2359.1792	784.0231	1000.0	1000.0	108000	189.0968	189.09692	1.4724677	1.5047072	0.00016579495	0.0001752683	0.0021840357	2.4523983e-05	0.5041013	0.021331595	0.6029153	0.43947655	104.29943	1662.2766	0.90478766	-2.1086555	612.3055	2356.1280646324158
1762.9736	457.19107	2090.8826	1116.43	2270.8015	20.408274	2303.9768	2246.4524	848.6667	1000.0	110000	193.6317	193.63121	1.406925	1.4556283	0.00017414094	0.00013986768	0.0019637193	2.4792389e-05	0.4973421	0.019619558	0.56588924	0.43552643	106.25219	1693.3987	0.91383624	-2.5163522	597.61426	2395.9308512210846
1775.4274	362.37317	2137.8005	1413.0542	2178.268	452.70728	2410.8362	825.61206	1000.0	1000.0	112000	197.70879	197.70894	1.5006787	1.5600395	0.000168181	0.00015839138	0.0024168475	2.4165056e-05	0.49713838	0.020457681	0.578389	0.42155734	106.96154	1704.7047	0.9125439	-1.8929476	638.7743	2434.9594061374664
2094.2705	0.96984863	2095.2405	2093.3008	2374.978	37.550556	2445.7112	2302.8118	1000.0	1000.0	114000	201.73198	201.73167	1.5625786	1.591545	0.00017905395	0.00016846274	0.0021768766	2.379906e-05	0.50701666	0.02107011	0.5928649	0.44798183	106.055374	1690.2622	0.9165856	-2.0817358	595.3811	2475.583752155304
2129.3958	59.650635	2189.0464	2069.745	2397.3809	25.141666	2431.435	2356.2817	1000.0	1000.0	116000	205.95496	205.95518	1.6026243	1.5884334	0.00016974774	0.00016534634	0.0031548818	2.5249517e-05	0.50816876	0.021307046	0.5763579	0.44902378	106.58204	1698.6562	0.9151248	-1.952424	580.0164	2523.2369561195374
2136.7407	44.580933	2181.3218	2092.16	2196.2222	632.383	2458.1536	302.24146	1000.0	1000.0	118000	210.43678	210.4367	1.6078726	1.6373613	0.00016624792	0.00017126731	0.002446494	2.4805591e-05	0.50483966	0.021589603	0.5924077	0.44209915	107.694626	1716.3872	0.9236053	-1.9987288	567.0087	2567.6785588264465
2183.9653	111.676025	2295.6414	2072.2893	2378.764	29.198593	2425.746	2338.1372	1000.0	1000.0	120000	214.73552	214.73518	1.5352229	1.5386131	0.00016807181	0.00015611881	0.003930062	2.4206918e-05	0.49644348	0.021045882	0.5765304	0.42162657	110.17444	1755.9098	0.93044543	-1.9413996	592.0909	2606.1418857574463
2146.0771	60.439087	2206.5164	2085.6382	2272.5657	366.40604	2444.374	1177.4194	1000.0	953.7	122000	219.56606	219.5661	1.4820149	1.5000205	0.00017995843	0.00013540308	0.0018026404	2.5219424e-05	0.49673635	0.020867737	0.5713557	0.42397684	110.03509	1753.6888	0.9284111	-2.3794832	576.8838	2649.44450879097
2287.6482	1.2338867	2288.882	2286.4143	2147.2039	609.2558	2392.1855	320.85968	1000.0	1000.0	124000	223.91681	223.91617	1.5921577	1.6018342	0.00018341825	0.00015888226	0.0019546207	2.5441754e-05	0.5005838	0.021839688	0.5835826	0.42815295	108.45487	1728.5042	0.92907286	-1.9155858	577.67224	2697.26393198967
2212.5898	38.42102	2251.011	2174.169	1934.2864	913.776	2418.7012	38.096375	1000.0	904.0	126000	228.65047	228.64995	1.5680243	1.5786657	0.00018209562	0.00017802852	0.0022890195	2.5202486e-05	0.5084381	0.021616973	0.58936584	0.42057657	105.92476	1688.1808	0.91428953	-2.1973615	579.4984	2739.760045528412
2211.128	79.419556	2290.5474	2131.7083	1929.1257	914.18304	2482.749	-14.286225	977.0	897.3	128000	233.19359	233.19348	1.753147	1.7685868	0.00016086375	0.00015170187	0.0021307142	2.5469479e-05	0.51106244	0.022897976	0.6100531	0.44558173	106.14576	1691.703	0.9126079	-2.0917544	592.1802	2778.345606803894
1109.8009	907.26587	2236.1306	14.439533	1886.5032	912.6222	2544.4976	320.60297	499.66666	831.2	130000	237.50739	237.50717	2.2880585	2.2481008	0.00018213406	0.00014223004	0.002638267	2.5885654e-05	0.5203601	0.023127316	0.61123407	0.45740622	104.10848	1659.2336	0.90277404	-2.0083742	596.0565	2818.4748346805573
1361.7161	860.9706	2390.7444	505.69113	2346.8796	753.1005	2691.5635	91.28366	619.75	905.8	132000	241.88585	241.88606	2.8442905	2.9109104	0.00017375032	0.000120966666	0.0014640024	2.5132274e-05	0.5296287	0.024938552	0.6588388	0.45677748	103.536865	1650.1241	0.90298706	-1.9601928	561.596	2862.8168063163757
1615.4237	697.0013	2312.425	918.4224	1881.6477	1078.5426	2608.8418	10.999459	1000.0	736.3	134000	245.80669	245.8072	3.0307682	3.1015291	0.00017203283	0.00017943964	0.0024813719	2.4883406e-05	0.5452501	0.0268083	0.71251214	0.4605569	103.16486	1644.1946	0.9037474	-2.2971044	611.601	2905.2807450294495
2218.2998	32.951538	2251.2512	2185.3481	2521.1655	280.2152	2731.1265	1700.3975	1000.0	965.5	136000	248.8303	248.83008	3.0855074	3.2762153	0.00019159574	0.00018670449	0.0024031466	2.5517522e-05	0.56183475	0.027292596	0.7067028	0.48154354	99.35129	1583.4163	0.88866276	-2.1450238	566.7561	2949.085574388504
2192.5386	6.5932617	2199.1318	2185.9453	2597.573	42.34637	2663.08	2530.7175	1000.0	1000.0	138000	251.87935	251.8793	2.7711766	2.965333	0.00016440227	0.00015339348	0.0022031716	2.3682649e-05	0.5560182	0.026312381	0.726648	0.4741942	99.06258	1578.8152	0.8863909	-1.9739407	646.207	2986.06325674057
2325.4868	30.485107	2355.972	2295.0017	2149.1895	896.7038	2655.1018	43.91568	1000.0	903.9	140000	255.22697	255.22649	2.7374656	2.900623	0.00016920072	0.00015151696	0.002314044	2.5255304e-05	0.5513895	0.026662597	0.7700275	0.4700635	99.8064	1590.6693	0.89205945	-1.9641349	602.18066	3025.334612131119
2286.9985	20.915405	2307.914	2266.0833	2647.061	49.61239	2748.2327	2578.2207	1000.0	1000.0	142000	258.55942	258.5589	2.578297	2.6839325	0.00021357308	0.00023557473	0.0028724712	2.5238181e-05	0.557154	0.025864061	0.6969435	0.4834656	97.35815	1551.6508	0.8816608	-2.0082083	583.90814	3071.1132638454437
2337.9395	12.794678	2350.7341	2325.1448	2346.562	772.95874	2658.4224	29.545958	1000.0	902.3	144000	261.94012	261.94073	2.8096979	2.9398487	0.00015669026	0.00013392998	0.0018404194	2.5239317e-05	0.5601786	0.02582478	0.7287503	0.4730689	98.434784	1568.8096	0.8805481	-1.9509301	545.23114	3115.4731464385986
997.34436	853.7736	1851.1179	143.57074	2630.566	41.254063	2702.1643	2584.476	910.0	1000.0	146000	263.9514	263.9513	2.7954946	2.7324862	0.0001744159	0.00016104251	0.0022839196	2.5636074e-05	0.55738944	0.025511257	0.71088535	0.471238	99.8101	1590.728	0.89337605	-1.835784	582.0772	3154.998172521591
2337.8525	20.510864	2358.3635	2317.3418	2491.426	209.99304	2596.1714	1868.5875	1000.0	974.8	148000	266.7842	266.78427	2.7743788	2.9559252	0.00018629627	0.00017984516	0.0022746525	2.5401378e-05	0.5635034	0.026204567	0.7391328	0.4839503	99.349464	1583.3868	0.890522	-2.3553467	598.1236	3198.553282022476
1545.7496	803.1534	2348.903	742.59625	2574.4248	52.40755	2620.0098	2423.937	1000.0	991.9	150000	269.83868	269.83835	3.5802715	3.3501997	0.00017055954	0.0001649094	0.002249418	2.588634e-05	0.5792505	0.02737407	0.7617302	0.49965057	97.313385	1550.9377	0.8794062	-2.1766043	593.1649	3240.368581533432
2268.6396	29.995728	2298.6355	2238.644	2545.6238	378.92715	2732.4375	1418.007	1000.0	955.2	152000	271.69382	271.69385	2.9769936	3.1351225	0.00019511423	0.00020345276	0.0039561624	2.5868609e-05	0.5806306	0.0282188	0.7352616	0.5014601	97.10309	1547.586	0.8820125	-2.0169256	627.2156	3280.278557062149
1543.2954	895.84985	2439.1453	647.44556	2639.5386	35.085106	2708.6008	2586.2576	1000.0	1000.0	154000	273.5613	273.56097	3.1105762	3.0072515	0.00016988027	0.0001726976	0.00217645	2.5273042e-05	0.58746874	0.02939095	0.7339696	0.5143553	95.74334	1525.9147	0.8767611	-2.24756	605.91125	3324.7941088676453
2340.7476	26.851074	2367.5986	2313.8965	2731.7952	64.97064	2837.5366	2586.1843	1000.0	1000.0	156000	276.04947	276.04974	3.2426488	3.3830059	0.00017886401	0.00017529324	0.002185992	2.5752819e-05	0.59050167	0.030380309	0.76105964	0.5071634	94.01098	1498.3048	0.8674936	-2.0605648	608.5031	3364.169275999069
2422.7485	132.94446	2555.693	2289.8042	2712.3364	56.43395	2833.001	2617.9077	1000.0	1000.0	158000	278.85046	278.8509	3.2301762	3.188633	0.0001980789	0.00017832564	0.0023738246	2.6193728e-05	0.59261787	0.028836224	0.7150416	0.50828433	94.0824	1499.4437	0.865435	-2.4942276	604.1935	3406.9177255630493
2345.7422	40.924927	2386.667	2304.8171	2695.1252	83.23312	2808.8408	2521.2751	1000.0	1000.0	160000	281.90482	281.904	3.2289822	3.3739722	0.00019099649	0.00022020386	0.0026734336	2.6604266e-05	0.60363036	0.029387496	0.7590442	0.5172276	88.32455	1407.6783	0.83961904	-1.9649479	584.0119	3450.462217092514
2440.42	66.83301	2507.253	2373.587	2751.3594	82.06657	2908.7153	2648.0186	1000.0	1000.0	162000	284.3854	284.38626	2.8564427	2.8691468	0.00017772845	0.0002205313	0.0027075163	2.5756692e-05	0.6014318	0.028822012	0.76246583	0.51442605	86.94499	1385.692	0.84987557	-2.8278012	618.02264	3490.6240117549896
2454.8735	21.932495	2476.8062	2432.9412	2762.9966	82.65192	2887.4563	2602.1104	1000.0	1000.0	164000	287.51633	287.5163	2.7305284	2.7592406	0.00018517944	0.000197342	0.002278602	2.6563863e-05	0.59292597	0.028234452	0.6988584	0.51305336	88.569695	1411.5851	0.8419957	-2.0909111	610.1118	3535.9464316368103
2461.9448	13.164795	2475.1096	2448.78	2834.2754	40.89503	2907.878	2767.12	1000.0	1000.0	166000	290.90842	290.90942	2.8772113	2.925996	0.00020579225	0.00027244748	0.0023686406	2.6584748e-05	0.5981564	0.0312005	0.720806	0.50973654	86.78354	1383.1182	0.84591955	-1.9867514	575.14	3577.786612510681
2461.5903	54.63452	2516.2249	2406.9558	2579.9841	858.0637	3003.5176	20.055641	1000.0	903.3	168000	294.18976	294.18976	3.0648668	3.0956957	0.00017102981	0.00019375762	0.0022955593	2.7184473e-05	0.60570204	0.030770507	0.7655203	0.50146294	89.4833	1426.146	0.851823	-2.3119078	584.05927	3618.1549990177155
1704.0367	1191.3212	2554.632	19.280975	2938.0303	63.95741	3037.418	2785.5583	673.3333	1000.0	170000	297.40732	297.40768	3.635105	3.299322	0.00020552287	0.0002468563	0.0028862432	2.6545225e-05	0.61390567	0.03359243	0.9757093	0.52818716	88.67867	1413.3218	0.8514285	-2.2276354	608.30585	3664.4099690914154
1814.6307	763.96277	2578.5935	1050.668	2882.9287	33.93437	2935.8823	2823.7546	1000.0	1000.0	172000	298.92307	298.9232	3.378731	3.4383283	0.00015559813	0.00020688931	0.0035758023	2.6121246e-05	0.61793226	0.031150497	0.72653526	0.52745646	86.59484	1380.1115	0.84960485	-2.3342388	620.6738	3703.284994125366
2140.4097	366.18933	2506.599	1774.2205	2885.3313	39.737045	2959.4893	2830.6882	873.0	1000.0	174000	301.3712	301.3711	3.594791	3.5833688	0.00022325884	0.00026911875	0.0026270263	2.6413847e-05	0.6232187	0.032081116	0.86433566	0.5156764	86.609146	1380.3389	0.84105706	-1.9434699	640.3785	3747.4566371440887
2482.069	17.627441	2499.6965	2464.4417	2842.6997	53.11557	2965.316	2770.523	1000.0	1000.0	176000	303.82114	303.82156	3.690178	3.6702633	0.00016646221	0.00019284243	0.0033829357	2.6532321e-05	0.6195584	0.031838607	0.7490246	0.5281635	88.53859	1411.0895	0.8429536	-1.9632936	560.0936	3790.260359764099
1330.384	1009.225	2494.5186	33.197395	2810.4346	60.397903	2884.6519	2673.9097	675.0	1000.0	178000	305.95853	305.9583	4.289011	4.244919	0.00019026519	0.00022160025	0.0026295097	2.6242104e-05	0.622841	0.033963483	0.8390913	0.5116579	90.017685	1434.6626	0.85126543	-2.073692	608.9591	3835.182039499283
1508.718	851.39453	2360.1125	657.3235	2788.3691	36.127316	2840.6199	2710.8855	1000.0	1000.0	180000	305.87845	305.8792	4.789891	4.599821	0.00016832392	0.00023434628	0.0026799457	2.6648904e-05	0.63269675	0.035605893	0.8090662	0.52500165	90.88573	1448.4965	0.85517216	-2.0725493	606.2632	3878.4301764965057
1841.9972	632.3231	2474.3203	1209.6741	2815.1174	52.363014	2910.995	2700.523	1000.0	1000.0	182000	306.55206	306.5521	4.6687613	4.596539	0.00018183103	0.00025610003	0.0030600762	2.6777812e-05	0.62809163	0.03312285	0.7603489	0.5039856	92.756294	1478.3087	0.8653352	-2.076037	628.54974	3924.4337227344513
1738.7358	959.5585	2468.3523	383.0322	2797.468	229.5445	2923.704	2118.365	723.0	976.6	184000	307.78708	307.78735	4.633803	4.543672	0.00018092626	0.00021920563	0.0034383587	2.636191e-05	0.63628	0.035152465	0.78632474	0.5452715	93.16629	1484.8433	0.8598655	-2.19847	585.31775	3967.932590484619
2554.276	8.37915	2562.655	2545.8967	2868.0732	51.053745	2929.126	2746.15	1000.0	1000.0	186000	309.4361	309.43683	4.5861697	4.6267643	0.00016429667	0.00015741949	0.0027368725	2.7781882e-05	0.63476527	0.03401718	0.86673033	0.5388991	95.17748	1516.8969	0.87150234	-2.3879163	601.71173	4011.0117213726044
2576.2002	24.868532	2601.0686	2551.3315	2867.174	47.406303	2950.3608	2762.2537	1000.0	1000.0	188000	311.82043	311.82104	4.5540295	4.4999614	0.00017738111	0.00018275596	0.0028208406	2.6586098e-05	0.62444067	0.03376933	0.75000703	0.51896083	96.196365	1533.1346	0.87321365	-2.0862663	599.866	4056.9880998134613
1132.1372	1445.3547	2577.492	-313.21753	2893.4155	56.256344	2977.0906	2797.4639	1000.0	1000.0	190000	314.73755	314.7376	4.838417	4.5825624	0.00017220416	0.00015308692	0.0026645532	2.6704554e-05	0.62299794	0.033986647	0.77341574	0.524064	97.512955	1554.1178	0.88476086	-1.9828409	613.5559	4095.9372358322144
2645.1055	34.662964	2679.7683	2610.4424	2960.3755	49.81921	3026.5083	2890.2754	1000.0	1000.0	192000	316.87302	316.8735	4.1037083	4.1803093	0.0001632571	0.00014456862	0.0017521009	2.7630496e-05	0.6216139	0.033651285	0.7669	0.533179	96.59281	1539.4536	0.8755393	-2.167496	587.70654	4138.222226858139
2553.4941	71.5553	2625.0493	2481.9387	2950.3726	88.423584	3072.0146	2785.2354	1000.0	1000.0	194000	319.19928	319.1994	4.1308827	3.7583401	0.00016775486	0.0001556614	0.002405451	2.7509197e-05	0.60586065	0.03330837	0.7852207	0.50187504	98.63351	1571.9764	0.88518995	-1.919818	584.37146	4184.859141588211
2502.3997	53.418457	2555.818	2448.9812	2762.8938	531.1873	3017.9717	1177.4127	1000.0	1000.0	196000	321.888	321.88788	4.2407694	4.020625	0.00017180032	0.00018447488	0.0022358303	2.7367296e-05	0.6033008	0.03235339	0.72872627	0.49616283	99.825806	1590.9786	0.883839	-2.24184	598.9889	4225.1828446388245
2627.122	57.22583	2684.348	2569.8962	2690.631	515.9184	3078.898	1461.9492	1000.0	912.2	198000	325.0208	325.02103	4.4233193	3.965807	0.00018428934	0.00024921907	0.0037858784	2.726083e-05	0.6045994	0.0344237	0.81674194	0.49501926	98.31656	1566.9248	0.88670105	-1.9863721	616.9375	4264.9439017772675
1668.2856	955.28204	2623.5676	713.00354	2937.36	49.660244	3020.8516	2878.6975	1000.0	1000.0	200000	327.34128	327.34134	3.8434038	3.7721055	0.00019548449	0.00023480678	0.0041622557	2.7858288e-05	0.6054342	0.03289977	0.8676548	0.5034667	96.00006	1530.0063	0.88148236	-2.354772	599.3261	4309.822118759155
2560.483	25.528198	2586.0112	2534.9548	2202.6262	1125.4996	3027.3938	24.32867	1000.0	902.9	202000	329.4414	329.44107	4.134752	4.0226192	0.00017604383	0.00021803779	0.0032523691	2.8405611e-05	0.6029093	0.035126895	0.74281204	0.49190348	97.83169	1559.1978	0.88100994	-2.1057081	630.7455	4347.902569055557
2054.522	470.83923	2525.361	1583.6826	2515.2231	743.0143	2964.1846	595.50354	817.0	859.3	204000	331.84338	331.8428	5.161144	4.314098	0.00020189746	0.00023658326	0.0031817786	2.7284124e-05	0.60034686	0.035054307	0.82001686	0.5079071	97.4717	1553.4606	0.880404	-2.2380757	620.6014	4387.996586084366
750.8089	890.5483	2009.7871	92.25917	2758.2566	555.3799	3033.1929	1100.4675	603.6667	938.4	206000	333.26086	333.25986	6.1404185	5.724209	0.00018023903	0.0002523	0.003038359	2.719148e-05	0.6072213	0.036267206	0.82640916	0.49865827	98.312485	1566.8605	0.8873743	-2.0843515	582.2185	4433.521983623505
2608.459	48.314453	2656.7734	2560.1445	2955.086	51.942364	3054.0518	2891.7908	1000.0	1000.0	208000	334.7469	334.7467	5.96471	5.522585	0.00018374925	0.00024434502	0.0037776283	2.8156719e-05	0.60839564	0.034847546	0.7676133	0.5189742	98.05897	1562.8201	0.8848235	-2.3350716	612.8331	4477.297219514847
2619.1592	52.57385	2671.733	2566.5852	3010.5415	44.26186	3070.6416	2921.2551	1000.0	1000.0	210000	336.90393	336.90417	4.742811	4.6702704	0.00021451527	0.00025112243	0.0039841407	2.8590666e-05	0.5986333	0.035815272	0.7583217	0.50419974	97.93762	1560.8855	0.88123953	-1.8041606	626.62976	4518.557447195053
2606.6042	67.190186	2673.7944	2539.414	2789.387	687.2994	3108.8267	731.7197	1000.0	1000.0	212000	338.79306	338.79306	4.4113445	4.161858	0.00019229055	0.0002826142	0.0039757714	2.5668769e-05	0.5930507	0.03661137	0.8983431	0.4675191	95.15333	1516.5114	0.88476855	-1.9694923	585.147	4565.87803196907
2619.3972	92.07373	2711.471	2527.3235	3015.0532	63.38501	3117.3582	2872.1887	1000.0	1000.0	214000	341.0063	341.00638	4.666557	4.623969	0.0001723883	0.00021251844	0.0029871978	2.6695012e-05	0.59358335	0.034532912	0.8158976	0.48684984	94.747665	1510.0464	0.86934185	-1.9387265	595.23956	4608.432339429855
2124.5073	419.79733	2699.4375	1708.8387	2771.8684	714.2521	3056.9424	631.5879	890.0	1000.0	216000	342.77377	342.77313	4.4014006	4.1275353	0.00016222974	0.00018986523	0.003904305	2.839283e-05	0.59102124	0.036075205	0.7992057	0.48888558	95.77964	1526.4932	0.8796962	-1.870035	585.6265	4648.451694250107
2725.641	8.554443	2734.1956	2717.0867	3008.5598	32.75588	3072.1943	2951.8035	1000.0	1000.0	218000	344.73233	344.73206	4.8152966	5.1421127	0.00021522798	0.0002732797	0.0027490498	2.7995726e-05	0.59924644	0.035938583	0.7970729	0.47444543	94.47629	1505.7214	0.8767923	-2.0089138	647.15326	4694.877108812332
2647.1797	25.751587	2672.9312	2621.428	2789.397	912.06537	3139.989	55.136803	1000.0	903.7	220000	347.07104	347.07104	4.9266787	4.60921	0.00018569508	0.00020357598	0.0027526657	2.7233438e-05	0.60624427	0.038823325	0.93565065	0.4935433	95.58776	1523.435	0.8733052	-1.9728262	610.2301	4735.931239366531
2629.4873	50.541504	2680.0288	2578.9458	2807.426	703.99286	3084.1763	697.8883	1000.0	1000.0	222000	349.1767	349.1749	5.238132	4.9005976	0.00020041825	0.000261691	0.0040322994	2.8312037e-05	0.600704	0.039648008	0.92767704	0.49453163	96.722534	1541.5205	0.8808875	-2.2519412	644.2471	4772.912642478943
2641.375	65.503296	2706.8782	2575.8716	3043.06	47.21963	3131.3276	2981.7449	1000.0	1000.0	224000	351.3505	351.35007	4.503991	4.2446494	0.00016245696	0.00018793289	0.0023731892	2.8660676e-05	0.58251137	0.037205134	0.8611848	0.48889494	100.94816	1608.8661	0.89632046	-2.2152002	587.1516	4817.728254079819
2680.3755	17.591187	2697.9668	2662.7844	3012.8787	36.219097	3098.2295	2965.6387	1000.0	1000.0	226000	353.7165	353.7156	4.9745207	4.689223	0.00019497589	0.00024982676	0.0031233735	2.837936e-05	0.59167504	0.03749484	0.8405119	0.4801075	99.32372	1582.9769	0.88994527	-2.224502	617.4415	4863.937906503677
2287.056	441.8852	2728.9412	1845.1708	3088.4915	53.4963	3174.6606	3006.337	1000.0	1000.0	228000	356.0469	356.0476	4.6076975	4.4601073	0.00018121133	0.0001939545	0.0023823546	2.7692211e-05	0.5832298	0.03518218	0.7732892	0.47697482	101.34336	1615.165	0.89287657	-2.189136	608.7061	4903.105604171753
2720.8784	21.445923	2742.3245	2699.4326	2796.7483	689.9834	3100.7312	729.49335	1000.0	1000.0	230000	357.84415	357.84354	5.137284	4.62774	0.00021307112	0.00027848862	0.0032314428	2.878753e-05	0.5949055	0.039394625	0.88187295	0.49272507	97.95135	1561.1046	0.88829845	-2.0454037	590.0989	4941.223227024078
2649.0847	82.72925	2731.814	2566.3555	2745.4001	911.4972	3119.756	13.736699	1000.0	901.5	232000	359.794	359.79327	5.0196414	4.72097	0.0001926045	0.00029902326	0.004349176	2.810877e-05	0.59552556	0.036151517	0.7719135	0.48978004	97.28189	1550.4357	0.8824705	-1.8479531	609.2084	4983.009778022766
2659.7114	22.934692	2682.6462	2636.7769	3107.9617	28.502605	3138.8823	3044.119	1000.0	1000.0	234000	361.76727	361.76675	4.448839	4.3671083	0.00018656965	0.00023542867	0.002591687	2.8278422e-05	0.5942186	0.035684705	0.85484713	0.48747236	98.6656	1572.4888	0.88442314	-2.2010422	618.25824	5030.3206107616425
2744.9558	11.937744	2756.8936	2733.018	3139.843	29.830118	3201.2788	3101.868	1000.0	1000.0	236000	363.92526	363.92456	4.520326	4.6084647	0.00017321201	0.0002482736	0.004103391	2.9209046e-05	0.5830558	0.03441774	0.7139846	0.45915666	99.609856	1587.5372	0.89473	-2.023688	596.58813	5072.244168519974
2124.2546	622.33514	2746.5898	1501.9196	3130.4963	34.014805	3161.5132	3069.2666	1000.0	1000.0	238000	366.14474	366.14563	3.9922702	4.0548697	0.00019884706	0.0002564666	0.0030250186	2.928756e-05	0.5665963	0.03225315	0.7305688	0.4598545	104.16622	1660.1536	0.9100124	-2.1490145	601.5314	5109.336916208267
2137.6704	492.7199	2630.3904	1644.9506	2942.1235	583.826	3179.6023	1195.7102	793.5	1000.0	240000	367.562	367.56177	5.276276	5.224707	0.00016531064	0.000214127	0.002911204	2.876348e-05	0.5775441	0.035297174	0.7427815	0.46709245	99.9602	1593.1202	0.89089304	-1.9545598	614.5125	5151.2807466983795
2775.6863	37.584717	2813.271	2738.1016	3173.6252	60.527267	3246.0793	3069.2004	1000.0	1000.0	242000	369.98642	369.98636	4.635844	4.703058	0.00015999783	0.00017936339	0.002580157	2.7817354e-05	0.5737008	0.035282448	0.8418869	0.46884546	105.23716	1677.2216	0.9175745	-1.9860193	567.1343	5198.684891939163
2769.5093	7.857544	2777.367	2761.6519	3074.8306	60.702183	3167.128	2953.0195	1000.0	1000.0	244000	372.3204	372.31985	4.344447	4.5392656	0.00018134424	0.0002121196	0.0024240084	2.848565e-05	0.56957006	0.037632696	0.86980474	0.46761686	105.87575	1687.3994	0.91856396	-1.9683101	588.369	5240.890871524811
2799.5583	63.582275	2863.1406	2735.976	3086.6165	55.2263	3174.7961	3010.7795	1000.0	1000.0	246000	374.05353	374.05447	5.048985	4.593785	0.0002177891	0.0002966808	0.0032177898	2.8286584e-05	0.5758794	0.038987555	0.92520416	0.47110683	104.560585	1666.4395	0.91895485	-1.83292	619.24426	5278.36075258255
2194.0278	590.489	2784.5168	1603.5388	2821.7065	938.31573	3182.9944	8.540544	1000.0	901.4	248000	375.886	375.8863	4.8912	4.875674	0.00016901306	0.00019782054	0.0025867987	2.8876482e-05	0.5739876	0.040211786	0.84357804	0.4736066	106.58214	1698.6576	0.91631114	-1.9269879	599.725	5319.656863212585
983.3244	1035.083	2420.3828	23.459885	3104.4692	38.396267	3177.4858	3052.1677	677.6667	1000.0	250000	376.36603	376.3648	4.741461	4.716899	0.00018863237	0.00022106062	0.0029748008	2.8488339e-05	0.57148874	0.0347955	0.76435494	0.46393985	107.08231	1706.6298	0.9151176	-2.122133	628.7723	5366.603635787964
1153.7683	1307.2917	2800.1687	23.233028	2869.1067	952.7232	3230.7974	11.78927	430.0	901.7	252000	378.13248	378.13165	6.9004755	6.977579	0.00017527465	0.00020778098	0.0025082473	2.9353676e-05	0.59198594	0.04308142	0.89795476	0.46754712	105.7889	1686.0155	0.9103865	-2.1269114	599.8113	5409.05718588829
1961.726	736.5646	2698.2905	1225.1614	2835.6326	939.9407	3219.5703	20.05724	733.5	903.7	254000	379.38443	379.38412	6.3172584	6.382998	0.00016856178	0.00019070457	0.0025366505	2.9266706e-05	0.5927506	0.039968345	0.8993481	0.48526615	109.212975	1740.5863	0.93324864	-1.8625548	616.6091	5447.883405685425
2765.144	110.25574	2875.4	2654.8884	3139.281	57.738373	3190.6963	2996.883	1000.0	1000.0	256000	381.14203	381.1417	5.9923534	6.187721	0.00016685105	0.00020830243	0.0028756552	2.688183e-05	0.5934654	0.040701695	0.8789509	0.47720605	108.57538	1730.4247	0.93148446	-1.9327669	641.68866	5486.227279424667
2131.854	458.52618	2748.7722	1650.397	2857.1685	948.4077	3280.7607	17.248224	787.0	901.5	258000	383.0487	383.04764	5.5708117	5.41366	0.00020685808	0.0002339743	0.0035855104	2.8909091e-05	0.5927867	0.038545556	0.89367926	0.48297462	108.51735	1729.4998	0.9255898	-2.067058	597.79	5528.56901550293
2653.118	8.647217	2661.7651	2644.4707	2864.0325	951.6819	3254.239	11.676234	1000.0	902.1	260000	384.40845	384.4077	6.3798513	6.201937	0.00018986403	0.00030337187	0.0047387844	2.8752629e-05	0.5978538	0.038947564	0.7973224	0.4954775	106.66619	1699.9974	0.91595453	-2.0376115	558.0948	5575.962885379791
2783.134	49.23535	2832.3694	2733.8987	2867.4243	953.04504	3243.9937	10.938987	1000.0	902.4	262000	386.4814	386.48077	5.19925	5.182543	0.00019852865	0.0002584918	0.002906629	2.8748775e-05	0.5962143	0.038109254	0.78287566	0.49264145	106.09721	1690.929	0.9131514	-1.9065347	624.7985	5619.250707864761
1712.2261	609.6911	2321.9172	1102.535	3221.9688	46.842316	3298.3887	3120.3567	923.5	1000.0	264000	387.11014	387.1089	6.107259	6.1498656	0.00018164245	0.00025085692	0.0026117733	2.8734095e-05	0.61411786	0.038043402	0.7938248	0.5029971	103.7608	1653.6927	0.9059918	-2.1069934	601.624	5659.473694086075
1785.0911	1170.602	2955.693	614.489	3249.0093	38.735912	3344.474	3193.7332	1000.0	1000.0	266000	388.0787	388.07693	6.775759	6.168956	0.00017502106	0.00020445551	0.0022902614	2.8619415e-05	0.6193975	0.041537322	1.0516299	0.51686394	105.03064	1673.9304	0.9049819	-1.9869347	610.4993	5698.0973789691925
2846.1519	58.186523	2904.3384	2787.9653	3245.0732	52.46051	3311.5322	3133.8484	1000.0	1000.0	268000	389.79697	389.79614	6.258775	6.235834	0.00016986078	0.00016576824	0.0024903638	2.8346234e-05	0.61767125	0.04033936	0.90637577	0.49607712	108.767075	1733.48	0.9296773	-1.7789237	602.53906	5740.144675254822
2938.0684	7.065796	2945.1343	2931.0027	3183.5894	44.977192	3267.6392	3127.9404	1000.0	1000.0	270000	391.87384	391.87204	6.160728	6.0579047	0.0001665037	0.00020225302	0.0022727926	2.7960055e-05	0.6119963	0.039205223	0.8551119	0.4886059	111.32205	1774.1998	0.9339962	-2.0690174	638.9361	5784.363812685013
2823.8352	48.723877	2872.559	2775.1113	2943.3755	756.8879	3285.9155	676.1949	1000.0	1000.0	272000	393.8716	393.87082	5.8548465	5.6635976	0.00026496808	0.00035869464	0.0033587278	2.8412755e-05	0.62786025	0.041894067	0.8322276	0.49570623	104.13943	1659.727	0.92514235	-2.4083252	621.83636	5828.677571058273
2822.4868	46.67932	2869.166	2775.8074	2576.2495	1315.7133	3311.5188	-123.04493	1000.0	902.0	274000	394.85156	394.85132	6.6012397	6.469396	0.00015439524	0.00021579601	0.0023190763	2.93208e-05	0.6405352	0.03999862	0.8310172	0.5275467	100.03725	1594.3485	0.8931069	-2.0990624	649.51196	5863.290394067764
2867.9102	9.970947	2877.881	2857.9392	3177.3455	26.061659	3225.2434	3142.0422	1000.0	1000.0	276000	396.27383	396.27377	6.219717	5.9930344	0.0002069944	0.00027353858	0.0029963877	2.9392768e-05	0.6318441	0.039743528	0.9309815	0.5129149	100.841125	1607.1605	0.8940059	-1.8990397	624.6956	5903.676700592041
2823.0266	117.96948	2940.996	2705.0571	3182.0132	47.154728	3264.5874	3109.0967	1000.0	1000.0	278000	397.7488	397.74866	6.5823717	6.374217	0.00020591001	0.0002580827	0.0029909424	2.826695e-05	0.6453188	0.043566346	1.0041958	0.5399885	98.32126	1567.0001	0.88745034	-2.2249048	601.04987	5950.836175203323
2784.9731	9.257202	2794.2305	2775.716	3199.84	36.92229	3246.5825	3148.1882	1000.0	1000.0	280000	399.2178	399.21686	6.4765234	6.100012	0.00016542902	0.00021892744	0.0025138706	2.8908316e-05	0.6573839	0.044909015	0.99607676	0.51852643	95.65844	1524.5623	0.8815205	-2.0676553	628.4164	5996.066426992416
2810.3237	19.537231	2829.861	2790.7866	3203.9365	26.262728	3249.5845	3157.2634	1000.0	1000.0	282000	400.54364	400.5416	5.8692017	5.861163	0.0002289856	0.00027449665	0.0030831895	2.8538052e-05	0.6426167	0.04176875	1.0002263	0.5290904	94.58983	1507.5309	0.8772337	-2.375964	614.57935	6035.803238153458
2786.087	41.84143	2827.9285	2744.2456	3174.6177	34.869656	3227.7322	3127.4834	1000.0	1000.0	284000	401.69394	401.6938	6.2179894	5.8989573	0.00018600636	0.00023226601	0.0028375597	2.9224146e-05	0.6497385	0.04355096	1.0180175	0.54270995	92.8739	1480.183	0.861494	-1.998367	623.1669	6075.616656541824
2673.042	25.826294	2698.8684	2647.2158	3209.2283	33.877174	3253.0903	3148.331	1000.0	1000.0	286000	403.217	403.21594	6.5194426	6.186547	0.000236039	0.00034025527	0.003771513	2.878578e-05	0.66279614	0.043323074	0.9201406	0.53833866	87.74236	1398.3997	0.85533893	-2.0383983	636.8313	6119.385249376297
2773.401	5.220825	2778.6216	2768.18	3185.5664	24.00882	3215.9368	3131.5754	1000.0	1000.0	288000	403.7926	403.79346	6.178056	5.961004	0.00022318772	0.00034263785	0.0039422624	2.9944218e-05	0.6710835	0.044566303	1.0047034	0.54395086	83.82467	1335.9613	0.8335668	-2.2384534	568.83124	6165.094466924667
1509.6304	971.7783	2481.4087	537.8521	3137.7642	44.476395	3236.2036	3072.5076	961.5	1000.0	290000	403.05276	403.0525	5.9596677	5.8816557	0.00018679137	0.0002765234	0.004133922	2.957492e-05	0.6595095	0.0456503	1.0318604	0.52961385	84.848045	1352.2715	0.8370103	-2.7808015	548.66626	6208.260677576065
2768.0608	45.573486	2813.6343	2722.4873	2875.87	948.98175	3220.951	29.837683	1000.0	902.7	292000	404.1037	404.10526	5.534668	5.500286	0.00015704677	0.00018416198	0.0024002935	2.947814e-05	0.64046144	0.04135314	0.9339296	0.5279597	90.203384	1437.6215	0.85595864	-2.3894453	621.2032	6247.163284540176
