AverageEpRet	StdEpRet	MaxEpRet	MinEpRet	AverageTestEpRet	StdTestEpRet	MaxTestEpRet	MinTestEpRet	EpLen	TestEpLen	TotalEnvInteracts	Q1Vals	Q2Vals	LossQ1	LossQ2	LossAC	AverageC	StdC	MaxC	MinC	AverageLogP	StdLogP	MaxLogP	MinLogP	StepsPerSecond	Time
1.8408514	5.712509	22.721222	-8.954804	-5.202792	0.053637516	-5.080265	-5.2745233	20.329897	6.0	2000	-0.575101	-0.57673824	0.043625765	0.0526474	0.00011396836	8809.452	4733.27	18079.492	763.5684	493.28308	581.2361	3831.482	-9.117778	3845.542	10.273003578186035
2.2141635	5.946625	28.465338	-8.6699505	-3.375805	0.18978995	-2.9203665	-3.6035032	20.14	8.0	4000	-3.2944903	-3.2941172	0.3512986	0.3567496	0.00026007107	15017.62	4886.3965	26984.418	5631.3857	451.93658	446.59308	2943.378	-7.0912905	4143.703	22.649129629135132
2.245847	5.8107862	22.29372	-11.064253	-5.3948274	0.1486683	-5.144264	-5.610998	22.066668	13.2	6000	-6.590394	-6.5898547	1.3643771	1.3884666	0.000316126	24813.396	6413.9424	43845.88	11957.168	292.85696	207.07443	1659.2313	5.043018	4415.8057	35.01253414154053
2.0108707	5.261457	23.637625	-7.3653884	26.946436	3.9622025	34.965714	22.98424	19.307692	39.3	8000	-4.07603	-4.0764947	0.74888575	0.7645706	0.00032101947	16753.746	7619.0034	36716.516	5505.022	1151.019	1094.4227	10051.872	16.915627	3931.688	47.211615324020386
1.058003	5.4144998	22.60533	-9.475623	2.1419983	0.5341878	2.7780604	1.0683483	19.38835	38.7	10000	-0.75244296	-0.75268024	0.110545866	0.11425723	9.947373e-05	8683.816	2224.5178	14239.051	4836.2603	1327.7935	1042.9636	7915.256	51.653122	4067.2593	59.915778398513794
-8.791385	35.446068	88.09128	-92.24686	-10.668347	4.5120106	-4.2912464	-15.656063	68.793106	69.4	12000	4.6717095	4.6717978	0.5355575	0.55117124	-0.00030875328	16927.592	2966.5273	24064.23	8725.757	1304.8096	929.10675	6498.2383	41.57414	908.0881	75.49368500709534
82.545235	101.59818	391.26416	-16.584524	79.36242	19.28165	109.25142	53.097763	165.58333	192.8	14000	5.9338026	5.934186	0.68286556	0.7020154	-0.00038461143	16908.06	2375.5413	23949.814	11526.919	679.37976	554.31976	3818.2134	-2.4099922	841.2091	93.74985146522522
61.91475	6.8841586	73.69951	53.819744	88.18249	18.243788	121.42516	70.12794	175.0	202.3	16000	6.972571	6.9730444	0.6193729	0.61153054	-0.0003841219	19776.48	1776.1837	26040.545	14245.083	1578.8815	1645.1547	12901.03	-1.7675438	880.6474	111.71389412879944
115.67436	98.410446	405.1794	57.745846	103.7502	42.928467	214.39536	63.569065	205.9	218.0	18000	8.685213	8.68607	1.0280563	1.0157179	-0.00036728388	25957.328	3318.9373	37602.164	17692.29	2096.096	2322.4055	13902.943	6.649295	747.42285	131.65293669700623
85.903885	13.0746975	108.79222	65.3515	167.23567	119.00264	375.58524	63.59071	199.7	210.1	20000	10.840363	10.841124	1.1477079	1.1466179	-0.00038208402	31017.14	3014.696	44708.21	22542.377	2492.4517	3001.3213	19510.867	5.595048	974.0781	149.69804286956787
160.54475	102.22829	306.6243	70.357574	85.74065	28.601948	160.17638	52.26718	142.71428	199.4	22000	-1.1987896	-1.1971873	3.4551165	3.4182303	7.713606e-05	44529.11	23038.426	104619.37	18010.172	2234.3652	2605.6072	17623.566	37.9712	789.74414	168.57278609275818
75.02487	16.452074	99.41125	54.01299	210.906	68.09273	273.15857	75.31847	188.33333	329.8	24000	4.7887554	4.7881002	1.6224624	1.6323353	-0.00023886691	28043.62	3672.354	39095.38	17415.818	3380.8767	4028.8782	36945.758	18.304956	955.4926	188.65073776245117
88.36284	78.56715	259.91666	-13.800832	127.717674	132.01207	517.70526	59.37661	173.53847	217.9	26000	3.9449813	3.9457018	2.552069	2.4672315	-0.00014376889	29462.271	6019.123	50160.375	17413.05	5002.884	5641.203	48168.406	73.85926	765.9203	207.68469953536987
78.2021	32.133137	155.0212	9.300467	100.21228	6.4963408	110.7932	89.41515	128.0	87.0	28000	8.168955	8.169067	1.8540661	1.8519243	-0.00033757262	25376.064	3509.6343	38228.18	16093.925	4883.814	5796.8853	54232.9	154.16293	769.8305	223.29907393455505
94.35289	150.27039	480.62177	-15.410101	-10.613131	0.9518525	-8.346861	-12.193124	124.75	67.1	30000	5.2454863	5.244643	1.9819765	1.9983842	-0.00025588978	25208.13	9818.3955	60505.273	13369.383	4089.503	4229.734	38708.21	253.85498	740.796	240.14966750144958
-8.073383	7.449899	30.169031	-14.47331	-8.666249	0.82332957	-7.7289524	-10.325827	69.62069	67.1	32000	-14.463192	-14.46371	3.4415748	3.4521098	0.00055641285	30941.064	4773.118	46630.47	17347.389	3920.143	4028.6125	28015.473	188.86623	861.75397	255.84683322906494
103.176575	125.17688	299.35547	-99.655556	-123.077774	104.36671	64.678696	-264.6007	120.29412	153.4	34000	-28.075062	-28.074156	3.89012	3.8364708	0.0010292906	30288.92	7390.6646	54470.61	15722.528	2936.593	2764.1921	22117.133	57.034657	868.78687	273.84575963020325
-10.0009575	22.967394	91.95102	-75.53678	-15.792547	0.17808415	-15.48272	-16.081228	33.3	13.8	36000	-46.270115	-46.269756	5.635596	5.433203	0.0010238695	52021.113	12053.64	86170.766	29124.223	4615.9004	4544.3105	49857.324	104.99681	943.1208	288.36591720581055
-17.784548	2.172816	-10.306483	-20.406555	-13.224518	0.25794896	-12.832472	-13.64907	12.534591	15.0	38000	-50.3631	-50.363506	5.876712	5.7240033	0.0011909563	43328.348	6551.8486	66162.98	25179.82	6268.1074	6269.8306	57423.523	131.62845	811.46313	303.69201946258545
-1.996149	23.627632	96.004875	-17.399017	-15.549594	0.3907906	-15.036648	-16.060238	26.43421	13.0	40000	-32.20638	-32.205814	5.356296	5.226993	0.00091127283	37436.176	7055.7476	61073.555	22803.877	5162.242	5959.453	54045.695	28.232573	899.17377	318.5793979167938
-14.609854	3.0587418	7.4771113	-18.814232	-16.736984	0.09297647	-16.557863	-16.84463	13.266666	14.0	42000	-25.529024	-25.527998	2.4843404	2.4397042	0.0011054266	24340.748	2908.0557	34902.21	15718.762	4539.9624	5776.9307	59729.098	3.6619296	924.44824	333.51224660873413
-15.590949	9.234358	85.83039	-20.898699	-24.304066	4.3840113	-17.336584	-33.38176	15.137404	70.2	44000	-26.766851	-26.767204	2.690597	2.641959	0.0010798157	26751.447	5171.385	45258.39	15822.18	3070.8716	4636.7817	54416.344	-4.050681	905.168	349.5048701763153
14.537431	82.758514	276.48682	-42.476746	-13.907234	0.3290882	-13.224935	-14.393173	78.03846	13.0	46000	-25.990494	-25.991234	2.0295815	1.9716295	0.0012886015	21341.98	2376.9102	30567.635	14893.704	1854.0522	2964.7424	38797.06	-9.668097	953.31635	363.4952759742737
-10.55935	26.373371	194.97797	-61.959587	52.323036	76.458984	199.18262	-22.032343	27.942858	142.4	48000	-22.558794	-22.55935	1.4600425	1.4246213	0.0014382527	16627.426	2554.4255	23835.854	10057.373	2037.5713	2843.6475	33815.754	-8.934605	933.5922	379.88704228401184
186.71378	108.61522	333.1082	7.004904	-16.730404	8.123512	3.2120066	-25.553734	168.45454	76.5	50000	-20.838717	-20.839811	1.2791692	1.2334416	0.0014514256	15057.256	2290.8193	27488.148	10081.808	2596.908	3156.9084	33182.13	-3.4541621	889.7323	395.1907002925873
-8.498398	30.66492	55.7291	-92.72756	11.881999	4.5385075	21.23395	2.9499142	60.88889	35.0	52000	-21.799273	-21.799332	1.8272628	1.8056426	0.0011064407	21212.143	2686.5435	30396.625	12947.936	2320.8	2927.4207	35310.594	-8.0046425	878.779	410.09081053733826
-0.79674184	16.348064	76.473114	-13.369108	87.30363	21.36561	149.31209	72.15355	24.875	86.9	54000	-21.748526	-21.748287	1.3363179	1.2987841	0.0015313344	14880.013	1818.2802	21568.727	9470.584	3045.4875	3516.2356	46440.03	-4.9556923	976.76385	426.1066300868988
113.324844	22.765425	169.28247	74.322754	164.09685	23.433544	198.41707	131.03592	93.95238	133.7	56000	-19.234728	-19.234951	1.0754828	1.0328743	0.0015714028	12903.451	1281.9426	17352.445	8665.999	4717.8384	4842.2964	54958.47	1.3018565	872.0228	442.36406779289246
37.53925	62.67597	175.45113	-55.615166	-141.60756	32.477486	-91.147354	-187.01851	90.818184	114.2	58000	-19.825922	-19.826563	1.444894	1.3792976	0.0012591203	17040.22	2631.9265	24683.23	10223.491	4280.3184	4859.3867	53849.785	9.10351	762.3388	460.2535893917084
-107.177086	52.64279	-23.4598	-187.33086	-131.18346	9.91471	-113.91393	-146.32796	117.29412	135.8	60000	-26.578144	-26.580133	1.8697457	1.8332713	0.001398119	20514.396	2228.489	31101.756	14722.685	4298.8237	5213.9395	56952.895	29.20665	1005.5322	476.589186668396
-12.700183	12.539351	7.745852	-144.69992	-9.5795355	2.5644534	-3.7091775	-12.575813	14.731884	17.7	62000	-28.911106	-28.908564	2.5329041	2.4388623	0.001332864	22476.727	2612.0825	33159.99	15072.777	4083.5962	5292.391	53582.516	8.067427	818.07635	492.4511001110077
-62.490097	62.069183	-0.9672934	-198.86313	-59.540577	13.609227	-34.600758	-81.27991	76.26923	74.4	64000	-27.190361	-27.191172	2.3669698	2.3063912	0.0013815658	20988.957	1756.7448	26671.996	14703.743	3398.8162	4611.93	49513.223	1.9080231	896.8354	507.9289176464081
