AverageEpRet	StdEpRet	MaxEpRet	MinEpRet	AverageTestEpRet	StdTestEpRet	MaxTestEpRet	MinTestEpRet	EpLen	TestEpLen	TotalEnvInteracts	AverageQ1Vals	StdQ1Vals	MaxQ1Vals	MinQ1Vals	AverageQ2Vals	StdQ2Vals	MaxQ2Vals	MinQ2Vals	AverageLogPi	StdLogPi	MaxLogPi	MinLogPi	LossPi	LossQ1	LossQ2	StepsPerSecond	Time
2.53624	5.4578524	23.088898	-7.680399	371.2431	71.66403	473.68314	218.54704	20.360825	272.5	2000	3193.7246	102099.4	17.631622	-1.6726087	3193.56	102094.15	17.575655	-2.1298544	-1535.6271	49092.137	30.178543	-14.012806	-4.524195	0.07527216	0.07069142	4839.301	12.370922327041626
1.5263925	6.0938168	29.060345	-10.006447	3.6406128	3.068908	8.802616	0.14369483	21.72043	84.2	4000	19972.41	638493.1	71.3106	-20.224817	19972.553	638497.8	69.83398	-15.392583	3950.8784	126304.7	24.702461	-14.810807	-24.45131	0.5032744	0.4856738	3220.8376	39.63713455200195
2.2295303	5.6565447	21.174248	-6.95875	184.53497	152.98796	497.69638	3.2780442	20.822916	245.9	6000	72761.44	2326092.2	157.58337	-48.385918	72760.67	2326068.0	157.85956	-60.006523	8118.543	259539.7	38.875645	-15.224083	-82.572716	3.6821406	3.8158326	3292.4036	69.65051364898682
2.5244195	6.369772	28.66643	-8.259699	76.48631	90.610954	308.23795	8.129354	22.077778	58.9	8000	137276.11	4388545.0	267.3113	-96.81817	137277.05	4388575.5	268.35013	-95.85367	8066.1064	257863.38	47.331367	-15.179089	-148.19144	11.432486	11.187191	3400.0522	96.68005561828613
1.3693941	4.5599914	14.297025	-7.754046	-11.671537	13.538225	3.9212677	-46.78968	18.90566	39.5	10000	216822.16	6931535.0	464.1366	-219.51678	216821.64	6931517.0	469.1462	-139.74654	10865.919	347369.84	64.69018	-16.092213	-233.79176	34.715675	32.753166	3368.4226	123.51445269584656
-8.07412	16.84572	104.95125	-20.852041	-4.6104198	0.78278196	-2.7077749	-5.3695083	18.486238	16.4	12000	328888.97	10514170.0	665.12823	-209.83994	328892.72	10514290.0	686.3857	-173.50876	12470.808	398676.2	65.90608	-11.712814	-352.79562	142.84285	141.55981	687.6824	152.60356426239014
58.65002	111.926384	430.7295	-4.399947	-0.15512243	10.778321	16.632166	-27.516018	78.458336	58.4	14000	423089.38	13525641.0	675.383	-625.29694	423088.7	13525616.0	688.27344	-361.29053	10973.759	350817.44	71.17554	-14.797985	-442.35776	154.48691	155.57341	723.7405	181.88033199310303
48.079647	69.05376	290.19788	-27.585331	5.3743663	20.731487	47.189133	-13.6027155	98.90476	54.6	16000	450962.88	14416723.0	693.358	-528.4297	450967.6	14416873.0	691.5732	-259.29517	10127.6	323766.75	81.40479	-13.523258	-464.9735	128.41898	132.14757	757.79865	210.3935260772705
37.646835	96.48827	291.139	-68.481514	-21.556543	17.00873	3.9732077	-58.209457	107.55556	115.9	18000	449971.16	14385018.0	728.4478	-227.47778	449974.25	14385114.0	733.18713	-217.54285	8854.753	283075.44	67.39456	-13.085463	-460.7271	116.8071	128.03006	759.698	239.4578058719635
48.84972	88.392845	342.92255	-43.031902	77.45564	63.523884	203.06706	2.2704275	134.6	156.4	20000	440632.94	14086485.0	734.1419	-500.38766	440634.28	14086530.0	734.75287	-480.66812	8345.5	266795.3	57.128845	-13.795808	-449.9442	105.11999	114.70233	924.7512	267.31075859069824
111.518135	112.727295	364.66455	16.417778	46.14798	46.86107	147.77785	-37.957993	147.6923	147.2	22000	437575.1	13988730.0	726.07794	-338.3215	437572.78	13988656.0	731.93494	-355.61914	8566.632	273864.6	59.152027	-13.79035	-445.4351	98.9253	108.3322	969.6548	292.81028509140015
57.13131	73.91161	198.60455	-51.979942	149.23495	60.150208	266.34717	43.790764	137.6	109.3	24000	425327.47	13597189.0	716.2504	-333.22836	425328.88	13597234.0	715.64343	-361.3347	8375.517	267754.88	67.75452	-12.976099	-431.31155	100.69115	105.64063	995.20795	318.64084935188293
73.12984	70.44804	207.92538	-91.33324	46.72277	58.712868	160.32771	-29.35539	123.4	169.9	26000	410478.97	13122499.0	650.69916	-378.01926	410478.6	13122487.0	649.3966	-251.06778	8126.3735	259790.1	57.989326	-12.722927	-415.3101	93.99198	98.00542	877.17645	348.06092166900635
41.745895	70.41038	196.22327	-54.404358	90.24531	81.22382	246.4108	11.607701	120.166664	110.3	28000	393556.44	12581507.0	641.793	-202.17119	393552.62	12581388.0	637.6535	-261.96967	7621.382	243646.17	58.759865	-12.356384	-397.2797	82.355705	88.69297	753.03265	377.6986982822418
93.795845	67.79532	222.01636	-6.32957	121.07456	66.785164	232.8005	4.878934	139.85715	147.9	30000	375482.1	12003692.0	662.5108	-194.48605	375482.84	12003715.0	656.51825	-237.20076	7309.1763	233665.34	62.727524	-13.326255	-378.2927	80.42583	86.85664	813.4579	406.68518900871277
123.70668	56.048218	202.37053	-15.140311	118.41759	54.160095	197.49666	4.6535006	104.85	87.5	32000	360861.38	11536288.0	689.34674	-184.15771	360863.1	11536343.0	684.5219	-226.23901	7090.202	226664.97	66.98303	-13.168585	-362.98013	82.017006	87.20417	817.5569	435.59728169441223
109.05292	45.545563	179.6945	-0.9182806	153.04202	68.63152	298.07837	77.73552	84.0	132.7	34000	350478.4	11204355.0	725.802	-133.78943	350478.62	11204363.0	730.81714	-143.46495	7302.3765	233447.81	55.885082	-12.831956	-352.33774	80.604294	84.42486	782.7216	465.4570207595825
127.26698	48.333042	225.49983	33.68626	194.10384	92.10253	391.84396	85.85995	111.55556	168.1	36000	340990.1	10901025.0	790.3012	-152.78844	340991.06	10901062.0	788.5922	-152.0808	7245.888	231642.03	66.32867	-14.352041	-342.3308	73.25978	76.5225	921.34686	495.0165424346924
109.04745	106.08811	412.1353	-29.680162	72.860634	31.264902	137.83098	35.849827	166.16667	144.5	38000	329406.3	10530708.0	829.39685	-145.08415	329405.5	10530683.0	835.8256	-155.3215	7086.579	226549.14	69.02602	-13.1890335	-330.36423	63.546482	67.68738	834.0093	523.9440460205078
101.217384	62.43221	218.22209	24.647116	70.3198	70.03089	188.60533	-55.77658	164.36363	177.6	40000	316849.56	10129284.0	856.7438	-127.14235	316850.6	10129316.0	865.21814	-119.601036	7021.2256	224459.84	88.8313	-15.355361	-317.46445	57.126724	59.798157	742.68915	554.7621083259583
110.23403	141.76695	414.26053	-112.42656	155.27483	101.41475	297.14633	3.3572474	216.8	148.3	42000	305113.88	9754106.0	860.2026	-773.7957	305113.56	9754099.0	860.52124	-624.0948	6977.1226	223049.97	69.46126	-14.386916	-305.4409	53.82504	57.406124	773.5142	584.1698894500732
146.9513	70.455925	292.9271	30.179012	221.17361	82.24636	374.53616	128.6624	157.07692	147.3	44000	295711.28	9453521.0	822.0803	-428.72354	295711.3	9453521.0	828.1207	-430.13824	7039.9985	225060.02	67.71416	-14.284139	-295.99164	53.02358	55.823906	811.7435	613.5717530250549
142.0733	74.37491	296.0774	3.6451683	171.05841	80.53533	305.7048	71.959915	114.22222	117.0	46000	286401.88	9155911.0	750.8131	-136.77632	286402.78	9155939.0	777.0091	-160.4591	6910.181	220909.9	71.82382	-14.52383	-286.4672	49.843437	52.13114	807.26025	642.8606970310211
181.41666	75.87217	366.82822	91.53589	156.40207	42.225258	254.37178	113.596	116.117645	98.9	48000	276727.94	8846647.0	687.1284	-286.477	276728.1	8846650.0	706.0071	-183.09454	6593.6587	210791.08	73.05244	-14.373625	-276.43863	47.352	50.749794	740.99677	672.3888640403748
157.8922	81.90337	325.6931	5.134059	170.83405	108.3966	339.24496	1.1401141	108.666664	138.4	50000	266121.12	8507559.0	631.2586	-820.61444	266120.94	8507554.0	642.0106	-441.6177	6184.6655	197716.08	74.70517	-13.970949	-265.51694	45.028603	47.55819	833.2049	701.121301651001
101.21743	66.16868	256.50494	6.314133	207.37471	56.10769	269.00018	86.60767	85.791664	138.5	52000	254682.89	8141893.5	580.2156	-152.91054	254682.27	8141874.5	595.2446	-120.4143	5803.905	185543.66	71.4487	-13.209171	-253.77399	41.37117	42.843258	799.0359	730.1983025074005
93.06881	61.310036	195.91179	-1.8598853	130.64392	31.211855	196.01093	96.679085	91.57143	84.7	54000	242108.62	7739910.5	575.25543	-142.02136	242108.0	7739889.5	581.4657	-98.831215	5416.58	173161.39	63.28298	-14.4557	-240.96902	36.22235	37.347847	781.7291	759.462596654892
148.50377	40.78537	253.41188	90.66388	152.41759	69.1077	349.22476	89.806625	99.52381	104.3	56000	228800.73	7314473.5	587.1687	-101.21906	228801.6	7314501.0	596.7531	-126.7166	5240.477	167531.6	88.60689	-16.032839	-227.48347	30.890278	32.497303	870.50323	787.4740188121796
165.7829	71.0725	332.8117	57.166412	187.5712	35.558563	239.71158	109.8575	111.77778	110.3	58000	215822.83	6899586.0	613.83453	-178.07198	215823.64	6899612.5	624.48004	-183.1043	5196.1533	166114.6	97.294624	-14.475916	-214.58034	27.043133	28.586702	815.2459	816.1526050567627
164.85081	68.57245	328.80637	80.69266	135.294	14.652875	159.35893	113.65454	115.882355	99.9	60000	204700.39	6544015.5	650.1112	-122.30528	204699.75	6543995.5	660.6563	-169.63324	5032.171	160872.3	106.36595	-13.9688	-203.53485	24.747757	26.186878	816.80475	845.6264450550079
162.60887	62.531986	296.94705	77.55514	183.21706	92.16147	300.66193	62.572613	128.33333	178.6	62000	195065.66	6236005.5	701.61206	-111.288895	195066.23	6236025.0	713.28766	-117.32732	4819.281	154066.48	75.93976	-15.700338	-193.95403	23.082989	24.61971	824.97815	875.742105960846
117.96724	64.47582	228.67493	17.24528	200.88815	77.71077	329.38562	90.1962	139.86667	167.4	64000	186782.31	5971196.5	730.3686	-89.98581	186782.95	5971218.5	734.1805	-107.00777	4572.1157	146164.88	82.486244	-15.268695	-185.5779	21.888285	23.19768	907.32635	904.0287625789642
114.94087	88.88408	312.8997	18.292519	141.39041	99.618935	355.20206	46.93164	198.4	284.7	66000	179742.7	5746149.0	725.97253	-244.01314	179743.12	5746163.5	722.9001	-192.98116	4342.758	138832.61	92.51905	-15.4269905	-178.48454	20.668383	21.907627	745.9424	936.1489119529724
92.732376	100.01784	353.61716	-38.420853	72.91814	94.17826	347.15674	-0.51881504	200.9	253.6	68000	172603.25	5517911.0	749.60345	-108.22292	172603.81	5517928.0	745.7113	-88.95956	4226.313	135110.03	75.563385	-14.658735	-171.35825	19.707985	21.118847	883.8801	966.116712808609
153.61266	132.07645	433.00476	16.193518	52.39044	43.272785	123.47565	-18.828022	252.0	189.5	70000	166158.6	5311882.5	799.19446	-86.89548	166158.78	5311888.5	793.6588	-84.950676	4162.175	133059.61	64.12333	-16.006264	-165.01093	20.38407	21.370867	864.1918	995.1218514442444
155.34431	89.42081	354.42352	78.90263	145.1203	87.02438	319.1649	56.00647	203.54546	143.1	72000	161297.17	5156469.5	867.1956	-156.31473	161296.9	5156461.5	864.1223	-76.344734	4184.7983	133782.88	60.866405	-15.237799	-160.2544	21.461613	22.53502	762.872	1025.571792125702
129.98955	66.125656	260.16122	19.17789	195.21262	111.499374	432.67545	58.127895	140.57143	180.9	74000	157494.48	5034901.5	939.9255	-101.63108	157495.42	5034932.5	947.00854	-144.42198	4145.974	132541.72	60.91723	-15.445931	-156.46149	23.19264	24.261566	811.0986	1054.8029260635376
199.69102	107.140366	494.9868	81.62248	159.85927	100.17397	332.44357	15.570848	169.33333	162.0	76000	154623.45	4943118.5	1057.3019	-133.04176	154624.69	4943158.0	1049.0095	-153.4536	4148.7266	132629.7	54.79962	-15.971953	-153.6573	25.17834	26.025238	835.59106	1084.0641205310822
114.8469	39.59081	209.19412	74.41121	112.30088	14.512393	141.40067	94.99337	102.73684	83.9	78000	153435.05	4905128.0	1148.0486	-134.39487	153435.64	4905146.0	1130.8478	-202.31937	4216.215	134787.2	53.51643	-19.166843	-152.43398	28.989407	29.712534	760.05347	1113.2317717075348
107.3529	33.57196	232.08241	69.78599	88.24748	15.870112	118.27738	70.3109	87.21739	77.0	80000	153046.92	4892717.5	1228.1943	-202.44035	153046.25	4892699.0	1222.7643	-251.56734	4281.87	136886.14	65.63416	-14.288877	-152.0475	30.836075	31.60936	794.8257	1141.3464350700378
121.96992	41.220955	208.15392	67.84725	106.570946	1.3778299	108.616806	103.70816	91.13636	73.0	82000	154651.25	4944007.5	1359.8679	-136.41566	154650.4	4943980.5	1351.6204	-129.85797	4488.1475	143480.55	53.618412	-18.441036	-153.79837	34.33967	35.282578	909.70074	1167.7414555549622
129.20901	78.864555	395.84976	71.6002	286.85815	94.744835	483.18762	140.2259	99.85	207.8	84000	159588.66	5101850.0	1368.5684	-143.00478	159586.77	5101789.5	1351.8502	-135.76772	4867.2803	155600.94	56.296375	-14.803473	-158.77525	41.901405	43.369934	903.66705	1195.8974673748016
147.87303	81.88131	446.80972	97.21935	109.487015	12.545596	117.778435	73.18804	119.94118	94.6	86000	166684.19	5328686.0	1212.6252	-200.06938	166686.02	5328745.0	1183.2743	-131.20978	5229.4287	167178.38	61.15914	-15.623435	-166.06572	41.328796	43.727688	978.1853	1221.1054351329803
116.92948	20.698784	156.2898	81.8513	120.8889	9.163537	131.93071	98.45181	105.52631	101.9	88000	175983.44	5625971.0	1146.3457	-166.16722	175983.73	5625979.5	1121.0814	-214.29831	5573.751	178185.92	60.483326	-14.506063	-175.47134	43.44412	45.244633	814.67975	1250.542798757553
120.43491	15.200065	156.60164	95.428185	131.33061	11.251281	152.16936	121.441055	94.57895	100.8	90000	187559.64	5996047.5	1121.7284	-135.22957	187559.27	5996035.0	1117.8802	-146.50533	6048.4316	193360.88	61.122597	-15.202301	-187.29378	44.588673	45.828884	908.1256	1278.2435200214386
173.75972	84.80169	375.97324	67.61363	144.67694	9.053324	157.97711	131.98926	123.27778	95.6	92000	200354.27	6405075.5	1111.4948	-104.891754	200355.9	6405127.0	1112.7412	-160.7546	6175.022	197407.81	65.82641	-16.034176	-200.04124	46.389572	47.85082	774.38214	1306.8624317646027
136.30844	20.66577	185.76184	99.93477	124.402504	10.646825	150.64899	109.685684	92.333336	83.1	94000	211011.2	6745765.0	1099.868	-143.83017	211013.06	6745826.5	1107.0481	-101.47431	6243.4194	199594.4	59.480057	-14.7937355	-210.5766	49.00976	50.308163	831.09863	1335.5086824893951
123.62609	13.471928	154.45905	95.97756	125.570496	5.353314	137.28523	116.967606	78.92308	77.8	96000	218577.98	6987665.5	1055.177	-113.798164	218579.14	6987701.5	1073.324	-176.79532	6061.021	193763.34	67.99405	-15.461526	-217.70264	50.079536	51.50024	866.3265	1363.2395632266998
130.64066	36.27421	186.18262	34.87957	76.65807	61.90623	189.3818	18.088438	95.42857	134.4	98000	222664.56	7118307.5	1047.6146	-214.45421	222663.53	7118277.0	1061.542	-125.78336	5964.37	190673.47	67.08939	-13.132131	-221.51169	52.621788	53.548977	807.5751	1393.2852184772491
82.880844	86.438805	320.0117	-2.0351036	214.77954	51.94903	326.23148	149.49939	110.55556	158.7	100000	225058.72	7194846.5	1014.6319	-184.85992	225056.25	7194767.5	1019.43726	-198.66374	5896.424	188501.34	62.790936	-15.018801	-223.70515	53.33779	55.641384	831.54425	1422.781278371811
154.72224	80.792534	372.26364	4.3762026	180.3312	19.272379	219.07655	147.88942	117.76471	123.5	102000	225480.38	7208327.0	961.8955	-135.05334	225477.78	7208243.5	965.4876	-188.33589	5729.7725	183173.7	72.892105	-15.256662	-223.87491	53.78269	56.04766	859.0845	1451.613739490509
195.50116	121.99868	451.3611	51.153667	172.46309	38.031403	258.9478	125.98643	123.9375	115.6	104000	224283.58	7170064.5	870.423	-261.6299	224283.23	7170055.5	877.3481	-107.34639	5789.287	185076.34	73.13546	-14.694442	-222.69885	54.592728	56.558693	808.75635	1480.8921897411346
175.72557	144.08354	744.75574	91.59809	136.55649	30.567392	222.95337	101.805534	117.588234	88.6	106000	223941.17	7159121.0	856.9346	-315.4013	223940.16	7159088.0	856.0113	-239.64256	5927.8047	189504.6	70.32347	-14.49714	-222.42468	55.78241	57.75624	809.838	1510.1602430343628
178.63628	59.435555	283.8763	42.294376	195.63194	53.0804	261.4303	135.67201	108.05556	116.2	108000	225651.02	7213783.0	819.3137	-123.47578	225651.11	7213784.5	836.7888	-156.28378	6148.6084	196563.38	65.67259	-13.940796	-224.24619	58.402992	59.57625	898.8583	1537.6481552124023
200.42857	115.15326	602.9041	130.44559	206.92737	75.285835	427.5008	159.61882	113.611115	113.2	110000	228581.42	7307463.0	797.19574	-147.04524	228582.92	7307509.5	818.3487	-149.78859	6184.2363	197702.4	58.40918	-13.506305	-227.07541	59.372395	60.058475	785.6418	1567.1464338302612
155.24826	60.602627	300.49268	38.22992	164.31033	30.70683	225.17433	123.30945	96.09524	106.0	112000	230965.98	7383693.0	823.5371	-156.193	230969.19	7383799.0	831.83234	-164.42267	6261.6313	200176.55	59.45813	-15.0773115	-229.35675	58.782936	58.873543	781.2104	1595.8107295036316
188.98009	89.209724	433.2884	76.92938	170.19315	4.685721	175.46225	160.68645	120.3125	97.2	114000	232546.28	7434216.0	926.3275	-201.5193	232548.44	7434283.5	938.2412	-272.4737	6269.839	200438.97	59.765884	-13.275262	-230.80327	58.091103	59.080257	926.0446	1622.9870851039886
185.21748	71.520226	378.84827	117.86349	188.5683	90.90509	401.74976	100.234436	112.833336	125.3	116000	232894.89	7445359.5	987.56714	-164.627	232899.02	7445491.5	989.06647	-136.74898	6292.9233	201176.98	82.7363	-15.66205	-231.17274	57.70942	58.68991	707.06885	1652.6487455368042
143.25745	44.808445	300.0046	101.62993	133.73001	51.326004	255.06786	96.34495	93.59091	90.3	118000	233926.12	7478325.0	958.2124	-134.72943	233927.11	7478360.5	957.27106	-125.68674	6416.9453	205141.75	59.466194	-15.250247	-232.55281	58.07401	58.835033	911.6671	1679.4355385303497
119.717834	21.879984	170.59915	72.13398	182.17505	79.64639	397.39334	121.34073	87.304344	124.2	120000	240367.73	7684257.5	968.5553	-124.73087	240370.05	7684331.5	967.4396	-205.55463	6701.7803	214247.6	63.617424	-13.74239	-239.67247	66.20801	66.06931	997.5831	1706.2411444187164
226.78975	91.923485	372.9482	78.487625	198.66423	104.32214	471.48755	137.56453	164.63637	149.3	122000	255613.75	8171651.5	761.3066	-150.09245	255616.78	8171750.0	780.6634	-116.27852	7166.411	229101.27	71.7558	-15.79231	-255.76593	68.04997	68.71878	766.88293	1736.5315942764282
207.73267	67.627594	357.2166	130.28993	121.55882	32.570213	202.62726	78.70771	148.57143	107.4	124000	277982.78	8886762.0	688.3631	-121.99102	277984.28	8886811.0	690.4246	-139.5175	7905.935	252742.89	74.702736	-12.579718	-279.3053	72.352745	73.633095	934.71686	1763.5060603618622
123.38986	40.395134	225.98967	51.039547	236.33154	14.540813	252.00627	209.11017	113.23529	188.1	126000	301752.97	9646664.0	610.9867	-174.49889	301755.44	9646744.0	610.2998	-191.596	8001.8643	255809.67	100.12723	-14.391664	-303.04074	78.35959	79.004974	807.2301	1793.1349639892578
250.00375	104.976845	379.27057	63.059525	28.173199	109.84802	353.25018	-32.51506	201.9	159.9	128000	311914.94	9971531.0	577.3486	-206.96489	311915.9	9971565.0	579.4341	-207.31302	7175.7383	229399.44	82.52205	-13.63555	-311.90866	76.73173	77.22706	747.57965	1823.3211176395416
247.09543	184.92146	494.66946	20.821201	403.85294	205.97511	902.34656	65.54706	219.22223	293.8	130000	304186.88	9724477.0	554.7214	-216.98242	304189.25	9724548.0	543.7028	-199.52168	6256.855	200023.9	78.19569	-13.680563	-302.75803	65.43727	66.82001	929.7156	1853.9906377792358
106.205444	191.29532	519.524	-53.78796	-32.68709	10.339763	-8.313305	-49.09917	164.6923	87.2	132000	286177.97	9148754.0	518.077	-195.21135	286179.38	9148796.0	510.10535	-190.05621	5455.474	174404.78	72.48449	-13.806405	-284.07394	54.6101	56.11149	845.672	1881.9180734157562
-7.535277	36.990627	85.31659	-47.857544	126.72652	165.45738	499.65347	-0.3525549	126.25	213.5	134000	266039.9	8504963.0	465.44693	-175.30281	266040.4	8504979.0	470.77228	-199.00444	4941.6895	157979.72	82.205086	-14.378571	-263.72662	47.017044	47.919388	765.6355	1913.0962550640106
197.60815	139.33333	374.20557	38.68176	332.2352	128.7743	533.51404	129.97342	271.0	290.8	136000	246854.52	7891629.5	486.51678	-149.59717	246856.8	7891703.5	484.6504	-146.21524	4577.828	146347.55	87.60916	-14.62331	-244.39925	41.011066	40.8034	939.577	1942.774474143982
344.17914	137.40111	493.8649	59.858234	300.62228	119.55021	560.4631	145.58951	289.2857	275.2	138000	229021.28	7321524.5	504.73392	-186.34488	229020.2	7321490.0	506.90897	-130.97295	4225.3677	135079.83	69.97052	-14.493098	-226.51447	35.751965	36.114376	876.06537	1972.5345985889435
262.08908	270.78787	991.64734	2.3429096	30.996002	2.8120737	37.68856	26.597864	190.36363	52.3	140000	213075.28	6811751.0	509.4868	-134.6173	213076.6	6811794.0	510.23746	-144.85474	3852.14	123148.17	72.58934	-15.200799	-210.63203	32.199253	32.06297	850.23285	2001.4520637989044
218.12332	303.6724	994.6734	9.743918	149.14093	45.66774	250.07791	120.122314	191.9	101.7	142000	200318.9	6403946.0	508.8184	-121.8665	200317.39	6403896.5	520.77704	-187.18077	3854.7517	123231.68	81.49863	-15.765541	-198.16507	31.144348	31.22991	911.9532	2028.5475330352783
164.93295	85.43838	462.89603	107.49238	124.00136	8.856375	130.3632	103.566246	113.666664	99.1	144000	191134.17	6110321.0	474.59164	-113.883316	191132.94	6110282.0	490.0447	-162.46452	3851.305	123121.46	70.93387	-15.483395	-189.10439	29.251469	29.28811	845.3705	2056.685717344284
125.36867	51.98577	263.16367	64.40442	151.5042	2.1907387	155.82593	148.69159	104.789474	101.6	146000	183352.44	5861549.5	458.721	-170.7807	183353.83	5861593.0	452.51657	-238.15442	3712.7773	118692.93	67.50811	-16.00385	-181.2448	26.980602	27.099874	954.0681	2083.552520275116
188.8147	80.58563	392.90366	119.998055	154.15837	23.88401	198.57593	132.23482	115.5	100.0	148000	175855.75	5621888.5	387.6655	-142.81181	175854.95	5621863.0	398.02792	-169.1396	3739.117	119534.95	64.34632	-15.534707	-173.80125	24.179222	24.42557	993.60657	2109.042326450348
144.20789	73.77458	469.71054	108.752266	129.55368	6.368323	138.01175	117.39379	101.42857	95.6	150000	168557.02	5388557.0	373.6216	-378.51688	168556.77	5388549.0	374.6253	-188.77846	3687.2996	117878.445	69.42477	-17.6006	-166.71477	22.702404	22.737919	1040.7188	2133.8132033348083
237.38197	99.847404	417.84842	126.53676	260.27252	72.19792	390.14713	191.83072	142.57143	152.8	152000	160516.31	5131506.0	376.22977	-125.98493	160516.5	5131512.0	365.31732	-101.78188	3462.8406	110702.77	67.1211	-15.793957	-158.80225	20.487585	20.50874	860.97144	2162.047806739807
307.15903	94.13758	436.0826	144.1306	296.76166	41.567055	356.70102	237.23164	189.4	159.4	154000	152951.23	4889660.0	378.2697	-131.84091	152951.22	4889660.0	383.81918	-102.86846	3286.1072	105052.805	66.952675	-15.11957	-151.30814	18.142658	18.176003	1126.4487	2186.1467032432556
322.51962	73.874115	446.7998	238.3413	281.65546	47.144478	414.7124	247.5721	217.22223	160.7	156000	145671.11	4656924.0	384.8815	-154.8366	145671.47	4656936.0	387.5168	-178.1962	3007.948	96160.414	65.77532	-14.241793	-144.05481	16.38045	16.499851	748.72	2215.2274820804596
356.5177	101.72848	519.4342	208.0861	396.8772	156.70813	518.0023	78.70688	235.55556	212.0	158000	139034.83	4444770.5	384.17102	-141.66983	139035.05	4444777.5	385.1347	-121.77163	2736.5737	87484.94	78.60853	-16.3926	-137.42357	14.959278	15.065689	1139.7205	2239.5417289733887
410.9342	176.13243	756.9315	166.64432	431.85245	237.9954	830.57465	17.860632	234.55556	265.0	160000	133058.52	4253715.0	386.24008	-106.0293	133059.55	4253748.0	399.67636	-78.617226	2480.937	79312.55	68.624794	-14.801901	-131.46996	14.012519	13.977366	717.49426	2270.3234877586365
323.72614	138.24913	547.7194	145.71332	236.89995	121.73484	458.13544	35.186085	199.1	239.3	162000	128403.984	4104915.0	411.59857	-95.10432	128404.74	4104940.2	413.64328	-112.590065	2297.4185	73445.71	65.17837	-15.564109	-126.899376	13.289084	13.4297	1123.3188	2295.831958770752
241.64449	66.103226	343.2176	101.65654	237.40292	130.18947	534.3087	133.16559	161.5	137.2	164000	125379.43	4008224.0	417.6736	-110.11812	125379.734	4008233.5	422.48578	-124.9105	2176.539	69581.336	79.93052	-14.921999	-123.957756	13.471326	13.350274	868.80164	2325.1100087165833
301.0682	103.00932	520.8721	148.5213	320.06573	69.98203	394.8675	156.12335	161.25	176.9	166000	123472.484	3947259.8	420.7067	-91.75601	123472.47	3947260.2	431.3919	-138.52281	2078.8093	66457.05	55.538834	-15.626947	-122.110504	13.424857	13.532673	815.2908	2356.0751037597656
248.10835	92.16165	454.84232	117.595474	224.51181	64.98662	355.1797	152.10239	145.57143	126.8	168000	122013.98	3900634.8	442.99768	-121.66888	122015.39	3900679.5	440.36444	-100.01249	1893.2059	60523.555	54.114323	-14.889451	-120.60314	13.580662	13.572529	873.3139	2384.480194091797
216.22157	117.228584	421.7049	16.669703	383.23346	193.844	815.4399	81.1482	135.84616	274.1	170000	120142.234	3840797.8	473.1924	-104.588005	120142.72	3840813.0	458.42065	-121.43188	1818.3207	58129.562	68.17328	-16.122683	-118.68675	13.448453	13.5113	876.4173	2413.8462994098663
310.80478	116.623215	644.8649	152.1405	212.82553	125.18175	364.11902	58.801926	177.53847	144.0	172000	119107.69	3807723.8	481.4522	-88.58757	119108.64	3807755.0	472.04266	-75.29152	1926.7104	61594.652	57.232803	-16.713413	-117.74867	13.821873	13.980778	721.6334	2444.1053285598755
288.5968	89.43028	422.2768	154.69089	144.876	60.606197	324.0518	102.64635	169.18182	102.5	174000	120092.63	3839211.2	513.17834	-95.233536	120092.875	3839220.0	493.6876	-82.69833	2102.6174	67218.18	57.845676	-16.320742	-118.8162	14.632036	14.664596	1047.8654	2469.5651433467865
163.27745	87.03412	411.92783	26.928831	144.97867	5.8805547	154.64168	136.47198	111.57895	102.1	176000	122179.18	3905916.2	502.41116	-99.213425	122180.6	3905961.8	502.07245	-129.98293	2436.598	77895.086	62.805603	-20.0003	-120.80875	16.073298	16.138704	789.79144	2498.9435074329376
184.89688	84.96274	443.3095	128.55333	135.23894	7.544545	155.14694	126.55024	115.0	99.9	178000	124369.72	3975945.2	489.72757	-91.01428	124370.28	3975963.0	480.4187	-114.75689	2852.0283	91175.85	55.99096	-15.518018	-123.14572	16.644041	16.6868	890.5043	2526.059097766876
145.34608	11.480401	162.95345	126.78047	143.10938	5.674649	152.72841	134.17003	99.2381	102.9	180000	126259.53	4036360.2	530.6706	-86.8338	126260.35	4036386.5	512.3292	-158.3352	2948.7747	94268.7	70.5035	-14.518507	-125.071846	16.498709	16.552404	865.1125	2554.209939479828
155.06596	44.965973	328.57535	116.88465	169.15273	60.946415	345.43634	116.234184	103.55556	109.3	182000	126175.586	4033676.5	573.32794	-116.26892	126175.64	4033677.8	596.5836	-94.74398	2818.2334	90095.484	64.089134	-15.939071	-124.90352	16.51154	16.493599	812.77264	2583.806875705719
183.4466	64.11384	323.2807	115.96389	121.38143	6.316967	129.25595	111.76436	118.0	92.1	184000	125168.04	4001466.0	613.74963	-68.13802	125168.33	4001475.0	604.2263	-90.62903	2705.839	86502.375	58.260044	-15.428813	-123.90877	16.109055	16.107265	884.1022	2611.307016849518
246.7644	153.66277	633.38556	105.9072	110.0011	7.9879403	126.77694	101.39621	133.64285	91.5	186000	123327.555	3942628.2	650.17017	-89.15756	123326.445	3942592.5	674.5455	-82.87717	2542.5498	81282.23	51.20451	-15.74053	-121.990486	16.51142	16.623623	880.3746	2638.307831287384
336.47543	147.8477	623.952	94.500854	350.10736	58.01054	477.40863	301.6221	175.5	208.6	188000	121107.44	3871654.2	716.39264	-80.19406	121106.42	3871621.5	740.5988	-69.377014	2506.1763	80119.43	55.895344	-13.828141	-119.73769	17.771431	17.67599	806.7804	2669.4308166503906
325.11084	149.06561	597.6889	117.86478	252.25378	158.0172	556.1209	112.82417	186.2	135.7	190000	118739.82	3795964.2	774.8381	-96.38121	118740.55	3795987.2	768.7709	-77.56566	2458.3787	78591.41	62.19494	-17.655025	-117.352684	18.760124	18.488031	944.1408	2696.9897894859314
341.3979	165.87552	629.7099	132.62451	229.5149	92.27712	480.6804	157.88838	189.36363	155.4	192000	117022.76	3741072.2	798.52155	-116.24004	117022.7	3741070.5	798.7502	-113.42865	2428.811	77646.17	61.36512	-15.352186	-115.668236	20.325	20.071394	850.1232	2725.7160799503326
227.89725	61.391693	374.0574	141.4473	260.8657	24.889671	313.36655	236.32164	155.6923	163.1	194000	117427.77	3754019.5	838.2518	-66.788734	117427.664	3754016.0	830.6856	-64.80026	2594.0444	82928.45	66.39584	-13.976784	-116.231026	22.70626	22.377396	740.15344	2756.2496631145477
562.789	233.28326	968.2195	240.4024	399.37082	90.068596	553.14014	266.78934	339.5	185.8	196000	120592.734	3855199.0	865.6429	-84.11628	120593.8	3855233.0	865.2735	-73.17223	2854.698	91261.234	67.4713	-14.777426	-119.50596	24.945562	24.60714	913.29443	2785.041810274124
272.5506	122.50102	605.8307	142.73134	152.63953	114.07093	417.21008	65.529465	180.0	152.5	198000	125405.58	4009060.0	918.37964	-76.47908	125407.03	4009107.2	938.2496	-69.47972	3066.002	98016.37	64.39208	-16.41226	-124.32252	26.234455	25.985418	814.5426	2814.0890114307404
139.2421	72.10034	314.03143	9.114144	238.6082	94.99816	454.547	131.89049	101.05	159.3	200000	131008.61	4188182.2	822.7265	-116.69415	131009.875	4188222.5	853.7365	-154.30269	3204.3213	102438.23	58.140182	-16.091602	-129.7577	29.056395	29.065563	828.4504	2844.735547065735
139.78397	102.844284	359.51102	30.329771	14.06402	1.9287075	17.230984	11.337645	141.5	142.1	202000	136730.52	4371104.0	728.0601	-97.225204	136731.86	4371147.5	750.97107	-114.87948	3619.3994	115707.74	56.633762	-15.050749	-135.53516	30.561262	30.309961	912.1783	2873.857773542404
62.878445	152.90341	458.30838	-44.775017	98.98129	146.80658	402.94522	-2.9780374	221.625	281.3	204000	143705.72	4594093.0	680.0142	-91.20751	143707.52	4594150.0	697.9801	-132.07506	3969.139	126888.49	56.71144	-18.59366	-142.808	30.497923	30.38284	886.5573	2904.2461519241333
93.0157	143.63799	572.30743	19.117443	46.426132	3.6646433	51.458946	38.507793	174.76923	127.0	206000	150248.38	4803253.0	685.0986	-136.6703	150249.94	4803303.0	694.86414	-128.05486	4080.8416	130459.47	55.935257	-14.557411	-149.42679	31.668816	31.786335	752.14325	2934.3680560588837
110.49991	85.71693	316.4511	35.808224	187.01297	135.40762	448.51202	63.023396	179.18182	208.4	208000	155740.08	4978816.5	783.3731	-120.06927	155741.11	4978849.5	768.94147	-132.61903	4150.722	132693.45	56.687218	-15.11614	-154.94728	34.081062	34.171474	918.4565	2963.2589843273163
136.52522	74.75589	271.4192	64.94389	162.53519	121.94608	422.06516	86.63581	188.8	215.1	210000	160750.56	5138995.5	833.78595	-112.29255	160750.98	5139009.0	836.6882	-128.85689	4158.0693	132928.34	60.30641	-15.588387	-159.97018	37.971806	38.118343	870.50275	2991.835118532181
254.973	108.544014	440.43704	121.574005	308.37143	62.01962	397.35074	209.44029	226.44444	187.5	212000	166032.34	5307846.5	861.7129	-96.10547	166031.06	5307806.0	854.16766	-111.79996	4212.949	134682.78	57.93331	-16.986713	-165.17537	41.827797	41.917088	744.95337	3022.670555114746
248.96143	94.880165	428.70938	125.79738	191.19946	4.262587	197.90674	183.9163	157.38461	111.5	214000	172525.39	5515422.0	914.91626	-92.93256	172524.95	5515407.5	908.4813	-102.51386	4402.751	140750.52	60.280563	-14.591898	-171.57184	46.24157	45.913418	1001.4109	3048.410142660141
141.44373	44.295734	300.04895	63.97781	127.01605	5.0512867	134.88406	118.48723	102.7	96.3	216000	180675.38	5775966.5	872.8748	-116.301025	180676.92	5776016.0	887.3928	-121.53083	4899.695	156637.22	54.94943	-13.787565	-179.7142	52.096413	50.902126	803.55585	3077.777133703232
174.39203	97.60224	487.052	123.38172	399.46738	219.44638	918.9364	184.44246	122.25	253.7	218000	191576.6	6124465.0	753.4093	-181.47586	191577.1	6124481.0	773.5758	-122.89617	5476.3096	175070.83	56.779423	-14.459932	-191.01048	55.882484	54.489635	890.5127	3107.523757457733
212.3368	126.803	480.095	101.36966	297.9002	53.1316	346.37744	199.024	137.26666	187.2	220000	201085.6	6428457.0	746.7588	-130.70668	201088.62	6428553.0	703.8671	-124.01644	5617.8687	179596.3	60.633915	-13.202801	-200.61925	56.97867	56.429054	919.9715	3136.415492296219
312.7118	151.15694	532.8875	131.29102	419.07358	88.645744	602.06555	326.7114	175.36363	200.0	222000	207739.48	6641173.5	763.7485	-136.00891	207741.23	6641226.5	717.0484	-124.69937	5493.5806	175622.95	57.167023	-16.510342	-207.24315	57.350037	56.821186	765.3021	3166.269744873047
509.83652	124.79571	725.7819	368.84332	425.6314	190.50244	756.24805	212.33345	293.2857	303.7	224000	207415.69	6630821.5	745.3206	-165.47546	207418.39	6630908.5	736.0669	-115.66188	5114.7583	163512.5	57.85744	-15.090378	-206.45724	53.336216	52.51004	865.32935	3197.9968144893646
522.09644	317.39633	1139.4753	114.48239	630.831	290.22833	1021.2922	165.81322	289.83334	502.8	226000	203587.27	6508430.5	729.5383	-174.68204	203591.75	6508574.0	745.228	-256.72244	4902.3125	156720.88	55.64955	-14.492455	-202.53166	49.079453	48.667862	855.5923	3232.0513203144073
619.53577	327.51074	1045.5935	124.2825	530.83044	116.16693	861.77075	427.68723	428.0	272.9	228000	196818.86	6292053.5	781.34875	-134.56586	196820.34	6292101.5	769.0823	-124.67404	4416.529	141190.97	66.94449	-17.136587	-195.26881	43.871616	43.51413	932.39026	3260.79966711998
479.8794	190.57565	882.13525	279.37527	521.2017	230.51653	1104.5695	196.71404	247.625	387.5	230000	188032.89	6011176.5	699.58185	-184.34697	188032.7	6011171.0	711.5043	-143.67198	4050.3389	129484.33	60.127583	-14.5541935	-186.28241	37.74914	37.533222	784.4369	3292.952304840088
417.69525	220.71767	982.823	204.501	296.0484	11.991594	315.58084	280.01666	224.33333	163.5	232000	179636.89	5742768.0	673.3907	-205.07088	179636.45	5742753.0	682.83606	-143.81563	3787.4695	121080.734	54.45445	-15.389864	-177.7994	33.676884	33.2327	740.5408	3322.7384111881256
384.46048	190.27719	834.0227	133.57397	126.541306	16.61428	172.95476	114.35977	192.27272	95.3	234000	172174.78	5504212.0	742.359	-144.71758	172174.8	5504214.0	728.62506	-141.76953	3537.597	113092.64	54.992455	-16.209576	-170.35016	30.940346	30.878101	1133.8033	3347.2337794303894
367.88107	316.3322	937.415	37.919647	706.7736	262.4853	970.07947	381.39713	281.7143	619.5	236000	166185.14	5312732.5	745.0642	-156.61633	166185.98	5312757.5	755.29974	-134.9346	3307.4998	105736.72	50.115177	-14.705687	-164.43568	29.07319	29.161863	780.22095	3383.2099027633667
961.9425	16.533905	978.4764	945.40857	312.18344	262.63504	671.8805	31.77275	1000.0	205.4	238000	163013.45	5211337.5	730.80707	-131.4844	163014.38	5211365.5	720.68036	-182.05609	3246.2966	103780.11	52.117832	-16.265036	-161.34174	26.375626	26.488409	790.5038	3413.4273335933685
462.94608	347.43585	978.756	39.82354	582.9879	81.00196	657.04376	445.17773	338.16666	312.2	240000	160401.42	5127835.0	718.9876	-104.37266	160402.25	5127858.0	718.8507	-114.771225	3022.0876	96612.45	48.71511	-14.185556	-158.52896	23.820919	23.744745	907.5783	3443.2567307949066
469.02475	217.04439	993.896	224.30824	681.58813	476.00534	1285.7455	96.93789	218.88889	393.5	242000	155711.08	4977888.5	707.0117	-113.81277	155710.67	4977876.0	729.8611	-221.9151	2758.4172	88183.234	49.09059	-17.480108	-153.61496	21.787485	21.764057	864.1816	3474.159513950348
527.55835	130.37024	793.4851	414.40265	1133.2589	177.6998	1555.8771	893.97546	341.0	745.3	244000	149926.69	4792968.5	745.0958	-119.67049	149926.34	4792958.0	731.79706	-114.6164	2620.497	83774.1	55.387825	-18.487	-147.81523	20.513613	20.450994	716.7395	3512.046806573868
519.4067	193.50023	768.11957	281.95956	350.07376	46.364403	448.98782	269.20078	266.14285	237.5	246000	143796.44	4596992.0	697.2831	-108.6366	143795.56	4596965.5	682.06573	-157.56487	2313.761	73968.15	49.45269	-14.989227	-141.68779	18.667696	18.43247	969.61487	3540.429375886917
460.21417	206.47882	864.85785	253.25586	433.34708	127.60765	655.8027	314.80872	249.71428	214.5	248000	137587.17	4398490.0	659.48193	-153.13515	137585.97	4398452.0	660.0232	-154.42844	1991.3975	63662.613	53.6003	-17.444513	-135.49155	16.98257	16.707516	901.0623	3568.349740743637
577.3235	172.76627	892.30145	373.9707	581.5037	96.449295	723.82855	437.6457	256.44446	308.0	250000	132094.56	4222898.5	661.4173	-111.22146	132093.89	4222876.5	666.03284	-100.75667	1755.0347	56106.387	45.978928	-14.96002	-130.04826	15.928053	15.60335	776.92163	3600.4794199466705
533.36456	228.60446	1062.0183	358.68008	859.3216	229.33116	1054.2017	379.2023	254.125	796.1	252000	127556.305	4077816.0	644.673	-165.43738	127555.19	4077780.5	618.473	-262.15674	1624.415	51930.65	45.44771	-16.076803	-125.59372	15.073271	14.831232	944.9138	3636.7113387584686
1005.48517	389.46368	1458.5079	507.67926	865.7894	208.25626	991.34296	451.91364	565.3333	793.4	254000	124113.07	3967740.0	584.2497	-166.2903	124112.375	3967717.5	574.50433	-155.55647	1530.7463	48936.184	46.664993	-14.657665	-122.221344	13.991278	13.719291	1085.8441	3671.5264081954956
591.8301	236.4121	1048.133	391.60916	1010.9535	142.76353	1289.7715	656.9848	289.125	906.9	256000	121735.06	3891717.5	585.04236	-252.24184	121733.586	3891671.2	578.475	-160.31139	1435.6375	45895.684	50.722702	-14.855827	-119.910736	13.074966	12.8837	1039.788	3709.8939096927643
818.70447	407.9714	1549.4303	349.63297	804.10205	500.35495	2018.0482	329.99963	391.4	355.7	258000	120173.05	3841782.2	567.7094	-200.65715	120171.93	3841746.2	549.52203	-200.91914	1350.8431	43184.92	48.757816	-14.221286	-118.36681	12.408289	12.375003	920.69025	3739.418365955353
1662.4159	245.71834	1986.1173	1391.1152	1155.0203	447.25473	2384.0505	604.65375	565.0	810.1	260000	118967.82	3803252.8	537.93164	-143.41234	118967.98	3803257.8	531.44104	-204.15567	1321.2786	42239.785	47.861153	-19.103418	-117.201324	12.042935	12.036012	832.8166	3777.182396888733
878.9983	599.266	2123.3027	388.75656	608.63464	245.63297	1257.1051	352.0633	387.66666	259.5	262000	118445.11	3786542.5	571.4936	-169.09079	118444.625	3786527.2	550.2727	-179.97878	1315.411	42052.207	50.138332	-15.067788	-116.688934	11.92798	11.742517	982.334	3804.8299684524536
985.43115	597.91986	2124.8218	396.74188	623.7362	875.6558	3232.5823	224.97823	372.6	256.6	264000	118414.28	3785556.8	536.2714	-100.80337	118414.41	3785561.0	539.7186	-127.98587	1345.4774	43013.387	54.178246	-16.202358	-116.66749	11.671822	11.524463	1020.37646	3831.5016973018646
909.6762	622.76495	1936.6594	232.79077	270.72507	163.12935	752.5392	175.2665	333.33334	125.8	266000	118476.68	3787551.5	577.4364	-114.65144	118476.88	3787558.8	559.88983	-126.46697	1297.7919	41488.926	49.35616	-16.643185	-116.697815	11.317784	11.26508	847.1513	3861.1116020679474
854.3187	531.6677	1690.046	229.20166	804.7965	530.9852	1754.9613	221.32347	288.7143	388.1	268000	118920.35	3801735.0	533.8408	-84.98529	118920.24	3801731.2	532.0785	-108.29869	1368.6714	43754.863	52.086613	-15.327668	-117.17288	11.015461	11.037748	1158.2316	3888.1107428073883
964.1813	649.3819	1888.4584	170.2759	2111.7065	786.1535	3494.0156	1072.0314	347.4	662.5	270000	120787.914	3861439.2	510.40417	-126.71758	120787.39	3861422.2	513.92664	-147.80457	1593.7489	50950.293	47.72899	-14.845852	-119.20227	11.13574	11.288424	747.5554	3923.4769217967987
1383.2173	947.8557	2834.6248	242.03316	1378.3517	555.5894	2777.6401	609.866	453.0	645.0	272000	124819.16	3990313.2	494.96246	-102.57172	124818.6	3990294.8	479.38358	-89.05667	1708.3961	54615.418	52.794662	-16.368446	-123.23739	11.389568	11.382789	992.56934	3957.2872037887573
664.7713	1088.6063	3270.3645	57.141056	544.29285	950.01385	3022.0293	67.68088	248.0	217.1	274000	127808.22	4085869.2	532.4793	-87.71118	127807.914	4085859.2	558.65326	-136.15057	1672.6434	53472.45	52.991787	-15.756903	-125.960434	11.439546	11.508961	1205.1677	3981.435704231262
1813.1671	483.22116	2382.0107	1200.7716	2236.5015	1345.2379	3918.482	113.078224	598.0	671.7	276000	129449.375	4138335.2	556.40424	-103.75003	129450.125	4138359.0	551.2216	-105.29026	1843.3503	58929.72	52.085693	-15.558426	-127.5892	11.492327	11.697006	766.87415	4017.8762006759644
1407.0281	272.55722	1600.1016	936.51215	1525.4182	546.42993	2671.1956	775.3626	515.0	632.0	278000	131002.84	4187997.5	485.05127	-113.06736	131003.414	4188015.2	505.98624	-221.15521	1991.7062	63672.457	48.716408	-15.400217	-129.2318	11.61316	11.760682	1094.958	4049.819544315338
1632.757	1045.1587	3363.7974	600.13367	1630.8994	1022.9524	3420.15	549.939	570.0	586.4	280000	131729.42	4211225.0	491.94867	-104.28824	131730.1	4211246.5	504.54962	-195.16655	1812.0696	57929.71	48.130318	-16.455727	-129.86507	11.413174	11.632807	1050.5865	4080.431634902954
2065.8572	858.6299	3153.0183	1053.8447	1756.9055	778.63654	3495.176	705.3351	688.6667	653.5	282000	131297.61	4197421.5	394.59186	-120.23457	131297.47	4197416.5	514.78937	-134.12881	1594.3447	50969.332	53.572445	-13.941255	-129.35594	11.285594	11.260377	747.16754	4115.214782714844
2291.2002	93.00183	2384.2021	2198.1985	1838.8844	910.2874	2975.9258	160.86247	811.5	722.9	284000	130692.52	4178076.5	327.61008	-142.42976	130692.66	4178080.2	359.5189	-206.18185	1407.6438	45000.76	61.60508	-19.334671	-128.6691	11.014312	11.0653515	1004.28326	4150.210146903992
2567.923	249.84877	2803.195	2221.9849	1865.0872	1036.862	3901.2278	686.1876	772.0	593.9	286000	130164.54	4161198.0	321.09113	-126.571625	130164.12	4161184.5	307.968	-107.16401	1267.221	40511.633	69.09271	-14.94298	-128.1136	11.056392	11.1144705	1023.8266	4182.4094796180725
3813.4536	101.53308	3914.9866	3711.9204	4033.3062	156.70363	4188.147	3618.2666	1000.0	1000.0	288000	130419.58	4169351.8	327.1447	-82.74856	130419.29	4169341.5	339.91235	-131.43318	1235.3606	39493.113	51.09371	-16.53631	-128.35927	11.110632	11.169976	911.6245	4220.505671739578
2729.8667	1334.1226	4063.9893	1395.7441	2800.622	1225.2711	4134.828	601.7468	691.0	760.0	290000	131459.27	4202588.5	324.19556	-125.78315	131459.16	4202585.5	329.58395	-80.40903	1287.748	41167.87	55.24673	-15.665863	-129.38495	11.039812	11.059082	699.54865	4256.787367105484
1933.1833	1376.2861	4228.3086	244.28636	2974.5825	1550.5664	4532.923	973.7495	514.0	713.0	292000	132794.48	4245275.0	320.82654	-118.32918	132794.84	4245285.5	299.97446	-179.20233	1346.2809	43039.082	46.661797	-16.053843	-130.69844	11.207944	11.234153	850.3944	4293.749138832092
2912.7275	89.555664	3002.2832	2823.1719	4169.486	320.93835	4628.7	3653.353	709.0	1000.0	294000	134374.88	4295797.5	305.48645	-68.056885	134373.88	4295765.0	293.41885	-98.44674	1406.6118	44967.78	51.357304	-15.250576	-132.23772	11.420192	11.486504	864.75476	4333.848103523254
4154.467	107.46033	4261.9272	4047.0066	4069.353	431.41776	4424.848	2869.1902	1000.0	963.3	296000	136344.77	4358772.5	315.47897	-82.61849	136345.55	4358797.0	303.8702	-134.32921	1501.1226	47989.152	53.207016	-15.261621	-134.18481	11.697687	11.677345	1066.4175	4370.917206287384
4143.2305	47.886475	4191.117	4095.3442	3008.2544	1491.816	4564.9155	532.13367	1000.0	725.4	298000	138578.25	4430174.5	317.81967	-105.79286	138577.39	4430145.5	313.46878	-119.80386	1583.2236	50613.816	55.597805	-16.037573	-136.39346	11.790475	11.854185	934.3674	4406.493970870972
