AverageEpRet	StdEpRet	MaxEpRet	MinEpRet	AverageTestEpRet	StdTestEpRet	MaxTestEpRet	MinTestEpRet	EpLen	TestEpLen	TotalEnvInteracts	AverageQVals	StdQVals	MaxQVals	MinQVals	LossPi	LossQ	Time
22.389359	30.580061	228.06894	6.377338	73.64901	1.6659774	77.10123	71.39552	24.0	45.1	1999	381.00333	3772.0095	14.593391	-2.4287872	-4.4235773	0.13452663	7.131170988082886
19.04192	22.219177	154.02037	6.485187	180.05711	1.2682284	183.01196	177.73201	22.336956	84.6	3999	1580.321	15645.343	45.948364	-13.505834	-17.49447	1.1104832	15.823976755142212
20.058224	24.573408	159.63116	5.755244	66.73037	1.0675853	67.9441	65.228775	21.956043	42.6	5999	3623.091	35868.863	112.828995	-26.923197	-39.659336	4.70183	24.9780113697052
19.83012	21.635439	135.54684	4.0690317	204.5494	1.3283722	206.18993	202.5551	22.738636	103.3	7999	6586.666	65208.46	184.95534	-52.035336	-72.48404	13.779558	35.84443259239197
16.586111	10.913117	66.51424	5.133089	169.84586	1.73048	172.98781	167.31985	21.483871	94.3	9999	11134.83	110235.49	304.45218	-63.395267	-121.88432	39.074432	47.191420793533325
172.78253	85.54167	281.05582	20.517174	203.36533	1.1223062	205.70284	202.18837	96.0	109.3	11999	18298.182	181153.08	381.63794	-86.23714	-198.06776	116.41532	62.9112286567688
239.07391	44.510895	306.9896	155.45232	214.41357	1.3834423	216.63286	212.91824	121.76471	102.9	13999	26492.82	262280.06	427.13965	-107.53336	-282.31082	166.38904	76.93788385391235
222.32729	16.788368	249.38564	195.7306	256.0637	2.5171769	259.22403	250.618	112.94118	143.5	15999	32693.918	323670.94	469.82748	-137.4037	-344.31982	187.14299	91.27133965492249
282.51212	109.48675	458.45203	8.317318	446.60214	2.8261168	451.7603	442.92426	170.0	304.3	17999	36794.016	364262.0	499.0075	-167.39911	-385.0675	216.03653	107.04233264923096
69.30984	113.57856	432.3493	7.1597943	20.464455	0.7655284	21.59656	19.48707	53.92105	31.1	19999	39991.434	395916.34	519.9493	-216.34708	-416.71036	301.63757	120.53543043136597
246.5479	41.614704	331.81613	193.23286	361.52045	4.4257965	367.56085	352.0003	128.26666	194.2	21999	41478.043	410633.78	545.5828	-250.07741	-429.9644	322.78195	133.53242301940918
319.20996	33.32806	386.39813	280.4911	276.49677	40.7078	293.5885	154.59222	142.85715	136.4	23999	43322.824	428897.34	565.3742	-228.9255	-449.71475	300.2568	146.64697980880737
238.70747	123.52384	408.43716	8.101933	360.74103	6.504726	375.82172	354.96744	129.6	192.5	25999	45607.17	451512.47	583.57666	-180.27136	-471.79596	294.43564	159.44168066978455
111.271515	245.03317	1027.7229	7.498597	7.5593934	0.17499866	7.8737497	7.3464437	118.22222	35.3	27999	47471.0	469964.47	598.24475	-214.33902	-489.74405	323.04678	172.1032886505127
62.192173	216.84338	1031.3289	6.581292	147.60205	152.09662	347.98978	22.54421	88.47619	115.8	29999	48654.113	481677.34	615.19727	-274.66766	-500.91495	379.40982	184.6553659439087
312.845	332.75345	1032.2576	19.088501	35.310875	0.87107474	36.817284	33.993668	252.42857	58.7	31999	49181.715	486900.7	627.6422	-235.08414	-506.50345	365.85693	198.41120958328247
322.514	282.62527	1039.5691	20.337214	314.41806	2.9725718	319.4633	310.60663	231.6	131.1	33999	49884.633	493859.53	638.41174	-363.78677	-513.8737	337.04456	212.37836360931396
265.24832	114.44337	357.54193	30.590353	340.60614	1.2778301	342.74838	337.6679	123.75	156.2	35999	51517.004	510020.0	648.25494	-231.04462	-530.4022	328.24677	225.13207030296326
324.37076	12.40124	348.65338	298.73532	319.1938	0.92737883	320.2608	317.69418	141.85715	130.7	37999	52636.273	521100.94	684.1689	-218.83092	-541.0195	332.68723	239.11442613601685
281.5965	81.84071	358.0377	74.49375	321.86142	5.823301	333.08252	314.47433	119.17647	154.4	39999	53118.9	525879.2	699.7309	-301.52286	-544.80304	343.11343	252.44992184638977
302.68387	76.13832	362.71933	45.316322	116.78445	1.8468931	118.78108	112.11272	148.92308	93.7	41999	52988.805	524591.56	692.37445	-229.37053	-543.4201	322.8289	265.3311142921448
208.31201	148.14296	364.2205	18.929176	337.63397	5.3578777	349.98856	330.3277	113.27778	144.3	43999	53118.773	525878.44	694.0907	-287.7312	-544.15125	317.9688	279.23568177223206
275.16428	120.19339	372.1015	29.40971	340.4552	6.1195517	352.96277	332.29355	135.73334	136.1	45999	52757.15	522298.34	697.2989	-173.78737	-539.687	329.42947	291.80633091926575
422.60547	105.71498	688.4611	311.7364	295.9271	8.631935	306.75363	282.33414	168.5	129.5	47999	51867.79	513493.8	700.72064	-246.68932	-530.70386	319.3057	305.8856666088104
363.4879	59.115486	471.2106	306.06006	480.13397	21.351307	506.16284	428.31552	152.07692	168.6	49999	51540.047	510249.4	692.91656	-212.55243	-527.749	331.38123	317.6593186855316
364.4103	62.633404	472.80127	233.96295	413.01602	77.73009	546.831	334.4563	160.0	191.1	51999	51089.945	505793.5	687.6279	-274.71417	-522.0029	299.2899	331.27820110321045
413.05743	153.91629	673.021	159.41003	946.36145	90.13149	1068.5782	804.54095	187.5	753.8	53999	49976.797	494773.3	671.88556	-250.42438	-510.7784	287.86816	350.11412262916565
693.33856	212.52634	1033.3386	452.88562	603.77606	66.07628	706.7797	497.52896	536.25	325.3	55999	49161.51	486701.88	684.4877	-353.8644	-502.15164	271.10284	365.06812500953674
439.6786	59.14912	546.1288	329.58157	196.23746	250.62009	590.7164	31.729374	233.375	130.9	57999	48326.29	478432.97	669.00104	-180.03323	-493.25537	250.01382	377.61260056495667
244.30238	295.61487	885.6431	7.4583817	36.04409	1.0287381	37.335857	34.51731	150.66667	64.7	59999	47436.883	469627.78	643.07916	-305.12177	-484.22162	253.77654	390.72258973121643
553.4664	325.74973	894.0997	74.389915	1013.53876	74.59359	1049.7488	791.09534	380.66666	976.1	61999	46782.645	463150.66	631.5356	-235.93304	-476.95105	246.60855	410.65510272979736
670.4778	211.62172	990.9025	356.5549	577.7992	9.520823	593.2646	557.6175	399.4	287.6	63999	46196.4	457346.62	598.7019	-249.64006	-471.32062	223.89438	424.85902214050293
550.90186	86.11216	657.2434	429.2283	1040.9152	0.5390431	1042.0763	1039.9662	395.5	1000.0	65999	46049.883	455895.94	603.44934	-249.27126	-469.8002	234.64433	445.9653425216675
845.9729	243.81027	1028.5156	501.37607	1022.9754	11.277835	1035.2577	1009.4482	843.0	1000.0	67999	45914.258	454553.12	589.3803	-257.64767	-467.83923	217.42984	468.2964415550232
1041.2814	3.7163086	1044.9977	1037.5651	1031.4534	0.56934094	1032.6635	1030.7253	1000.0	1000.0	69999	45560.64	451052.22	588.70624	-175.80096	-463.64526	208.83763	489.3380765914917
1006.9332	11.137054	1018.07025	995.79614	92.05146	16.841362	112.3805	44.933773	1000.0	102.3	71999	45028.97	445788.6	591.3403	-269.157	-458.4252	194.1069	501.5299217700958
217.38979	283.91003	996.3002	19.754383	843.8831	294.84372	989.8492	146.98349	223.0	854.2	73999	44758.24	443108.28	600.2763	-198.53683	-455.59488	187.13382	521.9786622524261
641.40173	292.42126	1176.9006	389.32532	1715.2217	6.690652	1729.7058	1705.6427	373.0	1000.0	75999	44266.56	438240.53	583.1383	-194.99263	-449.99744	212.73816	543.5922791957855
572.53723	450.70416	1456.8009	31.884035	585.84216	46.278713	722.57697	549.142	266.0	283.0	77999	43994.67	435548.78	574.6828	-237.54558	-447.6406	169.60863	558.3035769462585
396.0638	379.2709	1025.0801	13.02872	347.10056	1.5668527	351.26605	344.84494	156.83333	150.4	79999	43590.78	431550.22	545.9829	-312.6833	-443.03625	190.20044	572.3247904777527
531.84845	151.3703	773.4514	323.4139	511.00064	47.705975	579.8368	441.4907	194.90909	183.6	81999	43100.52	426696.6	534.4667	-187.59628	-437.97107	195.3105	586.7417647838593
592.1734	116.74954	681.7799	363.1197	494.0771	17.561205	514.72546	454.1293	215.11111	202.3	83999	42597.086	421712.56	529.1016	-199.134	-432.77063	180.18127	599.5363173484802
544.23663	110.33936	680.1009	385.50824	543.5124	4.444654	550.6251	535.2747	207.0	204.4	85999	42161.203	417397.25	532.0137	-254.64124	-428.03595	188.88756	614.2924766540527
515.21967	162.7713	780.91925	208.71994	537.64825	5.063482	545.2017	527.2632	211.0	210.0	87999	41734.875	413176.56	532.61176	-231.87189	-423.73508	160.4879	629.0879776477814
389.52682	305.76422	862.7497	8.873454	38.667595	6.5970426	45.675037	23.190428	154.26666	29.6	89999	41150.08	407387.03	517.009	-277.2295	-417.72757	167.948	642.0046067237854
344.18896	369.63962	908.9785	9.359012	647.86487	62.835926	672.35614	459.45087	132.71428	293.5	91999	40644.38	402380.56	505.14792	-179.69765	-412.4413	190.29546	657.0659098625183
763.4451	72.06905	878.9228	677.0495	672.5964	69.71259	741.7721	497.93594	336.0	271.6	93999	40364.47	399609.47	499.33676	-180.32852	-410.2659	177.81265	671.6317481994629
731.95703	98.306244	844.28595	550.765	833.8776	5.3133965	843.0345	826.9775	334.33334	421.2	95999	40414.11	400100.88	496.0607	-167.94658	-410.56348	174.58975	688.1274657249451
660.3673	161.12186	890.2861	462.0609	991.2038	269.47247	1490.1034	677.8201	301.0	550.1	97999	40289.53	398867.56	493.63715	-221.59427	-408.99826	167.95354	705.4921901226044
702.3237	96.32611	853.8039	556.5028	432.13705	6.3538475	439.85397	423.1168	290.2857	166.1	99999	39934.7	395354.72	494.0391	-252.5311	-405.1509	154.6807	719.8199815750122
531.4397	189.61151	913.7044	354.4374	522.2125	50.87005	588.0953	455.79453	189.7	202.7	101999	39536.0	391407.56	485.0474	-156.10101	-400.98145	150.4133	734.1382598876953
461.07336	85.46423	640.1665	351.6364	498.31845	342.63992	1388.5813	228.81851	171.63637	289.4	103999	39064.965	386744.34	476.28162	-178.17459	-395.62585	146.83527	749.3125846385956
361.8882	269.5755	899.41223	163.91815	212.9708	3.387526	220.37856	208.06993	196.7	109.2	105999	38687.992	383012.25	479.83807	-210.95676	-391.46594	147.1354	763.5094447135925
527.069	381.18118	1260.9692	130.96626	733.64996	84.502495	946.848	594.9509	238.33333	258.6	107999	38336.688	379534.28	470.01578	-178.81287	-387.56995	139.41881	778.1751863956451
554.4146	275.97357	796.2303	51.61983	567.7586	12.018231	581.2513	546.6392	226.22223	203.7	109999	37972.836	375932.16	471.5135	-215.1648	-383.38892	131.78125	792.2491610050201
781.1642	114.0328	924.7162	532.76666	638.40576	181.20271	765.67505	273.0016	255.25	237.1	111999	37520.32	371452.25	469.83618	-239.90727	-378.5499	125.475494	807.0651550292969
458.18533	118.27149	627.5243	180.60344	620.08093	74.30573	684.2953	493.50272	159.58333	199.7	113999	37163.84	367923.12	470.00198	-215.13573	-375.00626	119.21047	818.6316530704498
678.67944	98.56844	818.3882	533.07324	731.09314	19.64375	755.8999	700.1575	215.88889	241.0	115999	36984.875	366151.4	466.5239	-154.57068	-373.49588	120.27594	833.4134571552277
644.8894	291.88788	939.2486	119.15681	861.91504	75.00375	1045.0079	800.20184	218.66667	294.8	117999	36891.117	365223.22	462.39368	-200.06158	-372.407	126.23967	848.8374397754669
673.6298	234.5227	1018.33655	140.44493	585.77246	61.43408	662.1588	501.7494	227.77777	222.9	119999	36795.625	364277.88	469.57736	-160.01428	-371.29318	112.55381	862.6528117656708
635.14636	218.86588	963.6288	233.4705	823.3376	143.00319	1139.5999	621.2646	218.44444	263.4	121999	36631.613	362654.16	498.56064	-160.33609	-369.39868	121.21887	877.4366090297699
467.83215	413.8279	1494.1677	94.69591	85.94461	1.7248803	88.608086	82.7094	178.75	59.7	123999	36719.35	363522.78	535.66486	-195.26334	-370.80643	132.20262	889.9895091056824
177.78662	273.10776	1019.54346	17.81968	298.35666	152.15225	713.4393	193.60187	132.0	121.7	125999	37217.56	368455.06	558.5824	-169.47672	-375.91586	132.51569	903.9364852905273
474.93616	394.79376	1029.6804	92.48688	145.91847	1.3505387	149.5472	144.68555	340.25	85.3	127999	37856.785	374783.38	546.5072	-218.77321	-382.52084	138.8141	916.9239168167114
530.90186	355.4079	1038.1326	45.968647	78.71303	185.05205	633.86896	16.809967	289.5	46.7	129999	38521.566	381364.8	546.37726	-210.55334	-389.1781	158.32443	930.5718383789062
564.79846	322.48328	1175.9276	116.16718	836.2386	14.796741	859.42676	811.65125	223.0	302.9	131999	38969.02	385794.62	539.9057	-167.98721	-393.4444	143.99147	945.6869421005249
523.4712	176.62953	865.79376	106.18434	232.02193	275.28748	1051.3856	118.60188	209.3	190.7	133999	39234.48	388422.75	539.31506	-133.7693	-396.24042	156.76666	960.1823875904083
419.4153	325.03534	989.6753	30.30807	803.6821	18.703531	832.6365	769.82886	176.90909	276.3	135999	39573.312	391777.12	526.41064	-207.92737	-399.49396	157.66681	975.1488010883331
647.8681	217.79904	919.633	128.54156	669.13904	140.6229	982.7816	567.2742	258.125	251.9	137999	39761.02	393635.5	520.1787	-217.9298	-401.2155	160.8044	989.8230483531952
337.04703	284.07718	1047.6832	150.39859	228.2402	14.977967	269.47192	210.55159	200.44444	143.5	139999	39846.996	394486.62	524.8054	-142.58588	-402.0181	157.82079	1004.0932838916779
368.18005	250.4738	1028.5189	121.3078	694.41296	310.00992	1160.7968	285.6484	196.81818	276.1	141999	39840.324	394420.5	515.89905	-199.92342	-401.6876	182.58162	1019.5591742992401
608.3529	327.8786	1225.5573	144.29216	766.22675	28.119486	805.6051	718.4796	270.0	319.0	143999	39619.566	392234.94	500.51428	-235.89072	-399.40714	165.35878	1034.4515023231506
856.6838	504.56763	1627.0881	212.59123	1731.14	678.147	2509.537	775.4794	355.6	679.6	145999	39439.125	390448.5	498.38272	-230.92017	-397.6044	146.10933	1053.3093402385712
892.4494	424.80347	1535.4443	55.375214	1363.6263	947.9614	2855.6755	593.4868	331.0	478.4	147999	39431.336	390371.34	496.91626	-274.94855	-397.51907	148.47375	1070.401818037033
597.736	196.50533	930.4129	278.37964	598.2127	127.97255	848.93866	330.38947	216.88889	236.3	149999	39431.76	390375.5	510.62213	-222.22931	-397.62308	161.33229	1085.1529200077057
769.8888	264.14313	1171.4602	365.84357	466.57812	44.009964	542.8226	411.13718	266.625	259.1	151999	39368.285	389747.1	512.0389	-228.12201	-396.747	154.56438	1100.17951130867
1220.0609	341.01782	1556.4371	752.57697	704.4273	25.725983	735.93524	640.4931	597.0	244.7	153999	39397.59	390037.16	518.0631	-134.61082	-397.2003	155.92441	1113.791840314865
646.12445	233.89632	961.78107	227.53119	165.21747	0.99503374	166.91368	164.12302	245.22223	89.4	155999	39414.234	390202.0	519.3104	-209.6674	-397.3527	140.0271	1126.436891078949
872.80414	354.60526	1213.9221	142.78734	1163.6082	67.58537	1340.2578	1092.3414	296.5	386.1	157999	39353.21	389597.84	516.1634	-156.87785	-396.58844	129.34982	1142.4781923294067
732.354	517.9862	1370.5228	25.945148	873.4917	136.20357	1175.202	693.5993	258.0	359.4	159999	39297.734	389048.7	512.11426	-213.75874	-396.01007	131.99591	1157.8817303180695
1020.9514	512.13293	1974.3445	366.44022	78.1042	1.6651329	79.86101	74.657166	361.16666	50.4	161999	39330.195	389370.03	509.04147	-143.18578	-396.36383	139.60234	1168.4570624828339
1374.7211	530.148	2280.17	985.1234	866.54004	143.84644	1046.097	661.171	488.0	324.5	163999	39421.69	390275.88	506.69376	-263.10312	-397.2195	130.52238	1183.5863461494446
770.35596	343.80457	1362.5093	280.53528	893.2936	83.57512	1046.5863	791.9068	270.2857	330.8	165999	39496.76	391019.06	504.22668	-175.97052	-398.01324	142.36694	1199.4650189876556
945.7375	361.81174	1373.9911	229.99129	613.34766	6.9503455	628.4822	602.32355	333.66666	211.4	167999	39541.11	391458.16	506.6351	-165.31108	-398.41736	136.35622	1213.6240792274475
726.9874	279.96158	1187.6045	391.1027	145.22409	3.6248395	149.98352	139.45154	250.875	83.5	169999	39493.02	390982.06	508.9161	-119.63736	-397.87506	126.359726	1226.6771614551544
749.3846	330.21796	1063.5657	131.92932	242.23657	2.899594	245.89464	235.15286	263.14285	120.8	171999	39501.875	391069.72	511.96777	-152.05496	-397.9109	147.48065	1240.7335131168365
874.1717	447.45697	1367.1346	163.86049	290.8027	1.5839273	292.76273	288.34354	305.14285	140.5	173999	39402.637	390087.3	509.9589	-231.64694	-396.803	131.21078	1254.1138427257538
427.23718	387.71906	1118.374	11.053297	218.5386	1.4349707	220.85484	216.02345	159.3077	111.1	175999	39439.71	390454.3	515.242	-131.62535	-397.26187	141.11186	1266.8538224697113
357.2672	465.3562	1470.2659	66.60334	2254.0688	134.18086	2550.3867	1971.5271	146.6923	945.8	177999	39509.105	391141.3	504.52747	-178.64403	-397.96524	141.15619	1287.7364354133606
1062.297	274.45862	1372.8567	517.6445	606.743	52.457424	747.0815	544.50653	363.5	219.4	179999	39560.824	391653.38	500.89456	-242.90994	-398.58484	144.65791	1302.100706577301
832.2137	198.63194	1194.3988	527.3246	801.8185	75.89055	1017.5204	750.74475	285.85715	263.1	181999	39505.492	391105.53	500.7671	-209.54895	-397.7996	147.05215	1316.5668895244598
604.97784	269.20566	942.5073	85.239456	364.0878	77.86021	577.67645	308.78574	209.22223	150.5	183999	39354.36	389609.34	497.13605	-159.96646	-396.32706	142.99591	1330.4251708984375
418.25568	223.72855	759.3897	87.311035	763.8482	22.83498	808.0272	738.9511	147.85715	239.4	185999	39349.766	389563.88	493.0168	-211.14641	-396.22015	138.76112	1344.024807691574
676.6003	300.7032	1145.6945	39.032505	977.28937	126.77369	1267.0732	794.8191	224.11111	344.5	187999	39132.832	387416.22	485.91873	-161.30486	-393.998	153.92567	1359.5019795894623
830.3589	281.3317	1310.0597	397.29648	662.7148	189.25798	957.90295	410.8447	295.5	243.6	189999	39011.9	386218.97	486.1225	-153.90486	-392.9325	146.96204	1374.0374774932861
977.6277	261.12875	1447.1261	647.8898	632.5909	170.2074	852.8345	436.26477	360.66666	230.4	191999	39003.777	386138.5	479.66278	-295.8269	-392.76422	140.21729	1388.8481686115265
838.19885	231.32986	1140.4598	461.55164	1353.8223	355.43332	1995.0339	1014.5524	292.0	436.7	193999	38977.9	385882.38	486.17004	-173.08266	-392.51324	135.24019	1405.5730237960815
809.13074	507.0992	1524.316	87.80788	905.8465	242.7673	1515.0746	583.57074	276.57144	324.1	195999	38927.594	385384.34	485.92706	-196.40044	-391.95932	132.54024	1421.1442041397095
1111.6887	351.35098	1646.9613	699.76624	1682.6078	667.21405	3117.6936	596.29065	380.0	535.5	197999	38921.305	385322.06	498.18735	-186.65927	-391.85596	138.7535	1437.3697249889374
919.33966	337.70435	1419.1545	581.20514	1052.9912	18.043798	1079.5695	1029.0275	305.5	356.1	199999	38863.855	384753.34	509.70987	-153.47005	-391.39255	144.13043	1452.9739639759064
847.75903	471.00232	1397.9797	34.58731	912.5791	158.8486	1205.2244	574.6127	270.875	274.1	201999	38852.69	384642.8	514.47723	-167.79163	-391.19824	136.00668	1470.4202017784119
1093.8013	478.93024	1749.9092	662.0649	1155.749	134.6628	1312.825	984.57104	365.4	335.4	203999	38963.83	385743.06	499.14893	-187.08714	-392.26166	112.40758	1486.0522847175598
1741.5586	678.24414	2497.0305	689.32715	2008.0856	602.6486	3186.3623	1220.7358	570.5	609.3	205999	39040.35	386500.66	532.13306	-195.94884	-393.09366	139.77486	1503.557357788086
1802.8856	934.3225	2625.6726	496.113	3115.7554	58.200333	3251.777	3055.9524	578.0	999.3	207999	39196.863	388050.12	517.8375	-156.06857	-394.59738	126.8754	1523.3154151439667
1472.7081	827.6383	3090.0352	786.8993	2698.6943	485.62418	3018.138	1489.8214	450.2	900.1	209999	39292.926	389001.06	507.81256	-135.30219	-395.58966	118.63408	1543.4293439388275
1348.6215	970.9814	2607.7444	244.5452	1126.3522	75.4928	1196.7598	996.84674	424.0	350.4	211999	39462.598	390680.8	547.8709	-248.85985	-397.26483	132.80275	1558.5917336940765
1124.4688	782.7006	3090.2856	444.6624	681.05884	25.39938	711.1976	643.1692	355.625	211.8	213999	39605.906	392099.56	510.71524	-240.51819	-398.6452	121.36884	1572.8401732444763
1180.6681	356.30176	1631.9702	668.7483	669.14154	358.31238	1689.0533	511.70544	360.4	220.3	215999	39725.098	393279.47	511.8664	-258.60236	-399.8638	132.27934	1586.5171480178833
921.8779	428.1065	1570.369	211.63672	1291.4968	39.791527	1364.5896	1229.2377	283.42856	375.2	217999	39871.29	394726.8	507.41537	-207.88313	-401.38446	128.8633	1602.5742568969727
1032.1384	470.99896	1845.1097	581.0792	1001.3127	90.2711	1088.6095	853.57794	312.85715	305.7	219999	39925.43	395262.78	502.5951	-218.2363	-401.7227	138.77327	1617.1404778957367
574.41675	284.89145	931.21027	49.35332	931.9507	67.5084	1053.3925	827.1455	182.18182	271.2	221999	39934.406	395351.66	491.59232	-204.2033	-402.06802	130.87544	1632.3411626815796
646.0865	251.62743	1116.1384	258.33862	795.3605	178.44072	945.48364	521.0087	204.11111	242.9	223999	40032.78	396325.6	523.4507	-255.85832	-402.9344	128.09558	1646.442073583603
858.1517	274.05322	1357.5963	538.7435	827.979	170.48283	1293.5529	610.85187	263.14285	249.3	225999	40009.395	396094.1	490.09686	-242.19217	-402.6978	140.58546	1661.3384532928467
1413.4314	831.1441	2648.7476	503.79346	3132.7397	340.52502	3339.492	2357.7961	425.0	931.1	227999	39963.758	395642.3	495.4929	-164.02911	-402.003	109.91251	1682.6985347270966
1314.2588	718.03406	2315.3867	252.8682	2756.3577	303.76462	3034.1187	2104.4377	412.0	908.8	229999	39833.08	394348.6	491.6579	-207.2933	-400.62573	107.65953	1702.436960697174
2928.728	10.097534	2938.8257	2918.6306	1162.9874	663.61743	3135.2532	901.426	1000.0	361.5	231999	39787.46	393897.0	491.92905	-187.06656	-400.18552	102.83571	1718.4445931911469
1605.0865	441.25742	2118.2483	1028.438	811.5536	55.853447	857.6553	718.39856	496.25	302.5	233999	39816.773	394187.16	485.58365	-174.25348	-400.4332	107.070305	1734.0905022621155
1489.4397	895.28235	3018.7737	848.9238	2554.589	501.9777	3017.4856	1720.8661	491.0	864.0	235999	39797.832	393999.7	484.3723	-139.6201	-400.2429	109.4014	1754.439731836319
407.04733	649.0321	1987.4824	18.288216	1797.6846	834.99805	3083.409	847.1765	143.0	581.9	237999	39758.457	393609.8	488.21008	-145.0361	-399.84387	111.388	1771.478672504425
958.09576	280.12427	1456.9578	612.1265	1241.8627	44.971157	1289.7455	1140.6465	287.33334	340.5	239999	39719.82	393227.3	501.1752	-212.83557	-399.4022	112.89672	1787.117926120758
423.58316	621.7103	1862.234	5.7452645	359.98758	2.1948457	363.18292	355.82266	133.0	128.2	241999	39662.004	392654.94	501.66605	-161.51073	-398.84805	118.73358	1800.7552621364594
628.7385	259.06406	1129.009	233.88501	1227.2854	783.7042	3378.5637	588.08344	205.6	375.0	243999	39634.04	392378.1	481.46362	-228.97339	-398.51727	101.250206	1816.9415290355682
827.15936	244.27927	1191.567	552.69464	986.35144	205.18611	1373.845	789.274	257.2	287.4	245999	39590.883	391950.88	477.7227	-279.67426	-398.089	109.01051	1832.4854097366333
507.2428	849.7298	2479.5852	10.184162	1438.2802	535.1697	2849.917	773.5038	170.0	489.4	247999	39576.473	391808.22	478.4917	-236.22949	-397.94638	113.09969	1848.5812628269196
1974.0262	974.5623	2780.275	380.20157	1338.0881	762.2745	2696.1938	156.8552	671.5	505.1	249999	39701.03	393041.34	480.98343	-161.05064	-399.2595	120.85779	1865.8591003417969
2615.6406	24.084839	2639.7253	2591.5557	221.39949	4.050245	226.1934	212.60037	1000.0	104.6	251999	39906.156	395072.0	485.10425	-230.51666	-401.4145	115.356346	1879.5596826076508
1151.9928	351.06876	1811.023	866.3102	983.1637	9.105591	994.9981	959.70746	380.0	336.3	253999	39978.785	395791.06	482.30353	-181.5847	-402.0656	109.67159	1894.8056890964508
1358.9547	555.0848	2243.2896	896.5142	839.992	109.733116	1070.3098	722.86176	435.0	267.9	255999	40093.324	396924.97	476.9823	-114.07875	-403.18564	108.31526	1909.4540870189667
1251.7266	344.628	1658.006	768.0988	818.0083	19.571417	836.59235	778.6511	383.0	239.5	257999	40103.42	397024.94	480.1248	-195.77057	-403.3251	109.22037	1923.6839389801025
696.27234	102.76643	874.9485	548.3925	206.78035	3.344047	212.61966	201.38126	218.2	99.0	259999	40123.266	397221.4	478.4872	-202.77856	-403.45883	94.86222	1936.804945230484
871.30725	227.77513	1311.492	685.4346	3056.0417	91.104004	3284.667	2975.1135	268.6	996.2	261999	40061.066	396605.6	480.5681	-202.61308	-402.87247	108.037285	1957.7794406414032
1584.8558	1030.0302	3151.8167	219.64626	2751.5637	109.451035	2971.3354	2540.09	510.4	1000.0	263999	40081.71	396810.0	477.63562	-196.9074	-403.0078	96.182655	1978.589433670044
1951.9131	621.8138	2685.1885	1164.9077	2509.7043	749.3116	3120.313	1327.5703	665.6667	801.5	265999	40098.746	396978.66	473.78348	-189.92192	-403.18268	88.64224	1998.0034399032593
1525.4052	544.45654	2103.9539	770.1767	1234.4602	55.96313	1289.9287	1126.685	469.25	368.7	267999	40072.01	396713.94	480.46378	-221.39601	-402.71606	82.31952	2011.907840013504
1310.5005	133.16585	1514.6609	1173.4214	2984.7659	270.1977	3199.9592	2279.927	393.4	925.0	269999	39950.33	395509.25	472.86407	-167.93779	-401.67407	92.35978	2032.6716771125793
1667.8726	504.44122	2339.404	1144.9136	649.17914	9.572721	674.1562	641.61664	528.75	236.0	271999	39931.727	395325.06	476.71344	-133.61668	-401.33167	88.6817	2046.2854545116425
792.2167	389.23248	1198.2697	174.83246	899.03253	108.14969	968.5528	684.3505	252.75	261.0	273999	39793.945	393961.03	481.17664	-167.13048	-399.87738	90.9479	2060.1443231105804
1087.1918	179.59232	1343.0421	874.0116	1031.9597	119.687546	1272.725	929.0039	317.66666	307.3	275999	39587.906	391921.25	490.50253	-243.91464	-397.7986	75.60081	2075.2842478752136
1378.033	307.04895	1718.3815	881.65784	1976.9529	943.97516	3330.5544	801.3802	412.4	592.8	277999	39384.465	389907.2	474.09366	-159.82964	-395.52292	75.113846	2092.5065886974335
122.78236	391.49054	1945.699	4.283388	38.92953	14.391233	69.028534	28.382507	75.03571	65.4	279999	39164.117	387725.8	465.62347	-169.04669	-393.4713	77.449425	2103.6581609249115
194.74176	337.59732	1113.549	14.768255	834.42303	86.061424	962.7708	704.89453	90.13636	243.5	281999	38983.55	385938.2	462.2177	-169.09923	-391.8407	80.74703	2117.2168571949005
733.16376	108.53534	915.916	577.2681	1728.2188	845.50006	3404.269	1153.2662	219.77777	503.4	283999	38944.777	385554.38	461.40442	-156.78517	-391.52795	82.65525	2133.2616062164307
921.23926	300.74783	1278.0913	396.5049	1019.71893	4.850824	1026.9779	1010.4823	282.0	308.2	285999	38970.242	385806.47	466.1023	-92.79004	-391.7797	77.495155	2148.3030960559845
1889.0905	578.50397	2523.5908	990.32007	2571.728	935.6355	3205.6362	994.74536	560.25	804.3	287999	39050.746	386603.4	466.6862	-122.38573	-392.56094	71.41755	2166.8081171512604
1757.534	735.4201	2677.2686	877.1548	1242.3024	706.8938	3362.78	999.54724	525.3333	1000.0	289999	39115.945	387248.9	467.95856	-177.57335	-393.20132	78.19081	2188.1659350395203
974.4045	357.21188	1725.5544	643.1556	987.068	146.89006	1339.1007	813.7664	433.16666	745.8	291999	39009.53	386195.4	467.42575	-123.48249	-392.06805	62.385044	2207.1569805145264
1453.8295	518.0028	2318.1445	973.6426	3185.9656	23.083858	3240.323	3161.25	498.75	1000.0	293999	39066.414	386758.5	474.49008	-123.00743	-392.685	68.69972	2228.8668220043182
1064.5677	179.29915	1268.6273	831.00964	792.5787	15.463926	812.97595	768.62665	309.33334	234.5	295999	39016.598	386265.38	480.55234	-372.5905	-392.1058	70.59481	2243.866724252701
1107.7438	378.36334	1946.7754	843.8879	1108.6902	351.0007	1828.6835	854.52246	331.5	313.7	297999	38968.64	385790.56	480.75552	-182.8496	-391.66013	60.990086	2259.584569454193
1216.7075	378.45963	1677.5669	805.4602	956.6341	17.745584	974.17523	907.55664	357.16666	288.4	299999	38963.004	385734.78	486.20712	-222.42061	-391.54944	66.340485	2274.5458538532257
872.72003	180.03258	1195.8121	572.1301	684.8984	2.1903296	688.9538	681.70135	262.7143	219.5	301999	38901.867	385129.53	482.24466	-120.965195	-390.8852	59.60122	2288.2286653518677
1048.513	227.35095	1482.7673	806.59827	945.2324	5.9481835	953.5389	933.15283	308.0	281.6	303999	38781.832	383941.22	471.49942	-120.96743	-389.6388	60.029327	2303.101193666458
1007.49396	344.81335	1459.5704	531.6124	883.19366	31.494091	934.9171	819.537	302.57144	272.9	305999	38685.906	382991.56	465.43884	-144.48338	-388.67526	57.727398	2317.9148111343384
1230.0757	362.7013	1818.0583	754.97986	840.2418	20.239054	874.7196	809.96924	369.16666	246.1	307999	38492.48	381076.7	481.78958	-186.14471	-386.765	59.79945	2332.0605137348175
1629.9727	715.4417	2761.4854	949.3901	893.6034	242.87502	1373.3405	590.471	484.25	290.3	309999	38429.74	380455.5	470.16415	-161.98103	-386.0882	55.025616	2347.0232994556427
790.1277	292.89627	1280.9215	364.72122	2318.1948	924.5793	3162.273	1143.4197	251.875	746.4	311999	38201.09	378191.9	470.8941	-102.24415	-383.77356	52.833836	2365.7617077827454
1133.9724	252.16788	1495.013	793.9226	30.125462	2.2106194	35.968388	27.643845	334.2	32.1	313999	38099.58	377186.97	463.24857	-147.56755	-382.71106	58.037766	2378.7931377887726
775.7802	573.91705	1725.2123	18.90304	1476.1604	563.71234	2579.4182	767.25336	248.44444	506.3	315999	37888.273	375095.03	458.0203	-143.80452	-380.4953	49.15304	2395.5273287296295
1533.6846	354.59567	1819.4244	1033.923	1052.9908	1019.2363	3215.7068	519.1283	491.0	364.4	317999	37719.58	373424.9	453.5913	-156.41962	-378.87772	45.495453	2411.0464601516724
1974.9363	859.738	3105.039	1082.411	2528.85	964.62085	3149.229	691.99976	617.5	806.2	319999	37749.414	373720.25	455.36673	-171.96024	-379.27536	50.135616	2430.688225507736
1220.5349	639.82434	1757.9296	19.420914	2555.5676	888.26227	3013.7495	772.70355	378.6	852.1	321999	37724.344	373472.03	453.6066	-140.00175	-378.93924	52.625103	2450.85773396492
1614.9895	788.94037	2460.5386	525.5564	444.81485	63.35631	489.17017	311.90613	508.5	173.6	323999	37754.19	373767.5	457.3896	-131.47646	-379.24835	45.90012	2464.5892004966736
1023.6347	257.75433	1379.9844	583.1475	921.79755	67.27975	1083.0948	860.2947	322.85715	286.2	325999	37797.434	374195.6	453.00644	-186.32098	-379.68967	47.820538	2479.7975306510925
1047.5665	189.02821	1238.5541	718.372	660.2241	17.788603	683.96765	630.16144	316.8	212.1	327999	37731.977	373547.53	445.40298	-172.8676	-379.0546	45.252266	2494.515455007553
709.5964	427.4187	1722.3779	201.12144	754.3914	15.943835	777.98926	728.69946	232.33333	227.3	329999	37595.664	372198.06	448.4824	-232.91931	-377.6355	48.116962	2508.79239821434
1527.697	933.144	3204.8147	695.97144	890.47156	79.72526	996.1167	763.89575	448.0	247.1	331999	37553.27	371778.34	443.04538	-153.40866	-377.17422	54.43997	2523.2212765216827
823.35657	168.84816	1026.98	468.12747	1092.5414	158.21774	1273.9382	715.74133	249.25	316.3	333999	37423.105	370489.75	441.9367	-108.53039	-375.97293	42.15683	2538.077320098877
963.2675	420.4276	1862.4843	620.35754	842.2262	28.785934	872.91394	796.8931	307.33334	278.0	335999	37447.973	370735.97	454.37177	-158.72107	-376.21173	49.249805	2552.5181391239166
899.628	122.29163	1139.7175	772.84064	865.4258	15.846732	888.5215	832.2347	278.85715	266.0	337999	37479.992	371052.94	448.34116	-129.4372	-376.50696	35.288555	2567.492402076721
895.7298	166.04523	1097.799	494.96283	1296.0522	248.88152	1787.695	972.9763	274.75	435.5	339999	37392.363	370185.47	449.25998	-180.1861	-375.5404	36.762585	2583.393075942993
1144.6038	340.15985	1784.8926	816.87115	1472.4242	552.9112	2535.3452	881.1495	370.6	465.5	341999	37315.656	369426.1	441.26212	-137.77354	-374.78888	32.22407	2600.0846977233887
1308.7648	286.94437	1636.3802	930.7547	1156.8772	27.157263	1200.6454	1119.2986	398.2	329.3	343999	37279.273	369065.84	443.13846	-126.785995	-374.2916	40.36112	2615.1957080364227
1419.0687	1017.95825	3106.1873	378.20367	754.808	84.186356	813.031	587.848	442.0	231.3	345999	37081.066	367103.62	436.96747	-185.21286	-372.24194	35.12046	2628.1253609657288
2782.0732	177.05737	2959.1306	2605.0159	2996.94	14.609896	3029.805	2974.9695	881.5	1000.0	347999	36937.89	365686.16	437.01093	-122.173195	-370.82843	30.037811	2648.5420496463776
1871.3674	995.0996	3059.9578	832.4099	190.40646	3.2263262	196.03972	186.2826	620.75	91.1	349999	36863.164	364946.38	442.05328	-116.94495	-370.00992	30.71042	2661.9418199062347
586.2323	755.49225	2363.2427	10.614597	1112.8538	600.09784	2784.129	782.711	193.11111	385.7	351999	36739.215	363719.25	437.33545	-140.71077	-368.7769	32.558346	2677.7601697444916
1214.6206	835.8073	2467.285	182.26591	2959.268	9.5627575	2969.299	2944.622	408.0	1000.0	353999	36574.0	362083.62	437.38147	-145.75296	-367.17038	36.053093	2698.837916612625
1658.7686	578.2967	2391.8079	978.1938	3064.1768	9.5131035	3076.7358	3050.2603	540.0	1000.0	355999	36579.36	362136.62	435.18607	-172.68991	-367.2646	33.59259	2718.7788183689117
2465.925	424.2612	3051.9768	2061.5266	1912.4401	1032.6184	3362.705	992.7058	763.0	571.2	357999	36582.023	362163.03	436.69986	-153.48099	-367.33105	37.87228	2736.595480442047
1498.5481	686.83466	2637.8806	915.64465	516.0591	134.07088	727.3861	425.90506	449.5	186.4	359999	36627.133	362609.6	435.4261	-76.54962	-367.7243	31.595177	2750.099795818329
1208.7335	397.1969	1927.3716	780.289	2315.7466	931.5998	3445.3179	1193.0084	371.16666	666.7	361999	36689.14	363223.44	436.4911	-78.66532	-368.34238	39.800316	2768.3793647289276
1367.4363	785.29047	2678.6775	477.009	876.4748	9.008152	889.48975	862.2054	409.8	249.8	363999	36644.086	362777.4	433.38568	-108.37502	-367.8581	44.913727	2783.036724090576
1034.6129	202.25299	1450.3713	808.68994	1864.5277	862.66174	3195.9429	1042.9956	297.42856	582.3	365999	36558.977	361934.84	432.61063	-96.13967	-367.07294	36.42881	2799.7617342472076
995.428	208.06158	1348.222	723.9968	2067.7905	1219.4276	3358.794	786.5764	288.0	631.5	367999	36551.594	361861.75	438.74527	-97.97934	-366.9751	43.355274	2815.8711171150208
1092.2699	234.94725	1617.8611	794.8452	1539.7906	889.1224	3330.3188	947.7256	317.57144	466.0	369999	36521.2	361560.88	436.7468	-121.99087	-366.62912	33.651905	2831.3767116069794
947.1462	267.43622	1370.888	421.37723	2337.6296	655.9831	3389.4583	1535.9266	272.42856	659.3	371999	36500.836	361359.25	437.52682	-152.36095	-366.52255	42.15696	2848.436609983444
1633.4899	849.1395	2758.9126	686.6225	3232.6492	28.436596	3282.1501	3202.3748	472.75	1000.0	373999	36492.547	361277.22	436.21353	-114.54603	-366.4227	35.589046	2868.1811883449554
1317.965	361.42264	1779.8347	883.1464	1215.771	96.768814	1468.7537	1124.9763	397.2	327.7	375999	36536.016	361707.56	434.43735	-74.36091	-366.83136	37.052895	2882.9689095020294
1285.4662	207.59708	1649.9001	1069.6238	1779.8352	646.5578	3386.6233	1179.6971	365.16666	514.6	377999	36551.594	361861.78	433.1897	-94.14786	-366.9882	37.83552	2899.279942512512
1101.9078	256.83008	1479.6921	682.3559	2499.9224	574.48883	3411.6025	1806.5499	311.83334	724.2	379999	36519.234	361541.47	432.27206	-121.889046	-366.56244	35.804836	2916.0147726535797
1080.0658	244.11314	1524.2842	696.58215	1063.1893	105.1052	1178.5742	867.8116	308.42856	303.1	381999	36573.566	362079.3	432.6308	-94.20283	-366.9883	36.12827	2930.3037436008453
1144.3254	305.7482	1737.9795	900.8197	981.8278	5.3023767	988.92004	971.83295	323.8	283.4	383999	36641.254	362749.4	435.0178	-129.45694	-367.6341	38.787292	2944.1876373291016
1146.4581	542.993	2101.8953	344.61945	1555.5138	346.60086	2190.6584	1201.4319	337.2857	454.9	385999	36647.984	362816.06	431.25543	-162.22165	-367.77924	31.20268	2960.2361981868744
1269.4143	252.47993	1728.4175	1017.7155	1275.354	80.878075	1428.7233	1117.2926	373.8	372.1	387999	36668.258	363016.78	432.8675	-107.29135	-368.0031	29.69788	2975.9618756771088
1076.9181	263.13275	1564.9346	713.7401	1198.2836	130.81537	1530.3131	1010.789	349.66666	377.0	389999	36643.266	362769.34	433.9915	-121.673515	-367.73022	33.473183	2991.6962792873383
872.03894	137.67256	1056.171	593.9144	947.1839	18.082108	969.0004	900.4623	257.875	259.5	391999	36620.816	362547.16	434.96805	-157.58615	-367.46378	32.595913	3005.3478565216064
916.69403	123.29689	1146.7406	749.2325	1038.5559	6.346319	1045.6315	1025.7063	264.85715	287.4	393999	36637.89	362716.22	440.56662	-114.987	-367.69543	37.86084	3020.06902551651
912.0122	119.32517	1041.7627	664.9452	1228.4989	72.51407	1333.5967	1120.645	264.625	342.2	395999	36639.63	362733.44	449.6631	-89.904724	-367.71558	31.460136	3034.6110982894897
993.8595	112.23377	1220.3776	810.5012	1481.075	227.67961	1787.6194	1200.2888	288.0	404.3	397999	36722.22	363551.1	442.86603	-148.11763	-368.604	33.378284	3049.7702367305756
1235.7454	210.71585	1527.6694	989.665	2094.3892	1046.3801	3050.9216	13.976936	348.8	672.1	399999	36785.586	364178.44	445.65146	-97.60976	-369.22748	28.527895	3066.8318042755127
1332.8018	233.72198	1680.297	993.7875	1086.996	31.124016	1164.8575	1058.79	382.83334	309.8	401999	36860.57	364920.75	456.4523	-118.01144	-369.92706	33.976204	3083.9016716480255
1633.6185	992.2358	3346.6829	986.84076	1163.7378	95.334724	1276.4766	1024.2874	465.5	328.5	403999	36996.13	366262.78	459.06302	-151.95561	-371.2989	34.082554	3098.2021894454956
1252.3723	428.81964	2069.599	920.65344	1246.6704	81.79986	1339.3838	1144.5598	362.4	353.8	405999	37054.855	366844.2	461.57202	-107.4349	-371.918	35.172726	3112.352102279663
1457.9924	445.34607	2091.134	766.1323	1272.7971	85.01643	1402.3746	1143.0472	428.4	344.0	407999	37179.84	368081.5	461.15338	-91.19894	-373.0972	30.399353	3126.45836520195
1772.3507	665.0875	2783.474	1079.4279	1108.414	84.46904	1233.5544	967.9973	502.25	326.0	409999	37180.11	368084.2	464.9035	-83.33351	-373.14813	33.885353	3141.1063075065613
899.41034	460.03238	1576.6146	345.6496	1126.608	482.31265	1631.887	346.65768	274.85715	338.4	411999	37311.4	369383.94	535.0294	-133.99763	-374.47418	35.646908	3156.22945356369
1072.1453	208.8314	1483.2357	803.24176	1556.9673	178.82683	1749.8849	1225.9662	317.83334	465.5	413999	37390.84	370170.47	462.6048	-119.35137	-375.26718	37.59107	3173.4135541915894
1215.4374	178.40393	1456.9164	981.6746	36.001984	0.18533939	36.3782	35.780293	364.16666	21.0	415999	37380.902	370072.1	461.2037	-80.397484	-375.16107	38.709778	3185.556389093399
1059.6716	145.926	1332.4231	882.4632	1077.5101	22.89136	1105.6664	1028.6589	307.66666	291.7	417999	37468.812	370942.38	466.21762	-107.087166	-376.06464	33.008297	3201.3410391807556
809.4797	764.67786	2506.2493	78.47069	2130.555	727.95386	3177.3745	1002.13776	250.66667	656.8	419999	37421.13	370470.4	466.78033	-67.30163	-375.6068	47.26218	3217.950215816498
1551.2236	751.6672	2355.7148	609.0547	1413.8	56.959446	1455.4491	1247.2139	478.5	413.6	421999	37447.246	370728.94	475.3585	-50.892525	-375.8131	33.34681	3233.335344314575
991.1377	255.29999	1160.1	487.72498	971.1836	26.399876	994.84735	917.99615	291.2	271.7	423999	37444.207	370698.88	470.46774	-206.58577	-375.8428	40.532684	3247.939205646515
1521.1451	1008.4313	3532.629	918.75867	1196.1255	69.17299	1301.2047	1106.4911	426.4	315.3	425999	37573.152	371975.44	473.43158	-131.09671	-377.15918	36.46294	3263.299322128296
1470.7045	571.7694	2431.9314	1014.0352	12.137363	1.0027043	14.346482	11.181384	408.83334	13.5	427999	37825.88	374477.4	475.4995	-109.29285	-379.7571	34.154	3275.402816772461
1408.5697	353.36288	1897.491	1010.49805	1459.5187	48.68374	1589.2981	1410.2362	383.6	400.0	429999	37921.97	375428.75	476.59827	-136.99615	-380.6392	33.948944	3290.9736449718475
1956.3389	1119.2969	3535.608	1073.592	1667.0361	476.60565	3041.1829	1246.527	544.6667	424.7	431999	38006.355	376264.12	477.01218	-159.03618	-381.49808	30.90779	3307.027949333191
425.8265	713.7854	3013.8118	7.8553843	1267.1384	40.14091	1323.8269	1200.0138	126.9	336.4	433999	38090.84	377100.5	478.4945	-139.95958	-382.27167	32.769577	3322.1617846488953
723.672	606.55096	1989.9098	67.061646	615.9173	49.60996	698.05176	538.5517	227.25	183.1	435999	38093.848	377130.28	479.689	-168.54483	-382.44626	49.13362	3335.8015053272247
893.46985	733.6255	2234.7527	148.97511	2577.7593	856.54224	3373.4768	1240.5575	277.7143	778.4	437999	38200.65	378187.62	478.5883	-128.62784	-383.4836	34.551575	3354.778302669525
1158.5796	151.35916	1336.4893	958.2105	1079.8645	39.260338	1150.8995	999.3747	334.83334	296.7	439999	38280.816	378981.3	477.20142	-128.1588	-384.1908	34.710014	3368.555775642395
1046.2703	214.54678	1401.2168	710.83954	1718.4551	560.5045	3356.955	1319.2621	299.42856	497.8	441999	38268.39	378858.28	479.34207	-133.53716	-384.05933	36.198235	3384.4474124908447
1089.9303	598.3812	1909.9407	0.10276834	1258.436	62.6359	1372.4634	1143.596	330.33334	344.7	443999	38271.32	378887.25	476.3169	-125.38229	-384.17224	38.475773	3399.7941856384277
1384.4806	485.43167	1873.9978	553.12634	1568.5414	86.650734	1677.5143	1429.6223	404.6	443.5	445999	38317.7	379346.47	481.0133	-117.858406	-384.6089	40.49837	3414.825614929199
1325.6012	151.90353	1509.7399	1098.2092	1625.2927	132.34735	1819.994	1420.234	366.4	453.3	447999	38315.67	379326.4	483.7862	-129.52281	-384.5968	33.762897	3431.2447412014008
1133.9414	296.3629	1560.8119	626.2309	1383.3613	262.7683	1899.1501	1185.444	329.2857	390.6	449999	38235.516	378532.84	482.18506	-114.495255	-383.77545	39.792507	3447.352379798889
959.2649	184.04567	1215.3496	599.36884	1320.9441	227.95738	1649.408	1065.5422	286.5	391.1	451999	38157.164	377757.22	479.93234	-150.49625	-383.0176	38.8706	3462.9522728919983
720.28424	297.71997	1122.4163	162.93753	1218.0343	136.81654	1505.8523	1060.0178	227.9	341.2	453999	38227.73	378455.8	477.66132	-117.53697	-383.78232	40.381023	3478.329853773117
931.87396	211.82048	1159.6752	627.9491	1264.7715	71.98064	1355.2798	1136.9287	278.7143	344.5	455999	38164.71	377831.9	483.24414	-125.826385	-383.04794	31.898039	3493.434685945511
994.6958	244.36029	1255.2094	638.45154	1402.2661	35.579586	1491.836	1369.9734	282.57144	373.0	457999	37977.035	375974.0	486.12735	-106.333885	-381.13165	35.776955	3508.1326756477356
980.2371	303.46814	1517.2721	615.82465	854.285	257.08835	1246.0424	546.684	278.57144	238.8	459999	37885.09	375063.75	486.83594	-111.20874	-380.1985	29.825754	3521.699845790863
967.10034	376.16284	1256.8776	-0.5227014	1295.0588	49.148018	1432.7382	1252.1981	264.5	349.8	461999	37728.81	373516.6	489.484	-96.944916	-378.5977	29.48473	3537.089194536209
1117.2166	532.267	1596.242	-0.91743356	1704.199	197.46947	2160.6309	1476.7037	310.0	464.8	463999	37611.96	372359.78	485.77914	-201.88452	-377.36487	24.660135	3552.6555695533752
1409.8589	133.65971	1606.888	1279.3805	1564.808	8.861857	1577.2067	1545.9137	394.6	421.6	465999	37499.734	371248.75	485.47995	-85.21827	-376.30054	25.091755	3568.240607023239
1312.4724	191.20882	1517.8271	994.2637	1433.0488	41.87126	1508.2512	1385.9373	371.8	370.6	467999	37365.375	369918.6	481.14633	-187.27444	-374.92114	27.225615	3584.1862993240356
1430.9409	451.9483	2309.9062	1049.9155	1211.0526	16.810575	1233.5441	1173.2405	405.6	321.6	469999	37270.43	368978.62	477.35748	-131.3561	-373.91608	22.84042	3597.7483789920807
1122.0004	632.4787	2075.0596	205.35434	1696.5906	382.63763	2744.7258	1376.6804	323.14285	460.7	471999	37188.242	368164.94	473.84265	-72.067665	-373.03595	23.497465	3613.2229104042053
1150.5029	123.80371	1394.8303	1024.8796	1153.1062	21.826023	1190.4932	1100.3911	328.33334	335.5	473999	37062.67	366921.75	475.98773	-145.12897	-371.7753	27.387312	3628.1236078739166
1233.5323	110.60818	1411.9064	1072.7075	1408.9155	172.90013	1674.151	1192.3969	344.0	379.4	475999	36916.953	365479.22	475.18478	-77.61944	-370.33014	18.950949	3643.827703475952
1081.4694	301.19852	1540.9083	665.24976	1198.9362	199.15291	1551.9398	925.5174	305.83334	355.9	477999	36835.727	364675.03	473.4351	-113.48135	-369.45105	20.180344	3658.1170032024384
934.12244	177.02083	1325.4889	704.63257	1278.9747	189.47467	1750.5754	1053.5082	264.0	347.7	479999	36671.434	363048.56	470.80383	-91.653984	-367.798	22.835278	3673.0914936065674
1133.4154	200.21693	1396.0135	888.665	1463.9463	421.6169	2118.1006	973.4629	316.33334	394.6	481999	36541.19	361759.16	469.96475	-90.29855	-366.51337	19.746452	3688.694670200348
1651.51	899.7545	3207.2607	1062.6096	2453.5417	462.47253	3147.4832	1518.8735	494.5	795.5	483999	36441.98	360777.0	468.60486	-54.452618	-365.47717	18.927101	3707.803982257843
2169.75	219.3808	2445.5828	1908.8331	1381.7932	402.19815	1951.977	864.7319	626.6667	397.2	485999	36330.754	359675.8	464.62952	-142.40718	-364.43176	23.523151	3722.991478204727
1901.7327	496.42093	2648.7183	1331.7245	2835.8188	13.784569	2855.027	2813.6245	544.75	1000.0	487999	36349.08	359857.22	464.7312	-89.478165	-364.59818	14.930866	3742.9395682811737
2873.3115	227.81738	3101.129	2645.4941	3141.952	587.60236	3612.49	1502.113	877.5	903.0	489999	36358.64	359951.88	466.80112	-142.08022	-364.65564	20.34557	3762.660029888153
2033.5469	576.86163	2931.92	1393.262	3311.9602	319.05502	3529.9656	2393.5503	565.5	954.3	491999	36362.93	359994.34	466.7755	-117.06639	-364.71838	20.663109	3783.197680234909
1842.9167	589.45013	2712.1724	1175.7493	3123.7065	585.6884	3553.1042	1934.1564	521.75	892.5	493999	36393.77	360299.66	465.5606	-103.69212	-364.9537	16.704527	3802.889263153076
1482.7253	232.8976	1781.0848	1112.4958	1075.1355	45.098904	1201.1038	1046.2638	396.4	300.1	495999	36345.62	359822.94	465.87738	-134.54718	-364.4757	16.6405	3817.90744304657
990.53204	533.26105	1755.1931	268.6684	1358.5944	75.561005	1531.2819	1265.4757	282.2857	350.8	497999	36357.062	359936.2	461.41956	-128.79016	-364.66348	29.038181	3833.7998836040497
1148.3431	307.20108	1665.1573	866.3255	1261.136	48.3188	1321.7029	1152.7601	313.16666	328.3	499999	36305.496	359425.72	463.13217	-100.574425	-364.18	25.941628	3849.2815296649933
912.16095	134.4958	1052.4098	719.78827	1968.2545	1065.3947	3628.3	1180.6533	253.125	538.6	501999	36300.73	359378.5	461.3976	-111.719795	-364.08676	23.56136	3866.0358164310455
1140.5507	130.13156	1273.4875	900.51056	1052.3252	49.797096	1149.4437	979.9045	305.2857	283.3	503999	36190.36	358285.88	467.41345	-82.95548	-363.01993	25.825844	3880.8736386299133
1280.0695	315.61316	1810.5397	928.8942	931.621	41.331364	989.51215	864.21564	343.6	255.9	505999	36191.906	358301.2	469.16022	-106.64228	-363.00082	17.500618	3895.564879655838
1072.5968	216.42465	1343.3011	686.9333	1462.0687	254.61945	2222.4863	1308.1632	291.7143	394.8	507999	36128.383	357672.3	468.85782	-117.1338	-362.40225	18.89291	3911.815987110138
1133.9799	372.9788	1747.6252	706.69415	573.0868	22.709242	631.34235	552.6258	310.33334	181.8	509999	36100.484	357396.1	468.2783	-91.36446	-362.09436	16.488245	3926.112550020218
985.433	355.16122	1757.5066	513.3686	1000.6847	64.78306	1104.2776	847.8331	279.5	269.6	511999	36019.273	356592.12	470.55405	-120.60339	-361.23712	20.362473	3940.937878847122
936.66516	527.11017	1788.2451	132.48131	2646.8474	611.04224	3450.244	1703.5825	268.25	749.3	513999	36021.33	356612.47	468.48703	-79.54051	-361.29538	19.054758	3959.2835507392883
1657.6904	747.35626	2816.9932	731.1699	2227.496	682.47144	3580.7046	1707.2972	465.5	603.5	515999	36006.344	356464.16	469.69363	-129.77486	-361.08124	29.390902	3976.5544447898865
1535.9713	211.14635	1817.3337	1204.2351	2764.0142	544.4913	3603.868	2157.1553	416.2	736.4	517999	35984.297	356245.84	467.9652	-138.35316	-360.92776	25.761156	3994.6476044654846
1717.8895	631.98346	2521.6597	1003.5178	3113.7065	512.11127	3681.0356	2193.6465	479.5	847.7	519999	36102.887	357419.9	468.56406	-63.85246	-362.06488	22.466574	4014.7689502239227
1208.6378	327.0425	1740.8512	782.6093	1397.6653	184.73491	1720.3689	1215.1101	340.16666	381.4	521999	36128.207	357670.53	468.62698	-98.26585	-362.29688	20.585623	4030.492420434952
1133.1844	705.36414	2410.8267	33.123783	874.3537	105.933174	987.02814	762.5798	321.0	255.8	523999	36133.383	357721.75	462.96698	-160.54852	-362.3802	19.82723	4045.3433525562286
1026.0319	316.7398	1585.3661	669.4255	1332.35	286.69516	1856.784	1035.7664	296.0	362.4	525999	36080.21	357195.4	464.05493	-74.31877	-361.8249	18.077557	4061.0301761627197
899.1008	399.84442	1467.4978	99.34072	646.0418	269.34448	1338.8265	352.8404	250.625	194.8	527999	35985.28	356255.6	459.49796	-105.60423	-360.86008	23.682669	4074.057041168213
597.49896	493.00558	1613.3757	69.38734	2214.872	771.80347	3499.1697	1225.0688	182.27272	614.8	529999	35929.3	355701.4	462.68997	-145.05722	-360.37668	28.460358	4090.7335760593414
1489.3462	675.49976	2780.5562	782.66833	1086.0095	7.1829815	1095.7013	1075.1012	408.6	296.4	531999	35858.93	355004.78	469.24957	-141.95026	-359.66116	25.925243	4104.980951547623
1432.227	470.85162	2231.5469	900.11194	1545.3032	732.01447	3432.1313	868.13226	412.4	479.8	533999	35948.52	355891.7	465.4639	-117.9945	-360.61176	30.807978	4121.691963434219
2182.1384	371.43024	2654.5513	1747.0345	1387.6263	255.0891	1893.9735	1184.4419	607.0	381.7	535999	36163.348	358018.5	463.76837	-65.10033	-362.7243	31.720356	4137.346711874008
1502.9705	360.58417	1926.2766	997.39	1203.5151	170.54611	1669.0992	1068.9675	411.4	326.2	537999	36346.613	359832.78	462.03546	-103.969536	-364.61053	29.113482	4152.751030921936
1185.0282	218.64713	1635.0189	993.25574	803.9919	536.9628	1516.7336	273.14847	328.5	255.6	539999	36434.164	360699.5	465.02234	-110.046974	-365.4509	26.009504	4166.94254899025
1325.9104	471.72498	2119.3523	877.58594	1430.2421	698.49615	3297.3406	754.202	359.75	422.6	541999	36527.742	361625.97	466.11362	-163.71703	-366.40506	27.017279	4183.486565113068
1294.7772	1257.5878	3579.5957	206.41968	745.1635	61.333744	835.4697	665.1663	382.42856	218.0	543999	36688.703	363219.47	468.83792	-166.49178	-368.0012	22.412952	4197.803856134415
889.7013	527.2449	1980.5164	434.8458	837.4264	862.07806	2682.455	397.76556	265.7143	260.8	545999	36699.33	363324.66	465.50092	-93.21351	-368.13214	26.302769	4212.968731880188
1480.5774	791.1013	3043.9922	928.7792	1155.8773	22.870834	1193.0913	1119.1392	404.2	304.6	547999	36793.586	364257.8	467.23413	-145.1315	-369.06387	24.147404	4228.381529092789
1136.8683	172.67644	1346.5231	944.4184	1346.9371	343.3531	2045.4092	991.25323	305.16666	367.9	549999	36848.16	364798.06	468.3294	-140.94522	-369.60568	27.995953	4244.083924531937
1336.9287	544.73315	2542.1453	963.5733	1431.9818	258.52487	1909.9142	1139.0907	368.66666	373.7	551999	36907.215	365382.75	471.9315	-99.16757	-370.24625	28.569792	4259.286589384079
1130.787	198.969	1422.4475	801.26074	971.28503	27.133377	1019.25653	931.363	310.66666	266.4	553999	37020.04	366499.7	468.73196	-71.09727	-371.30328	24.882769	4273.6151514053345
1176.5907	197.63481	1482.6201	961.48987	1300.4817	139.9673	1546.2278	1074.9865	318.42856	350.7	555999	37022.42	366523.28	468.7893	-76.82262	-371.24405	19.207497	4288.547954797745
612.6946	599.48334	1501.7189	164.38512	1227.006	32.509556	1300.298	1181.8054	190.22223	317.7	557999	37034.137	366639.25	489.7805	-96.725746	-371.40668	25.879162	4304.096458435059
1177.4747	297.24127	1492.8917	622.61304	1802.8662	190.52861	2104.715	1562.3794	320.5	464.1	559999	37133.105	367619.0	469.09357	-98.7194	-372.44296	25.527027	4320.89320898056
1614.3535	413.3	2361.3225	1147.9445	944.2259	10.71171	965.4435	932.40454	424.0	261.4	561999	37219.703	368476.34	465.47412	-103.09558	-373.2789	22.203629	4334.996252536774
1522.3064	438.80093	2306.731	1051.9514	2050.3528	587.05554	3223.2551	1006.9076	418.4	581.0	563999	37307.44	369344.94	465.6241	-92.801895	-374.14963	25.646929	4352.326536178589
1032.86	511.95255	1921.4828	229.34653	974.6664	48.6534	1060.6235	932.1361	302.85715	272.6	565999	37324.535	369514.16	467.94226	-67.62897	-374.39713	33.51622	4367.0894095897675
1066.8024	145.7056	1308.3414	917.54254	1037.2705	82.490746	1235.2958	948.6692	307.0	329.8	567999	37383.957	370102.44	469.067	-163.49806	-375.01047	36.57006	4382.950154781342
1200.4067	396.0499	2054.3057	888.38477	1449.6543	137.5848	1658.7701	1264.8636	341.33334	409.9	569999	37436.676	370624.4	471.74362	-83.30786	-375.486	28.179174	4398.742820978165
1065.3977	293.46014	1310.3607	396.6074	2422.0474	858.14557	3655.777	1550.6404	303.85715	675.2	571999	37422.89	370487.9	469.60632	-89.22865	-375.3219	35.109	4416.617591142654
1330.6462	310.3223	1928.2257	1046.1735	1411.1926	262.4096	1749.728	1093.5967	362.0	378.4	573999	37331.5	369583.16	465.83044	-36.24658	-374.40167	31.12057	4430.879145860672
996.6121	243.83134	1271.6444	455.10657	953.40155	18.851595	990.1356	933.0092	282.14285	257.8	575999	37333.46	369602.53	468.74417	-82.59368	-374.48825	31.708904	4445.615394115448
1642.6254	1055.2546	3709.807	803.47107	1646.4977	257.44104	2160.1543	1431.3082	443.8	426.4	577999	37420.18	370461.03	469.28604	-143.18687	-375.31274	31.745846	4460.75198340416
1033.2262	592.29724	2440.9124	567.8502	1093.8855	9.473258	1104.3507	1070.9269	280.2857	280.9	579999	37445.19	370708.66	471.19714	-85.495346	-375.56396	28.845226	4474.356174230576
316.8743	378.42407	1080.2568	2.5658188	895.49695	306.93204	1278.7606	473.78098	108.388885	254.6	581999	37430.465	370562.88	470.6659	-210.01805	-375.5098	40.303173	4488.279394388199
868.8616	266.36322	1331.2167	562.31757	1076.5803	575.5233	2509.1643	493.10086	240.875	320.8	583999	37405.57	370316.4	470.4352	-144.426	-375.23663	27.869215	4503.324964284897
1113.0973	249.13281	1411.4773	749.4112	449.25943	2.391813	454.89798	446.0417	308.2857	169.2	585999	37324.426	369513.12	470.1496	-150.73161	-374.45636	34.99022	4515.802103996277
877.4091	442.57382	1535.8811	461.37787	492.16803	82.39327	739.2823	460.8372	262.57144	172.9	587999	37293.703	369209.0	471.46982	-151.37158	-374.13977	29.889711	4530.449682712555
1029.1267	336.218	1660.2979	449.54874	872.8851	53.039127	1002.6564	826.72314	279.2857	236.5	589999	37286.195	369134.66	472.94333	-189.99606	-374.03232	32.16538	4545.293373823166
932.15466	187.56738	1296.4967	683.2844	82.43677	4.9365644	89.42772	72.94668	253.0	112.5	591999	37161.02	367895.44	474.5587	-107.646454	-372.83405	40.185143	4559.174759626389
799.6688	102.965675	944.2634	642.4278	726.498	241.6275	981.48706	482.5665	265.625	213.7	593999	37107.504	367365.62	471.02847	-131.91188	-372.3598	32.33434	4573.162306308746
893.3973	238.47054	1340.9532	669.9752	679.1645	31.269047	747.4739	638.5808	247.375	193.2	595999	37057.51	366870.72	473.419	-113.90839	-371.8363	29.994125	4587.733214378357
798.3679	194.99374	1079.0247	443.8802	835.73553	41.325184	920.4148	794.9829	232.44444	237.8	597999	36922.664	365535.75	473.80353	-156.9251	-370.41483	29.3005	4602.707318544388
743.52747	293.0651	1311.122	134.78745	946.05304	25.679285	983.8149	882.4245	204.77777	239.0	599999	36821.94	364538.62	476.90448	-120.48075	-369.402	30.523773	4617.687107801437
869.4779	142.92336	1108.1476	629.2029	379.86807	5.0012264	389.94775	372.03867	238.625	142.5	601999	36702.715	363358.28	479.75946	-115.54897	-368.18658	35.020092	4633.533645868301
1367.9795	182.75002	1636.6837	1124.9109	2651.481	444.37192	3454.7573	2056.8926	372.66666	750.5	603999	36663.824	362973.28	478.98932	-150.88191	-367.7637	28.247452	4651.864719152451
898.67035	151.67749	1208.9703	725.13196	1249.7152	33.281124	1314.77	1213.1353	253.71428	321.6	605999	36544.13	361788.3	488.0107	-120.29187	-366.6208	31.825672	4667.006107568741
1111.4993	346.1914	1845.0522	641.34485	1656.3883	139.97122	1772.0288	1255.416	299.14285	432.9	607999	36569.547	362039.94	472.57846	-120.94567	-366.88174	30.817703	4683.414221525192
1052.4386	296.67465	1334.3855	551.661	1198.0005	47.57089	1270.8921	1130.4047	287.7143	310.7	609999	36536.688	361714.66	474.456	-75.01508	-366.59274	35.097656	4698.748249053955
1261.2489	385.97528	2040.6592	839.0929	829.64026	15.068999	861.9452	805.7509	328.16666	234.7	611999	36514.555	361495.56	473.01968	-96.15293	-366.34418	28.755356	4713.640491724014
989.68665	194.54645	1344.631	710.64276	983.59406	79.792305	1042.1484	747.14056	270.7143	280.3	613999	36613.203	362472.16	476.27643	-99.46953	-367.38126	30.846087	4728.6963102817535
1220.5829	211.1832	1532.4148	974.9194	1251.0621	362.1538	1954.0337	993.8984	326.66666	354.7	615999	36641.54	362752.7	484.70847	-150.12177	-367.67145	30.327507	4744.8283150196075
997.81793	181.93785	1369.6288	688.2173	1091.2233	150.51344	1321.4316	928.7603	275.75	293.7	617999	36596.742	362309.22	482.01346	-82.93241	-367.22806	26.37176	4760.128696680069
1051.3815	308.36157	1498.3484	548.1882	1451.4062	288.37946	1929.2363	875.0187	302.0	396.9	619999	36657.72	362912.88	476.82718	-153.92436	-367.88425	30.670872	4776.459552764893
1316.4237	154.37416	1569.7064	1122.4714	1579.6761	375.99622	2346.9482	903.23065	355.2	428.6	621999	36652.11	362857.3	475.47006	-146.61601	-367.78436	32.753273	4792.033466100693
1174.5559	527.8715	2048.0962	465.33643	983.1044	309.77368	1268.1035	536.8256	336.5	298.1	623999	36641.445	362751.72	472.10577	-172.3192	-367.66116	31.168827	4807.017540931702
427.82205	589.0293	1646.78	17.216084	1544.7389	259.168	2065.0444	1194.2444	131.0	450.3	625999	36741.555	363742.78	473.31015	-91.67093	-368.76144	32.367542	4823.795108556747
760.48706	312.22858	1304.7448	344.951	1052.1831	333.72955	1506.6306	688.8078	242.5	324.9	627999	36784.36	364166.5	476.3294	-80.23767	-369.17624	47.958744	4838.944342851639
960.7683	360.2323	1699.5667	441.97986	445.3228	453.5382	1367.4302	145.1836	286.75	156.4	629999	36829.234	364610.72	469.1341	-168.83806	-369.63824	43.646484	4852.619513034821
1050.5668	626.211	2356.1384	505.01035	2084.5886	548.51697	2855.2441	647.9366	300.16666	560.8	631999	36799.56	364316.9	465.6993	-168.82877	-369.33105	58.501137	4869.798728942871
755.8532	252.18306	1204.338	475.50674	1100.068	85.69684	1250.57	891.6482	221.11111	296.3	633999	36661.78	362952.9	465.24814	-129.99763	-367.89066	46.225056	4884.886404037476
1028.8099	259.08893	1418.9412	662.8131	717.05133	69.46785	840.80194	630.89996	290.2857	213.9	635999	36546.24	361809.06	468.92676	-191.50237	-366.83676	52.232227	4899.36838555336
969.2342	241.7367	1343.8555	660.84796	1089.9349	230.08784	1263.1638	649.52606	277.2857	271.7	637999	36531.83	361666.47	483.39932	-61.76413	-366.75668	37.929188	4914.546827077866
897.5695	194.28801	1152.5864	538.52057	1133.0447	96.10807	1302.8633	955.5606	243.33333	284.2	639999	36620.137	362540.72	491.13208	-134.01541	-367.68454	52.04056	4929.5515995025635
1015.47626	291.34045	1571.827	625.82635	650.8285	12.877223	672.10046	634.9015	274.7143	217.1	641999	36755.348	363879.34	491.62195	-74.7188	-369.12253	48.20755	4944.19477725029
1075.3196	231.16428	1491.9916	760.6978	1261.2935	609.54724	2387.3274	650.148	296.2857	411.5	643999	37009.5	366395.47	497.63235	-96.24368	-371.74994	47.105724	4960.501513242722
1413.9528	269.9283	1729.8685	1041.518	777.923	22.859762	800.90924	714.86945	385.6	250.8	645999	37148.22	367768.75	495.1469	-118.60974	-373.0059	46.314445	4975.645377397537
548.5705	398.70032	1347.7059	152.34595	1185.3817	280.6495	1564.0454	444.22012	185.5	309.1	647999	37256.777	368843.5	491.02405	-108.95701	-374.1223	49.92653	4989.8972864151
995.4635	245.57489	1272.8015	463.94925	1300.7789	244.36925	1787.2155	1050.6752	263.75	333.8	649999	37297.62	369247.88	495.62085	-84.65055	-374.55164	50.26572	5004.874040842056
1062.3132	320.71652	1564.6239	702.9532	944.46893	598.373	2631.6995	353.2337	283.57144	303.7	651999	37324.855	369517.53	490.43542	-72.935104	-374.76486	49.7598	5020.124395847321
1393.5604	606.66925	2491.2295	780.3619	1039.0002	331.5235	1510.4425	344.53952	378.4	286.3	653999	37439.215	370649.7	491.54407	-136.52559	-375.9282	40.261765	5033.913010120392
956.0909	427.9844	1523.9462	305.47833	782.50165	25.836351	810.93036	727.4297	265.875	212.6	655999	37513.23	371382.47	498.06216	-256.04984	-376.56412	39.21331	5048.240289211273
878.5132	167.59602	1117.7498	576.86096	1050.1775	112.892105	1273.3602	926.99884	242.875	279.6	657999	37451.67	370773.03	500.87384	-124.088844	-375.97003	47.45186	5063.192593574524
1006.28625	298.8223	1738.8689	689.3567	1039.3875	42.162346	1103.216	969.8838	272.0	265.5	659999	37433.547	370593.62	506.5221	-121.106255	-375.8113	43.059296	5077.054450750351
1008.4655	216.60591	1395.0603	736.6303	1335.7015	359.48242	1897.2084	745.77185	279.2857	349.3	661999	37378.215	370045.88	498.3548	-77.25684	-375.23602	43.906944	5091.347298383713
934.9039	266.8746	1347.3274	484.59445	1571.8251	566.73615	3134.9436	973.7576	267.2857	420.1	663999	37331.82	369586.6	495.21365	-97.83173	-374.70782	36.65062	5107.37375664711
1298.4307	366.33957	1980.622	790.71277	1359.4281	160.10812	1615.949	1092.8672	342.33334	370.6	665999	37316.598	369435.9	496.19296	-110.572845	-374.5655	41.94625	5122.986421108246
1098.4606	371.27505	1656.6147	566.4903	1519.741	804.7161	3421.0098	356.8097	310.83334	405.8	667999	37313.668	369406.9	492.84213	-135.66193	-374.56976	39.86788	5139.226900100708
846.70264	224.46053	1318.3916	471.15814	704.30914	478.96057	1542.775	275.24966	241.44444	213.0	669999	37293.027	369202.6	495.39014	-74.963066	-374.3325	34.514076	5153.025903224945
901.4955	364.33173	1597.8899	352.45142	973.74207	218.84323	1541.5725	759.4791	249.75	267.4	671999	37299.285	369264.53	496.49377	-239.7198	-374.41537	39.85681	5167.757836103439
780.61926	225.98495	1190.6399	246.11223	974.1209	136.60988	1289.3092	820.86884	224.0	270.2	673999	37109.15	367382.22	497.51593	-227.80959	-372.50012	44.4381	5183.150420665741
889.27014	159.83803	1212.245	586.28394	894.4336	262.24078	1345.6636	692.21704	247.875	244.4	675999	37053.805	366834.25	494.48694	-114.45895	-371.9122	43.667984	5197.34731221199
912.59143	168.51363	1200.268	728.37695	1042.7014	203.90977	1581.9669	880.56726	257.375	285.9	677999	36972.19	366026.3	495.65222	-107.56108	-371.14343	41.140686	5212.199210166931
916.2111	215.54765	1433.0996	745.4693	983.23425	61.56998	1085.3097	915.67377	254.71428	266.6	679999	36847.816	364795.06	498.34525	-110.49299	-369.82343	36.890213	5227.578498363495
886.54	261.01852	1541.0039	591.1817	980.91473	20.907476	1021.69855	958.7857	248.66667	256.7	681999	36817.594	364495.78	501.39914	-137.48328	-369.5582	42.57861	5242.278370380402
996.8301	254.89029	1471.8998	707.46063	1446.6816	284.52536	1938.1185	1171.692	279.7143	400.2	683999	36848.14	364798.22	504.35794	-149.4564	-369.85257	37.05256	5258.064841270447
1013.2397	227.0849	1534.0492	819.14984	696.9662	12.875784	719.97235	675.7158	282.2857	218.5	685999	36841.035	364727.88	503.87482	-98.86829	-369.75095	39.01579	5272.651465654373
1228.0057	357.8847	1655.6656	738.81274	1066.9353	215.53362	1357.7064	678.8909	336.5	291.9	687999	36769.832	364022.94	507.98734	-82.601234	-369.089	38.59635	5287.979619026184
819.8601	431.92798	1687.0701	438.01035	721.95276	265.2466	1159.5292	424.22937	242.5	236.1	689999	36730.15	363630.1	506.08124	-133.89127	-368.67444	46.05447	5302.967206001282
1115.5966	355.9421	1555.7249	456.80502	889.4036	41.06931	958.658	851.13477	299.14285	246.9	691999	36807.3	364393.88	504.7068	-180.09099	-369.4261	44.128304	5317.828156709671
1460.2467	802.8613	2944.6926	786.26196	1874.6018	388.42914	2479.945	1273.3628	391.6	495.8	693999	36809.457	364415.22	504.03418	-77.760376	-369.35037	37.392586	5334.480805158615
1032.096	625.44446	2219.1858	374.82324	1562.0331	505.3678	2603.307	751.4506	282.0	443.0	695999	36823.51	364554.38	503.77405	-158.61548	-369.53366	42.501953	5350.154286146164
1360.0989	796.62646	2859.395	742.95557	1568.7048	808.7879	3580.5015	921.47943	360.0	424.3	697999	36892.0	365232.38	504.06863	-242.77971	-370.2074	44.328915	5365.452501296997
1094.324	474.0499	2234.7656	791.6976	1453.1095	128.65631	1674.8231	1174.3984	301.0	377.8	699999	36931.305	365621.53	507.27316	-122.04074	-370.6365	42.287373	5380.699440956116
1134.0852	442.1876	2197.2463	813.4772	1911.9613	901.3731	3798.6228	1119.1953	313.7143	526.1	701999	37020.21	366501.66	513.8748	-117.792145	-371.42343	40.273125	5397.47732758522
1170.5428	556.9836	2233.1309	391.0465	1571.4818	507.16568	2914.8867	1150.4037	332.66666	449.8	703999	37041.105	366708.5	510.3337	-74.73074	-371.75113	40.592297	5414.442913770676
1323.3207	283.47855	1695.6301	953.45386	2010.1086	660.8538	3623.115	1183.6533	371.0	543.5	705999	37147.383	367760.62	510.05698	-177.74547	-372.79837	46.630054	5431.902405738831
1391.9968	493.6253	2203.4958	971.48517	1664.3086	830.9764	3737.3618	1001.3113	380.0	455.1	707999	37238.332	368661.06	502.34857	-213.79527	-373.778	40.982727	5448.593982458115
971.5293	417.81567	1528.6744	53.488754	1306.3938	582.8239	2689.169	444.1105	267.125	352.4	709999	37267.45	368949.34	505.16306	-194.50284	-374.02142	39.783657	5463.053537130356
1216.9764	298.82922	1846.8688	986.8019	1069.1547	154.03806	1361.403	896.2582	324.83334	268.9	711999	37229.816	368576.75	509.9771	-97.73109	-373.6206	41.86944	5478.515837430954
1035.4491	83.656334	1153.0975	944.0465	2264.27	684.088	3599.684	1318.8245	277.14285	584.7	713999	37206.426	368345.16	512.00134	-188.7395	-373.34918	37.591137	5495.850600481033
1359.0247	688.8909	2804.7437	776.19037	1887.2971	902.45056	3764.227	879.04395	359.0	487.2	715999	37194.668	368228.78	514.04834	-141.22299	-373.27985	37.161633	5512.656543493271
1047.781	340.49707	1637.1807	733.83997	1290.7882	117.38567	1474.6903	1064.2896	275.57144	328.1	717999	37144.754	367734.66	516.3501	-196.27174	-372.7342	42.041527	5527.153505086899
948.5768	295.26855	1526.6759	708.7839	777.7079	34.386776	877.19836	757.2865	250.375	205.7	719999	37042.523	366722.6	518.5444	-115.38144	-371.6898	35.471035	5540.433030128479
1202.3639	376.62308	1847.1683	753.3072	1450.7113	1104.5887	3575.6272	348.97226	338.33334	408.0	721999	36992.934	366231.66	514.2472	-197.73807	-371.20044	38.18513	5556.370862722397
713.9584	371.07764	1228.974	140.60704	986.5744	40.830067	1031.043	927.1151	204.2	245.5	723999	36925.52	365564.28	513.27264	-95.45934	-370.48514	39.337353	5570.799048423767
1247.9801	439.32623	2006.3254	783.7035	1366.4738	236.01021	1824.1742	1089.3052	326.4	355.3	725999	36822.824	364547.62	513.2464	-134.37358	-369.52237	39.142067	5586.36905837059
1124.6416	459.88794	1853.9977	218.36833	1345.5322	222.045	1599.19	968.3088	304.875	349.0	727999	36911.875	365429.22	510.3745	-163.27307	-370.37936	36.94157	5601.146647453308
1192.4772	366.75885	1868.5348	741.8208	698.9315	183.27147	1061.6635	446.8335	320.66666	205.4	729999	36855.043	364866.6	513.04065	-120.98313	-369.88605	37.384453	5614.863311290741
642.7315	499.51108	1308.5876	28.562128	1178.7543	400.0715	1844.7775	297.5649	181.36363	350.5	731999	37029.754	366596.16	510.75952	-182.60703	-371.54633	31.210173	5630.063922166824
1213.4635	584.63196	2113.884	226.14003	458.68423	272.9039	1040.3285	264.17322	336.83334	170.0	733999	37081.715	367110.6	509.16373	-258.43512	-372.1172	37.75444	5643.834413051605
933.3802	495.09738	1471.2601	225.27205	806.006	492.67523	1701.9469	251.9138	271.0	225.7	735999	37259.28	368868.47	509.4378	-124.84531	-373.88794	36.20095	5658.319461107254
1107.8528	481.23364	1863.4617	242.40791	1589.5978	500.55444	2767.5996	1137.0393	296.42856	409.5	737999	37329.14	369560.1	507.6355	-141.45728	-374.62286	43.610165	5674.11940908432
1103.8158	145.37189	1379.5719	932.7126	1315.4102	228.17188	1769.174	1033.6476	298.7143	332.0	739999	37487.11	371123.97	508.67294	-139.70622	-376.16895	39.592903	5689.332287788391
1080.2972	267.3977	1467.6053	581.19543	1132.3561	416.20303	2354.6162	856.45026	290.33334	288.8	741999	37554.652	371792.62	509.39142	-108.522896	-376.82224	34.825977	5703.728825807571
1373.7985	494.82187	2070.9355	651.5917	1119.8926	249.79825	1310.0248	735.94476	363.33334	307.2	743999	37556.992	371815.78	508.5274	-211.96716	-376.91528	33.819588	5717.071679592133
1147.3154	308.83667	1765.6884	682.955	1188.7507	84.581856	1316.0653	1064.407	293.0	282.7	745999	37670.06	372935.16	508.77057	-108.43577	-378.14313	36.79885	5731.782871723175
803.7468	361.4098	1789.0594	553.0694	719.6304	10.295275	741.4075	704.8291	217.0	188.5	747999	37659.527	372830.97	509.36557	-74.90422	-378.05713	41.43897	5745.324659585953
693.9025	156.49963	1045.9141	416.0891	934.0321	13.8811865	952.5458	909.22015	187.81818	238.7	749999	37734.566	373573.8	513.8606	-119.2027	-378.778	38.248295	5759.165549516678
897.268	121.33294	1027.7472	697.8354	1324.144	808.78516	3654.0376	890.98566	231.85715	370.2	751999	37724.56	373474.78	512.5618	-119.100334	-378.59518	38.66258	5774.159543991089
1292.6748	753.2704	2525.1038	13.988404	817.10693	292.74176	1457.6111	345.95163	380.16666	272.0	753999	37775.2	373976.12	511.36032	-127.614136	-379.15747	38.2149	5788.935791730881
1130.2805	519.74255	1827.1028	299.40485	507.43585	107.338776	610.8198	372.5066	352.5	192.4	755999	37998.086	376182.66	511.12344	-167.55829	-381.4258	39.545124	5803.452757835388
902.7458	491.4647	1643.5195	392.2081	967.9717	289.52475	1285.2827	423.30508	328.8	277.7	757999	38109.746	377288.03	511.4246	-118.10596	-382.501	43.721966	5817.2716064453125
838.06964	625.49475	2412.7053	21.077219	1021.1924	6.5665855	1029.5304	1010.1965	223.1	245.8	759999	38202.895	378210.25	510.8115	-167.24738	-383.54474	48.38933	5831.321258306503
938.7057	289.38342	1521.0392	436.83908	1106.8822	71.57075	1186.8925	1029.5552	241.375	291.0	761999	38217.668	378356.47	508.74292	-213.11003	-383.6468	43.803772	5845.913021326065
1004.9102	379.49988	1427.9855	410.22577	995.1014	477.4812	2277.9128	506.61868	283.2857	292.3	763999	38163.895	377824.1	509.4581	-158.78296	-383.06406	45.979298	5860.651974201202
1143.6736	417.55063	1857.6565	703.41064	1120.8002	84.19593	1255.1027	1031.9805	307.7143	289.0	765999	38138.496	377572.66	509.64987	-73.74847	-382.833	47.73972	5875.947593450546
1070.335	247.39583	1316.4567	541.4688	1238.1185	37.637226	1291.6891	1174.1373	286.85715	300.6	767999	38102.81	377219.38	506.14276	-180.86296	-382.4613	48.542046	5891.411416053772
1150.4781	244.48949	1542.2758	841.7874	2311.2637	569.6522	3728.2078	1501.7976	305.66666	610.7	769999	38096.64	377158.28	507.3601	-156.20082	-382.31784	40.83992	5908.664765834808
822.12646	455.84842	1354.7001	75.200455	1375.0343	31.233252	1431.891	1302.9236	227.25	345.8	771999	38037.777	376575.56	504.32025	-74.60699	-381.7797	41.625156	5924.222027301788
818.3365	603.0087	1972.8628	173.50168	1011.16077	61.096622	1142.4523	919.6232	234.66667	275.0	773999	38063.19	376827.12	501.86664	-173.62617	-381.9403	37.49287	5939.038058996201
690.10266	428.6406	1143.4508	15.213353	889.96375	14.761252	916.9624	866.3584	199.54546	243.8	775999	38007.99	376280.62	500.60886	-183.66162	-381.40942	50.175343	5953.527685642242
769.69586	329.19196	1192.4302	14.954995	787.46625	430.70667	1584.5492	427.98355	224.22223	235.8	777999	37958.402	375789.75	513.03	-174.4028	-380.92154	46.57487	5968.182754039764
899.02625	229.49702	1277.4103	418.01163	1146.4294	165.53928	1289.2632	706.1312	241.625	279.7	779999	38020.535	376404.84	508.24167	-123.40346	-381.6015	43.40478	5983.218374252319
977.5156	236.59999	1365.1503	709.3628	1236.2726	206.42021	1532.36	976.22577	252.625	319.3	781999	37988.305	376085.8	516.2078	-106.224205	-381.3703	44.166325	5998.379417657852
894.5454	191.35759	1075.1936	547.23956	1205.9731	119.97749	1398.9045	1030.9165	232.0	301.2	783999	38110.812	377298.6	517.524	-169.0683	-382.56912	40.769165	6012.481063127518
978.20905	192.35693	1355.8096	744.46533	939.25226	57.967762	1054.7856	896.0406	260.0	264.4	785999	38151.203	377698.44	505.0765	-211.36964	-382.9474	43.614025	6026.771662950516
971.27954	395.7064	1432.4973	249.02019	1320.8833	327.08768	2033.3885	860.3618	263.375	353.9	787999	38252.992	378706.22	503.51865	-89.67636	-384.00464	45.429123	6041.177404165268
987.9325	492.41577	1711.9406	421.2697	1025.8635	92.31948	1226.447	962.24646	278.0	261.6	789999	38301.906	379190.4	503.45953	-136.84251	-384.40488	46.850937	6055.984377622604
900.0995	178.14609	1143.1661	685.2804	1292.7584	26.243845	1311.5027	1238.9761	234.375	312.9	791999	38187.195	378054.75	497.82428	-171.55394	-383.30698	52.58524	6071.347966909409
1212.8047	213.80827	1618.1077	994.14813	1135.1074	395.0212	2131.202	831.227	314.42856	275.6	793999	38168.883	377873.47	503.14313	-140.07057	-383.0925	49.804398	6086.743271589279
1066.1886	236.19977	1450.846	682.94507	966.87585	10.273223	981.11176	954.8665	278.5	260.4	795999	38163.78	377822.97	506.1791	-177.94519	-383.05493	38.307087	6101.068474769592
885.5692	504.5823	1727.8737	33.844578	1746.9371	640.8606	3490.717	1092.418	239.22223	450.8	797999	38068.777	376882.44	502.95065	-184.61049	-382.07175	43.297157	6115.981587648392
481.51126	628.84265	1579.7821	9.543994	1183.4664	175.79774	1424.23	909.24255	147.4	320.5	799999	38047.863	376675.44	504.59064	-124.21016	-381.97244	49.814285	6131.455881118774
1335.7963	251.77127	1674.3123	1033.7277	538.6813	290.4268	1260.365	364.1966	377.6	209.2	801999	38168.656	377871.25	498.85706	-115.30651	-383.21222	44.31282	6147.890339612961
1076.6359	383.49377	1671.917	405.491	1257.951	212.15614	1722.4663	960.5655	319.33334	362.5	803999	38220.176	378381.3	499.6649	-239.82693	-383.79938	45.434994	6163.397121429443
1128.4333	307.53473	1733.3566	668.2178	1180.4177	147.06891	1497.1292	860.23584	302.0	329.4	805999	38255.85	378734.47	509.4752	-164.02815	-384.1178	44.271774	6179.063632488251
1017.5933	175.38171	1321.6746	852.03503	730.86523	14.915612	769.66785	717.2255	278.0	199.2	807999	38146.184	377648.8	509.35925	-113.95246	-382.86316	39.66803	6192.288517713547
1130.347	457.59116	2037.5558	686.42255	1469.8085	234.18645	1808.628	1109.7765	309.85715	374.1	809999	37957.21	375777.97	514.9992	-188.06738	-381.00983	50.36203	6207.660895347595
1311.4844	270.57187	1618.1262	984.7425	2108.918	816.49884	3724.6074	1405.8748	368.4	553.3	811999	37983.863	376041.8	506.40164	-103.80543	-381.29617	36.207672	6224.246515274048
1245.2058	230.19086	1463.3763	812.91266	2277.886	493.38437	3509.1619	1788.1084	339.0	598.4	813999	37965.285	375857.88	503.29385	-130.58379	-381.0377	40.98246	6241.433648586273
1462.977	604.4297	2625.2776	819.0794	187.85233	1.2912269	190.71243	185.03305	379.83334	82.0	815999	37950.96	375716.1	506.78754	-151.77979	-381.00806	42.24007	6254.062779188156
1084.8384	284.21683	1497.7585	709.55396	2077.176	298.98502	2660.141	1799.6758	289.5	517.5	817999	37963.414	375839.38	510.33917	-132.28079	-381.11362	42.03938	6270.962684869766
1121.145	551.79517	2073.3994	640.3183	1140.8754	178.67351	1369.6178	929.42194	304.875	277.5	819999	38130.867	377497.12	512.7978	-108.1765	-382.76474	47.56633	6285.17476439476
826.9502	398.835	1282.7062	176.47243	1302.2996	214.20578	1571.5017	956.2294	223.25	325.2	821999	38146.375	377650.7	516.54034	-95.525986	-382.94666	49.875225	6299.991591215134
1122.4495	279.5535	1615.9904	757.8024	985.1456	88.4666	1034.1962	790.9762	287.7143	252.0	823999	38270.137	378875.9	511.34927	-178.51505	-384.15643	48.594017	6314.378773212433
893.6651	141.23724	1216.8616	734.8866	779.6162	97.4261	1071.4646	741.84906	233.77777	213.2	825999	38268.21	378856.84	514.63635	-137.65591	-384.1229	49.31935	6328.46240568161
798.6748	103.77638	987.3701	673.9882	1062.6691	32.62656	1113.1914	1019.0597	213.55556	267.7	827999	38173.48	377919.06	510.11224	-190.06888	-383.3019	43.987984	6342.832379579544
869.5392	99.937195	999.149	733.0416	943.9344	19.339685	981.50134	915.88153	223.33333	236.5	829999	38221.535	378394.75	511.9371	-126.5092	-383.74258	47.56082	6356.196360588074
1209.3809	777.68665	3105.0688	768.00726	1424.5074	337.66815	2119.7747	932.6031	312.42856	382.7	831999	38167.707	377861.9	511.7819	-107.30327	-383.17126	40.951603	6371.130425453186
1051.9863	372.5306	1509.2231	322.76587	328.54932	9.524117	349.75543	316.7335	292.0	128.2	833999	38165.92	377844.22	506.05	-121.98895	-383.11243	41.663532	6384.410760879517
990.9946	155.89604	1267.805	721.57556	946.57996	82.91739	1005.3373	720.6705	276.7143	269.3	835999	38150.473	377691.25	505.08627	-140.20155	-382.94028	44.579002	6399.3269782066345
1112.7666	256.69	1528.9829	859.98444	1058.2383	109.77967	1210.0415	939.92755	304.42856	281.6	837999	38055.836	376754.38	505.44705	-160.07515	-381.94955	49.37339	6413.506842851639
1116.326	380.79123	1991.0603	826.8437	1443.6608	303.34604	2246.388	1096.5465	301.2857	389.9	839999	38059.703	376792.66	510.63657	-153.9365	-382.01324	51.61883	6429.170058965683
1162.5927	248.93437	1483.8462	750.5314	1078.384	47.779808	1163.8438	1019.094	320.0	288.0	841999	38020.758	376407.1	519.2688	-158.71577	-381.59662	38.518185	6444.155615091324
1177.597	334.36343	1705.2739	765.7973	1110.0559	59.081455	1174.7992	998.65765	319.83334	271.7	843999	37999.19	376193.56	514.3394	-99.980774	-381.39975	44.78186	6459.091067314148
1136.431	318.67023	1725.6897	682.6554	800.83673	91.13759	948.98944	685.0664	294.7143	214.3	845999	37825.312	374472.2	520.52185	-164.44633	-379.6148	40.814117	6473.665721893311
1066.5387	211.75221	1489.3538	831.4931	999.433	52.354733	1075.6444	926.0946	272.42856	266.9	847999	37813.27	374352.94	519.2383	-84.061646	-379.50336	38.632755	6487.347365140915
978.07495	279.34427	1312.5072	404.86932	990.8041	85.16788	1058.2678	741.428	264.875	246.5	849999	37830.285	374521.38	516.54517	-120.31052	-379.6633	35.889305	6500.831362247467
945.7433	108.52381	1140.4417	771.5035	1017.46326	83.246994	1226.1871	919.5469	236.55556	251.8	851999	37793.816	374160.28	514.7209	-138.01933	-379.27863	41.023422	6515.869489431381
767.3513	368.90726	1225.0641	206.79143	925.80597	126.10054	1268.2908	834.9226	204.33333	259.8	853999	37608.26	372323.3	512.72205	-131.02277	-377.4405	37.677444	6528.866484880447
864.77875	272.2273	1294.3881	375.08218	1209.9193	57.33207	1243.4403	1040.7572	228.11111	292.8	855999	37496.223	371214.12	509.17603	-200.9398	-376.28705	39.255585	6542.770455598831
1093.4166	195.9515	1462.8698	860.126	1248.2756	55.485783	1331.8661	1151.3046	280.7143	307.2	857999	37292.316	369195.5	511.6218	-186.84276	-374.2262	39.76444	6557.931764125824
967.77734	220.81204	1331.1287	697.1906	37.38639	0.7379786	38.548573	36.602108	251.25	31.3	859999	37319.273	369462.4	507.65805	-144.56335	-374.51288	35.097347	6569.928608894348
840.135	149.19754	1091.0629	678.8061	812.6069	39.771015	870.073	753.1696	225.0	204.6	861999	37332.145	369589.8	504.73544	-196.49193	-374.63287	34.00202	6584.138924360275
903.7052	290.85645	1219.2739	407.15442	669.3336	50.26098	751.64056	597.309	238.625	182.6	863999	37303.996	369311.16	502.52716	-120.37571	-374.31046	37.97239	6598.356472253799
941.6454	112.162704	1137.052	810.327	1027.7916	110.23674	1188.9158	807.8493	247.0	279.3	865999	37257.01	368846.03	499.77017	-101.12895	-373.909	32.912563	6613.550980329514
655.6352	321.69632	989.2902	14.621589	975.6874	159.26703	1156.2932	656.9655	181.83333	243.4	867999	37243.48	368712.1	497.14224	-134.81348	-373.77112	41.544994	6627.06053853035
690.27655	238.3353	1017.0178	291.7377	1014.9625	40.37842	1112.1954	959.568	194.6	250.4	869999	37284.8	369121.16	498.31793	-86.540405	-374.29984	42.008656	6640.8672688007355
799.2179	242.58875	1234.8148	514.1706	1097.7236	273.19873	1765.2128	913.3838	218.11111	300.7	871999	37398.312	370244.88	500.28433	-160.89716	-375.4734	42.14685	6655.628955364227
943.7709	283.14987	1545.1191	591.6954	436.00113	6.199175	449.7197	428.07047	260.625	151.5	873999	37493.895	371191.1	500.11157	-211.73152	-376.37894	38.72121	6669.14023566246
2291.2158	607.0072	2726.8528	1432.81	1374.2195	100.03973	1469.74	1213.5858	620.0	335.3	875999	37576.992	372013.78	503.1539	-93.25731	-377.1033	35.19076	6684.301129579544
1380.6893	363.17337	1914.9519	899.49835	1050.6342	42.26947	1112.3378	958.3626	363.5	282.7	877999	37758.426	373809.9	512.812	-112.400246	-378.98245	36.75179	6698.886842250824
966.34735	255.02034	1500.6954	752.8839	1385.2075	341.76468	1654.5299	412.8776	260.57144	336.1	879999	37772.88	373953.03	506.63876	-226.37624	-379.10788	33.600346	6713.382063627243
847.39874	243.12857	1139.5264	241.46288	1062.6873	621.7108	2390.82	244.61325	218.0	289.0	881999	37875.49	374968.84	521.1322	-131.61221	-380.1068	37.827847	6727.2605946063995
773.62225	86.798035	908.79016	637.5578	1052.6272	39.327988	1127.6805	983.5528	201.0	252.8	883999	37764.23	373867.4	521.2674	-134.03558	-378.9612	35.891453	6741.3794186115265
1049.289	380.12698	1775.9447	668.54675	812.2018	59.256004	957.9507	747.5441	273.2857	205.5	885999	37703.977	373270.9	517.58606	-102.307274	-378.2896	36.446888	6755.080870389938
970.55725	312.62967	1621.935	709.5991	785.9714	63.221584	889.4229	736.8805	253.625	198.3	887999	37642.246	372659.78	506.53094	-106.569595	-377.70822	31.487415	6767.800933599472
996.70636	238.5024	1557.2795	774.5654	1384.0723	536.3102	2559.7993	807.46533	250.55556	342.9	889999	37646.1	372697.97	512.36426	-135.90352	-377.71497	33.82679	6782.318321228027
1052.575	366.04874	1638.2539	736.0156	1568.373	820.911	3231.4204	970.535	274.42856	394.3	891999	37589.016	372132.84	511.38287	-100.04965	-377.19394	31.218237	6798.065504550934
996.7462	265.7773	1523.8618	748.8834	1059.8923	46.53428	1109.1641	964.5004	259.0	254.4	893999	37637.406	372611.9	514.6975	-95.485954	-377.68332	30.453503	6811.777754306793
1078.9781	228.59387	1525.3718	840.91864	1242.4174	78.29131	1360.8456	1107.8748	275.57144	297.9	895999	37648.79	372724.62	506.79108	-117.366234	-377.76855	31.364351	6826.076022148132
1010.9405	540.1786	1642.061	143.94484	459.3896	453.59058	1286.6681	157.29704	269.57144	136.7	897999	37656.938	372805.28	525.9367	-116.259476	-377.82437	35.442398	6839.776419878006
923.22	107.5169	1090.6608	792.61914	2239.5298	1062.4009	4062.1116	833.60175	243.33333	542.6	899999	37574.953	371993.7	520.3018	-179.43314	-376.9972	29.580965	6856.614084243774
1021.4503	418.98712	1558.8027	151.04309	768.43335	365.433	1092.993	149.67728	255.57143	214.3	901999	37598.902	372230.78	509.05518	-66.02526	-377.22665	25.471027	6871.335483074188
832.7751	356.90475	1325.5028	158.84778	948.48047	32.325413	986.9125	881.3702	221.2	232.0	903999	37592.32	372165.7	514.97577	-115.06023	-377.21136	33.256657	6884.791708707809
1048.0399	231.93785	1419.7775	730.9524	941.8839	157.2049	1292.8376	790.1679	265.57144	253.9	905999	37630.434	372543.0	513.8761	-140.36008	-377.59262	34.358757	6899.56312417984
1018.5612	384.35406	1413.0486	272.00992	893.7372	23.103466	951.62994	876.0597	266.42856	240.4	907999	37651.055	372747.16	515.61084	-98.84137	-377.72757	29.689104	6913.184692144394
714.9076	407.47043	1484.3345	200.60713	199.04854	2.51789	203.33516	195.27254	205.27272	85.8	909999	37623.76	372476.97	511.33594	-157.90549	-377.53857	45.698166	6926.73101401329
1092.4098	538.38495	1966.4885	205.90913	929.5485	261.89377	1402.129	394.3965	301.83334	271.3	911999	37672.312	372957.6	512.28345	-116.452065	-377.99646	47.897076	6941.1456434726715
824.6167	89.517456	979.28864	699.2592	680.9906	6.3105764	692.706	672.5443	220.0	195.6	913999	37590.96	372152.22	514.6327	-97.70407	-377.2052	38.26871	6954.962654352188
1031.7706	306.71497	1599.2958	678.1642	1167.4114	161.54823	1488.773	923.81006	271.0	281.5	915999	37631.74	372555.9	509.85605	-156.70561	-377.62207	40.889046	6969.951018571854
935.41785	259.47632	1539.1838	596.351	976.8578	344.2827	1634.028	733.33923	243.0	266.9	917999	37584.695	372090.22	510.70972	-110.76981	-377.21613	59.3291	6984.197901010513
1182.1604	489.01306	2115.003	750.5989	985.3905	407.8938	1765.4691	362.46063	310.85715	297.2	919999	37513.895	371389.25	513.9959	-150.0088	-376.45154	42.599117	6999.779718399048
1043.2062	245.75186	1355.8248	683.21295	1106.2515	103.36811	1343.7086	1021.64874	282.33334	291.5	921999	37569.82	371942.97	522.9577	-113.652824	-377.04352	49.736103	7014.957937955856
1475.1295	532.8887	2496.5833	1024.18	1182.2051	297.64285	1777.2385	631.3826	376.33334	294.8	923999	37653.137	372767.8	528.361	-64.07394	-377.9112	50.091454	7030.359668731689
832.9015	136.26006	998.52496	580.8732	825.7323	99.019714	1111.2607	760.89087	224.125	235.2	925999	37704.844	373279.75	528.46967	-143.52272	-378.3525	46.95725	7042.724987268448
1084.1145	449.84467	2164.6082	748.3257	1074.1852	282.66205	1388.058	540.08136	289.0	313.0	927999	37750.97	373736.38	520.6086	-223.38112	-378.77356	50.050983	7057.701031446457
1119.1222	311.8429	1613.9918	724.4303	358.9663	286.85492	1219.2762	252.25348	317.42856	136.5	929999	37790.395	374126.72	524.588	-116.23841	-379.21313	43.328094	7071.618871927261
849.21924	389.8864	1537.2671	272.1344	1186.6005	171.23822	1583.1202	1023.17267	244.625	320.2	931999	37829.99	374518.72	518.4327	-95.7573	-379.6105	43.798206	7086.5457220077515
1205.8552	286.27985	1611.0784	795.7524	705.91406	114.660965	771.26654	474.50687	318.83334	235.0	933999	37758.26	373808.66	525.22156	-180.52324	-378.93338	40.763176	7099.705679178238
910.1059	365.62692	1242.8153	218.12675	1848.8157	703.7252	3846.7092	1310.2421	256.0	478.7	935999	37746.28	373690.03	517.68665	-179.48128	-378.77094	41.440353	7116.129417181015
1100.2726	354.0639	1541.4784	573.9833	660.73645	76.62735	818.2754	556.42035	295.7143	180.4	937999	37753.816	373764.62	521.763	-178.05765	-378.8965	42.282036	7129.628510475159
1217.319	256.3208	1603.6044	859.8721	1053.0247	187.30518	1257.272	706.1723	322.42856	271.3	939999	37731.434	373543.06	518.45197	-132.83707	-378.67944	44.547127	7143.661453485489
833.7786	362.2187	1219.5476	196.22737	343.49188	204.85059	817.1301	146.09529	233.625	115.3	941999	37717.344	373403.53	518.34344	-158.54164	-378.5233	40.174564	7156.682124853134
839.0501	308.60867	1298.9685	316.82864	955.2419	163.58018	1123.0571	705.63904	229.55556	266.6	943999	37672.312	372957.75	522.5716	-169.52705	-378.0491	45.361496	7171.293003082275
1138.52	542.09985	2300.5247	677.27386	1288.8873	46.228107	1422.244	1252.8152	298.16666	341.7	945999	37708.723	373318.25	530.305	-187.77579	-378.4533	45.846767	7185.360693216324
956.37134	521.0105	1555.3247	108.23935	1177.0897	217.33304	1649.4803	777.5227	254.5	306.6	947999	37796.785	374190.06	537.42303	-192.82895	-379.3979	45.2845	7199.687771558762
1165.3196	282.5466	1587.0376	798.447	1533.5533	178.37096	1863.866	1208.9801	303.42856	384.3	949999	37801.707	374238.8	532.0257	-133.1512	-379.38132	47.379925	7214.338955402374
1336.0895	433.75082	2267.9646	984.5346	1652.4187	259.30652	2130.1685	1282.8925	344.0	416.8	951999	37860.977	374825.62	529.5129	-153.90764	-380.0355	47.149803	7229.181201457977
1267.4252	257.99008	1672.9817	856.87366	1067.0061	75.31386	1165.7173	956.45294	334.33334	276.1	953999	38025.633	376455.72	530.5208	-92.052086	-381.7453	43.01145	7243.009104013443
1441.3417	569.6722	2148.3892	923.86224	1921.7103	451.4427	2738.369	1068.9786	377.2	532.8	955999	38197.69	378159.06	532.2647	-227.21039	-383.42148	47.496983	7260.142142057419
1351.0262	535.3816	2476.819	731.75134	422.62094	4.35578	428.6652	416.37836	360.16666	147.0	957999	38289.1	379064.06	530.6066	-123.81712	-384.3225	47.807934	7273.548759937286
994.8219	342.10086	1407.11	241.81107	532.1505	188.62038	673.00226	242.82822	249.125	174.1	959999	38308.613	379257.22	530.4317	-268.35022	-384.5036	41.459522	7287.69348859787
1093.4983	441.1588	1854.8934	665.26196	967.4621	27.576002	1013.1619	916.5926	293.4	251.7	961999	38443.492	380592.53	553.0386	-163.12003	-385.89157	51.18207	7301.598210811615
1264.1296	507.82535	2381.1821	844.68964	1918.7595	755.4634	3631.739	1042.2571	334.42856	549.9	963999	38493.203	381084.62	525.9011	-166.64389	-386.3582	49.04818	7318.449765443802
1527.049	666.73865	2850.249	1074.2368	1693.3057	730.5264	2764.113	721.4532	394.8	460.9	965999	38640.6	382543.8	524.72504	-151.41515	-387.81757	55.069214	7334.504088401794
1316.9276	697.30176	2710.953	801.4666	1952.7888	972.8768	3316.373	691.82965	345.16666	567.2	967999	38783.22	383955.72	523.8215	-137.49178	-389.24484	41.763596	7351.20138001442
1347.6207	475.40295	2260.006	890.6507	1627.1688	1173.0873	3358.7341	412.30103	360.6	492.2	969999	38864.113	384756.6	520.0188	-220.0285	-390.02283	41.077297	7367.101992845535
1958.9347	953.6823	3005.5503	413.63324	2450.0466	762.7101	3475.771	1324.7872	593.0	668.6	971999	39010.742	386208.16	523.0358	-215.5103	-391.50055	42.93967	7385.564626932144
1358.6942	834.5219	2651.5732	477.5708	756.0544	16.472155	776.53485	726.7786	368.6	199.0	973999	39251.69	388593.5	522.28204	-120.25664	-393.85217	40.552944	7399.06111240387
909.635	269.37482	1467.4269	428.497	487.26596	257.81406	936.46796	225.59027	235.77777	159.6	975999	39114.605	387236.38	524.501	-115.177414	-392.42813	41.841915	7412.859575271606
632.4321	252.03854	1057.0419	360.02213	675.98	312.90524	1051.5419	212.41563	191.2	212.5	977999	38960.984	385715.56	532.1439	-148.28487	-390.9901	44.192894	7427.568804502487
798.56177	353.00394	1215.3774	244.2514	1413.2258	624.2688	2643.628	413.97064	240.75	405.5	979999	38963.414	385739.62	533.5171	-155.1818	-391.0634	46.171017	7443.250462055206
802.8365	588.5389	1854.8059	16.859358	17.125021	2.6559541	23.266764	14.378395	249.75	33.8	981999	39048.293	386579.88	531.4057	-169.33296	-391.98196	46.16147	7455.303537845612
955.6157	1012.1699	2994.922	12.792205	2527.264	715.4573	3202.233	1465.5702	287.57144	768.3	983999	39147.54	387562.4	532.7139	-166.03008	-392.9062	42.368633	7474.773425579071
1100.5063	550.3438	2205.9368	623.475	1481.4888	931.9294	2864.6013	500.70645	316.0	402.0	985999	39203.32	388114.62	538.85596	-236.953	-393.5083	44.780422	7490.751037120819
2008.9509	1010.43335	3562.5693	858.04083	1334.138	567.31506	2765.6338	672.05676	558.5	378.3	987999	39350.684	389573.47	548.9327	-214.70561	-395.01456	46.86558	7505.173719167709
1470.3368	934.41156	2985.1375	449.50534	1111.9824	145.21996	1382.6118	918.7718	388.6	294.7	989999	39553.543	391581.75	539.7074	-132.45142	-397.08487	48.196125	7519.437166452408
1218.8246	476.59027	1922.8075	712.9649	1100.2377	179.80959	1627.3207	993.04407	335.0	291.2	991999	39667.668	392711.56	529.49664	-205.1154	-398.20105	45.221184	7533.424191951752
1430.383	719.04614	2761.249	754.84937	774.83466	152.16484	1152.8373	478.95947	399.2	219.0	993999	39788.504	393907.78	535.0781	-199.57507	-399.39008	46.128105	7547.061545610428
895.5474	373.18378	1396.0305	141.97656	815.50836	75.96797	919.44507	723.6881	230.0	212.5	995999	39904.367	395054.8	531.67206	-146.63788	-400.5282	47.565727	7559.917474746704
1107.8431	210.03772	1533.255	945.8551	2000.0221	1165.3232	3617.6853	858.8945	288.0	540.0	997999	39863.215	394647.4	533.1557	-148.27757	-400.18027	53.60468	7577.010978460312
1515.4397	627.43835	2600.9084	1113.4608	947.4217	75.2698	1056.1981	834.7211	412.75	237.8	999999	39971.484	395719.25	530.0309	-121.50258	-401.16925	41.901325	7591.945081233978
