AverageEpRet	StdEpRet	MaxEpRet	MinEpRet	AverageTestEpRet	StdTestEpRet	MaxTestEpRet	MinTestEpRet	EpLen	TestEpLen	TotalEnvInteracts	Q1Vals	Q2Vals	LossQ1	LossQ2	AverageLossAC	StdLossAC	MaxLossAC	MinLossAC	AverageC	StdC	MaxC	MinC	AverageLogP	StdLogP	MaxLogP	MinLogP	StepsPerSecond	Time
2.5110176	5.706936	22.533297	-8.904003	-9.347936	2.6949055	-4.568327	-12.677415	21.619566	66.6	2000	3.245307	3.2460577	0.08709085	0.07893348	1.9233531e-11	2.3176062e-11	2.9189334e-10	2.4904193e-12	2001.4073	1088.3984	7264.73	440.21152	49007.91	781065.1	616.7186	-11.92974	4791.9497	10.343303680419922
2.4636009	7.439482	42.156292	-11.756167	74.56535	17.256851	110.74901	48.038147	20.306122	187.5	4000	22.275925	22.276321	0.84552157	0.80101234	7.585399e-12	4.260184e-12	4.0995537e-11	1.2156228e-12	6180.275	4780.331	42333.633	1.3833504	74441.26	1186408.8	823.3771	29.734879	3731.6313	31.146435022354126
2.902421	6.459111	27.221886	-8.429046	117.46094	91.218765	302.81992	54.96772	23.16092	183.2	6000	50.976143	50.97852	3.576798	3.333832	1.573466e-11	8.502516e-12	8.14175e-11	1.7359621e-12	27476.986	14078.395	98353.64	3696.7234	52377.75	834772.0	795.68274	7.1485205	4371.554	47.61009359359741
2.1983507	5.1708364	16.69502	-8.461723	-11.583897	1.1395882	-9.925786	-13.787925	20.214285	54.6	8000	79.799995	79.800255	8.048797	7.9643583	1.2930783e-11	6.7800526e-12	6.0579056e-11	2.261862e-12	43290.395	21161.428	169297.84	7025.8496	61165.832	974833.94	1416.4718	8.644108	4101.3203	64.2591323852539
1.8427578	5.725212	32.918232	-8.651815	-12.523728	8.779128	1.5622145	-32.47376	20.404041	55.3	10000	113.07672	113.07495	14.614963	15.1070385	2.0091043e-11	1.1717055e-11	9.7999366e-11	1.9878192e-12	63313.19	36003.805	403628.47	13087.018	48889.52	779179.44	1315.0319	1.503478	3643.019	82.87421536445618
63.59092	142.4832	502.9116	-67.70973	-4.546769	6.325245	6.7924795	-11.355311	112.94118	58.6	12000	147.3961	147.3976	21.527678	20.895168	1.8925715e-11	1.1148233e-11	6.8921965e-11	1.7555103e-12	74539.45	50834.29	390178.25	19714.164	48845.47	778477.44	1505.8649	-7.8640146	1403.0472	98.8178653717041
23.450462	105.88971	450.2358	-20.553444	134.56929	101.88347	286.02692	-44.262173	66.45	205.6	14000	161.69746	161.69933	27.987196	28.13464	1.885533e-11	1.2058111e-11	8.891375e-11	2.1020536e-12	106706.08	54055.113	409842.2	26378.174	26448.143	421518.9	806.9546	-8.89925	839.7476	122.62503242492676
126.66993	232.09737	767.4222	-44.325302	224.42232	149.77992	533.5227	29.8421	199.0	281.7	16000	178.5017	178.5031	27.535315	28.936815	3.1899577e-11	1.7839343e-11	1.2372225e-10	4.1912233e-12	63817.355	30682.105	229379.98	19396.143	8092.2935	128971.36	369.38052	-8.125231	1447.7275	139.95484399795532
129.5276	105.56191	299.66248	-0.071246214	-18.7251	24.56039	22.303053	-68.424965	178.33333	85.1	18000	189.83765	189.83784	27.79194	29.641468	3.9270462e-11	2.2393495e-11	1.7848971e-10	5.5897613e-12	34482.24	15158.246	118628.27	10006.185	6564.0654	104614.945	165.40678	-3.9398105	880.59973	161.4367709159851
19.630104	50.43895	126.12717	-83.9939	51.481598	102.74499	344.62784	-10.564502	97.8	144.5	20000	194.77483	194.77567	30.706394	31.968987	4.336451e-11	2.3686025e-11	1.519963e-10	4.30048e-12	23555.648	10037.385	97663.87	8910.571	6680.3237	106467.92	187.32716	-4.048666	1376.4375	177.91244554519653
103.044266	113.91654	222.04337	-102.43846	216.95369	131.82639	463.17004	-6.3981333	191.5	162.8	22000	193.15746	193.15881	28.416048	29.14679	4.0573753e-11	2.026748e-11	1.4752906e-10	4.022615e-12	17241.594	6466.4883	67101.914	5988.4863	7218.0454	115037.805	169.60364	0.49658608	902.769	200.11593914031982
201.99156	129.73578	496.9425	7.5711036	387.0346	178.53075	752.62683	164.1347	200.8	378.9	24000	191.7829	191.78358	25.869291	26.67568	4.1318563e-11	2.106974e-11	1.3397279e-10	3.813695e-12	12973.32	5434.538	65692.88	4839.483	7853.344	125162.83	174.86842	0.4400692	1363.1412	219.83013153076172
133.48137	177.91574	420.751	-73.927155	155.2609	102.33738	317.02686	30.977476	225.22223	141.6	26000	189.00005	188.9985	24.77076	25.506271	4.0030524e-11	2.0697817e-11	1.7333969e-10	3.117178e-12	10922.018	4823.8047	69523.36	4037.738	8228.174	131136.77	206.11913	0.88262105	854.0545	241.6614146232605
208.1088	190.97952	512.34656	-6.0971847	51.367725	84.18219	224.137	-39.336597	208.7	110.9	28000	185.86888	185.87036	24.082758	24.428734	3.9636298e-11	2.008742e-11	1.237003e-10	5.048025e-12	9833.642	4252.268	40103.027	3984.9463	8412.946	134081.58	227.17613	2.7308536	1430.9926	258.53212308883667
88.78947	118.84934	335.06702	-100.57176	185.5296	103.39286	353.13712	27.59534	149.46153	158.3	30000	182.61783	182.61824	24.193693	24.663273	3.7238684e-11	1.9536806e-11	1.1879782e-10	3.5166893e-12	8678.673	3802.858	39449.227	3270.5393	9036.973	144027.03	215.67133	2.4437733	856.98535	280.49878549575806
102.14914	127.35598	401.69385	-24.71167	84.43144	307.2621	940.36163	-205.47293	254.25	284.8	32000	176.2487	176.2478	22.142544	22.960703	3.8529884e-11	1.9741837e-11	1.5552007e-10	4.8111307e-12	7321.141	3137.625	31548.54	2391.85	9343.958	148919.61	203.11026	1.7796655	1275.2567	301.3830473423004
161.86719	132.79826	443.95624	-71.22892	251.85538	124.26254	534.51135	124.79145	137.64285	177.8	34000	170.21736	170.2186	23.060677	23.493416	3.662184e-11	1.8376939e-11	1.0562702e-10	3.4876904e-12	6730.165	2756.0303	28410.277	2638.6848	9500.956	151421.67	207.74025	3.1354628	1095.1073	321.00339341163635
169.96889	197.31342	766.80096	4.6082835	138.21158	136.23651	389.92926	-15.252011	172.58333	149.8	36000	165.61519	165.61334	21.07596	21.854797	3.549645e-11	1.7648763e-11	1.2026383e-10	4.447876e-12	6062.857	2452.4973	22455.441	2085.3447	9514.556	151638.47	226.25862	1.2447808	997.2021	342.06737089157104
127.81225	136.26712	459.73093	-17.6013	69.83691	87.61651	229.3264	-51.538837	163.81818	93.4	38000	160.5245	160.5237	21.28389	22.061499	3.451484e-11	1.7016792e-11	1.0552499e-10	5.459252e-12	5581.7983	2191.5544	19141.83	1958.983	9617.843	153284.64	250.69136	4.3944206	1182.6257	360.1347155570984
86.62021	70.79121	215.1577	-1.6715548	143.76614	165.4245	407.9569	-187.89594	117.26316	175.1	40000	156.07637	156.07553	20.257257	20.957151	3.269579e-11	1.6609363e-11	1.0736238e-10	3.997595e-12	5283.0654	2169.5403	18050.404	2030.4592	9688.036	154403.33	250.26384	5.793212	863.36554	382.8109200000763
200.98018	130.98486	445.8495	16.940857	270.33072	146.20262	559.6636	70.237946	180.3	185.9	42000	151.65778	151.65643	19.499296	19.355024	3.2840824e-11	1.6315891e-11	1.1756462e-10	2.6859656e-12	4731.3594	2053.7097	25661.748	1652.0942	10128.201	161418.45	248.95187	6.993293	1298.6893	401.5755624771118
221.69339	146.11003	482.78497	39.582676	276.388	119.53201	513.8315	114.15402	211.11111	229.9	44000	147.91394	147.91403	17.9024	17.691814	3.3247082e-11	1.689174e-11	1.1501964e-10	4.840621e-12	4208.122	1708.1958	14023.434	1517.6475	10451.622	166573.0	243.8572	7.304186	855.2935	423.851096868515
223.2873	109.04653	470.41492	45.652145	318.3536	218.38083	687.71643	53.939663	171.76923	260.3	46000	144.53021	144.52924	16.524815	16.366863	3.2042268e-11	1.6133777e-11	1.2332597e-10	4.761026e-12	3966.151	1649.1877	14677.272	1421.3364	10499.156	167330.6	263.6803	6.5834637	1296.542	443.61820554733276
218.72282	138.3833	466.3846	77.981285	95.159134	109.19344	380.42474	-0.26075172	190.2	121.2	48000	141.24287	141.24142	16.090546	15.931732	3.075261e-11	1.5520252e-11	1.0104404e-10	3.0860759e-12	3786.6182	1628.2334	19332.883	1241.7252	10878.36	173374.17	341.32224	7.171129	987.1319	463.80827808380127
106.2622	138.18867	424.9578	-107.58471	85.87876	102.243774	341.07718	-12.849923	198.27272	127.5	50000	137.76048	137.76146	14.97867	14.395371	3.072861e-11	1.5613365e-11	1.139802e-10	2.9926745e-12	3439.977	1504.053	20795.494	1165.1549	11380.695	181380.12	340.11243	8.852815	976.9998	484.996431350708
213.28905	87.24252	402.65714	115.21037	146.34329	176.3917	444.87445	-91.76131	266.85715	196.5	52000	134.30843	134.30835	14.284411	14.230066	3.141401e-11	1.5840993e-11	1.1705653e-10	4.02899e-12	3118.0173	1343.6592	12838.314	1113.1858	11464.921	182722.53	355.5816	6.6811757	1103.8658	505.9323318004608
142.73442	100.87576	401.08945	28.13228	125.51534	74.236664	253.55186	34.836502	169.25	151.7	54000	130.86732	130.86935	14.242946	13.986586	3.099465e-11	1.5361995e-11	9.84083e-11	3.6424848e-12	3009.088	1347.801	14477.173	1096.9595	11562.365	184275.52	361.47833	9.240522	974.0311	526.7472155094147
153.09503	100.735054	397.90067	-41.946495	171.33463	100.68068	403.83432	18.27305	139.4	175.6	56000	128.08943	128.08884	14.923565	14.625676	3.1078203e-11	1.5463431e-11	1.10403645e-10	4.4434985e-12	2847.6924	1234.1033	11792.427	1102.119	11814.373	188292.02	342.866	7.9393625	1053.7094	547.7278895378113
153.39659	123.926895	554.9346	27.45463	173.06247	63.824696	342.8666	127.61954	124.933334	123.6	58000	125.825294	125.82328	15.834035	15.486622	3.149654e-11	1.5781773e-11	1.09966966e-10	4.3181665e-12	2773.744	1136.0674	12416.111	960.2695	11840.644	188710.64	329.0599	5.68746	1158.3048	566.0789887905121
179.63719	75.76648	409.66138	119.64749	186.12009	112.78791	413.47055	77.36766	142.42857	142.6	60000	125.84925	125.85065	16.180733	16.062302	3.234232e-11	1.6063718e-11	1.0592098e-10	5.2116015e-12	2683.8164	1076.6659	10130.611	966.99927	11930.853	190148.28	319.08005	9.644248	1119.1359	586.2525417804718
203.12906	127.886055	448.38293	14.540987	247.7106	75.57842	396.08932	110.61056	185.09091	169.2	62000	126.304756	126.304756	16.275833	16.254702	3.334044e-11	1.6621784e-11	1.1394374e-10	4.0575794e-12	2617.104	1067.5502	13725.827	919.66626	11848.449	188835.12	345.14722	9.541185	1104.2706	605.7384531497955
189.42798	140.2801	604.6969	6.2013535	88.40285	135.99768	413.88324	-99.74534	131.875	147.7	64000	126.01072	126.01149	16.019825	15.934691	3.3577995e-11	1.6681123e-11	1.09126194e-10	3.969428e-12	2563.3806	1011.57886	9784.55	980.9076	11567.273	184353.81	336.19827	9.561962	1063.7095	625.8626515865326
187.53708	100.75858	357.92935	15.136532	182.59848	97.41429	350.71417	67.03165	139.38461	133.6	66000	125.15812	125.15883	15.1294565	14.935069	3.2972396e-11	1.6742278e-11	1.2605643e-10	5.288347e-12	2451.75	990.46375	9151.349	923.8911	11817.131	188336.06	342.25037	6.0336046	1144.0117	644.6262652873993
215.62544	142.90579	509.91455	-25.778906	285.77173	127.93528	578.4872	154.9387	178.5	180.5	68000	122.74603	122.74591	13.5545635	13.204798	3.25059e-11	1.67158e-11	1.0610727e-10	3.1600542e-12	2255.667	958.44226	9251.006	857.9763	12297.137	195986.1	333.36816	10.414559	1252.0823	663.9606251716614
143.51266	111.45795	383.34015	-28.242733	185.14488	105.44948	357.68274	-11.662908	168.09091	143.1	70000	119.67806	119.67825	12.229963	12.003841	3.07757e-11	1.5702101e-11	1.0029903e-10	4.7264055e-12	2125.5564	878.1603	7467.774	766.30133	12635.18	201373.64	350.0188	8.0468855	1017.7077	684.1045939922333
327.4967	182.55844	648.8016	32.732044	214.48398	243.69376	689.9327	25.586565	219.1	194.2	72000	116.68065	116.68042	11.639723	11.544928	3.030067e-11	1.5453045e-11	1.08846876e-10	3.86287e-12	2024.2815	863.558	7599.6035	674.7011	12753.318	203256.64	390.47598	8.226769	1377.134	702.4197723865509
368.92877	157.09747	547.9463	87.45908	298.20404	125.25633	531.9906	179.73471	222.66667	251.6	74000	114.50924	114.50845	11.449125	11.165418	3.1397784e-11	1.545059e-11	1.1616534e-10	2.9360008e-12	1926.923	801.48035	10928.243	690.1797	13043.327	207878.69	459.87244	8.635754	896.04376	724.5530290603638
535.68115	226.8223	902.28864	272.1049	416.5208	359.04153	1205.0844	83.2381	376.6	288.2	76000	113.09123	113.09086	10.904133	10.748303	3.0827677e-11	1.5675884e-11	9.775356e-11	3.9748517e-12	1877.748	814.70197	8012.777	689.88055	13166.417	209840.47	492.16232	10.070791	1419.3389	743.7864844799042
333.28476	109.68089	516.3379	193.92465	277.9362	219.11649	663.01624	13.555703	283.16666	259.6	78000	111.76154	111.7619	10.751703	10.582631	3.1439143e-11	1.5966195e-11	1.11946584e-10	4.978777e-12	1723.7483	706.90405	7245.466	573.5296	13419.144	213868.3	519.5908	11.208038	872.2686	766.2419347763062
478.5369	547.4144	1770.7994	62.635067	326.8234	269.06155	1043.8445	22.829695	334.14285	323.8	80000	110.9546	110.95525	10.534302	10.409114	2.9908784e-11	1.5405998e-11	1.0270611e-10	3.6698674e-12	1688.8087	715.07294	6651.0737	527.76685	13884.4	221283.28	478.10223	9.962906	1397.4236	786.198483467102
502.1504	200.59113	775.47595	264.5079	320.41376	169.47632	607.89685	45.413754	401.6	264.4	82000	110.38473	110.38521	10.324802	10.230767	3.0289733e-11	1.5199626e-11	1.045364e-10	3.4203237e-12	1594.9783	656.1751	6777.4634	596.5605	14124.48	225109.67	531.65814	10.0306225	927.64307	808.1038253307343
187.3674	146.55614	398.50912	-12.822524	311.6214	160.37688	737.7091	136.20557	202.1	219.2	84000	109.958145	109.95814	10.5313	10.383653	3.0759294e-11	1.5098055e-11	8.9622434e-11	2.8685387e-12	1561.5143	638.6262	7343.796	587.9613	13738.419	218956.73	435.00696	7.934955	1344.722	826.9234495162964
264.51276	137.56665	476.49057	80.42806	331.89282	198.08458	655.2806	58.812878	187.4	235.6	86000	109.241455	109.24115	10.900297	10.660283	3.109288e-11	1.5354211e-11	1.04879064e-10	3.9722093e-12	1553.5225	655.02435	6245.4155	616.4508	13602.238	216786.3	447.1769	10.184001	905.9944	848.9457683563232
269.41412	183.15935	534.9326	74.05709	163.6672	93.444984	374.58582	82.752235	203.2	156.0	88000	108.90666	108.907036	11.214688	11.199463	3.1031556e-11	1.5276804e-11	1.23237e-10	2.8479794e-12	1526.3578	627.4693	6335.969	500.54852	13500.629	215166.89	435.80505	10.291868	1365.0958	866.6840381622314
324.0839	355.84222	1223.0449	32.46923	292.68018	94.121414	460.21802	71.59851	252.5	145.2	90000	108.78595	108.785416	11.559984	11.407483	3.1645776e-11	1.6334697e-11	1.3478192e-10	4.442417e-12	1491.2775	605.96857	5833.252	510.1198	13617.437	217028.52	451.26407	9.765079	879.42633	888.1575772762299
316.27637	150.69289	584.4555	149.60051	405.02472	218.54037	992.7719	219.27348	213.5	357.8	92000	108.639244	108.63833	11.881951	11.634722	3.2106925e-11	1.6171257e-11	1.06899066e-10	4.309899e-12	1448.5148	586.3537	5372.4844	520.21454	13938.635	222147.64	561.70154	10.398157	1409.3234	908.0690684318542
356.03668	331.2399	1145.2297	79.50687	328.91965	155.3184	743.8051	199.81776	318.42856	180.1	94000	108.06601	108.066055	12.95346	12.792465	3.303322e-11	1.6852509e-11	1.1953567e-10	5.3454697e-12	1388.0267	557.07544	4811.8535	515.3167	13912.471	221730.8	522.12195	9.682339	899.51373	929.3596475124359
268.53992	186.08571	743.42084	119.95201	271.06573	99.49014	451.15314	131.4777	198.45454	212.7	96000	107.366806	107.36783	12.087982	11.866779	3.157305e-11	1.598836e-11	1.1550492e-10	4.152289e-12	1374.747	550.2609	6228.5913	477.34933	14181.538	226018.97	577.84143	13.90859	1360.0496	947.7473249435425
274.18326	168.9135	597.37384	68.00596	423.68146	133.01364	730.16174	230.85927	310.5	239.1	98000	106.881714	106.88159	12.256669	11.977701	3.1728228e-11	1.5721527e-11	1.0761927e-10	4.8759655e-12	1373.117	558.47797	4846.3623	545.1148	14317.318	228183.02	513.8167	11.684576	881.30316	969.9722833633423
290.99057	117.30241	429.93222	74.1731	232.72966	127.21604	434.9576	30.129965	210.5	177.3	100000	106.47576	106.47529	12.074369	11.909115	3.3113807e-11	1.6281032e-11	1.0595519e-10	4.200383e-12	1275.2966	525.4596	5797.397	496.64615	14145.0	225436.69	508.52368	11.537377	1116.9344	990.2033221721649
231.37442	138.58755	492.2141	19.197458	8.175348	1.3278477	11.347913	6.328885	140.21428	30.1	102000	105.91658	105.9161	12.652787	12.380334	3.227262e-11	1.6456584e-11	1.1321357e-10	4.2959564e-12	1271.0885	562.81915	5315.505	483.051	14615.131	232929.45	617.33453	10.710285	1124.4563	1008.5615818500519
98.567154	134.33267	489.76	3.5026863	227.92874	89.46339	400.20462	143.21158	73.65385	141.2	104000	105.45965	105.460175	13.4254465	12.937763	3.1308667e-11	1.5595476e-11	1.2320957e-10	3.6121702e-12	1260.8429	542.4865	5582.7534	430.4089	15069.028	240163.45	609.58356	12.394474	1285.0913	1027.4905791282654
279.13626	140.80212	606.32416	108.920746	263.5578	109.322334	430.9293	94.14348	162.53847	179.7	106000	104.860504	104.86118	13.174398	12.630733	3.1966926e-11	1.5895686e-11	9.596233e-11	3.6706007e-12	1197.0569	482.32898	4435.545	442.82166	14884.203	237217.81	623.098	12.131121	978.2015	1048.1399881839752
259.73682	160.88237	604.4468	66.39597	290.14532	186.04399	797.0286	132.38893	169.8	139.3	108000	104.65818	104.65749	12.812455	12.380862	3.186888e-11	1.5861099e-11	1.07047614e-10	4.277676e-12	1193.4075	466.54315	4715.281	448.05597	14921.714	237815.69	680.35315	12.024109	1288.7935	1066.3462805747986
301.61252	217.79752	669.5696	-55.415226	175.19635	214.09029	560.7135	-80.85451	227.5	259.2	110000	104.4911	104.49106	12.880598	12.249919	3.1780616e-11	1.608472e-11	1.03538234e-10	4.088725e-12	1193.8573	481.10144	4388.2866	446.56046	15422.86	245802.9	771.8683	13.014477	922.98096	1088.2204627990723
265.37085	123.06288	533.1492	61.21643	341.31198	246.87645	757.4786	51.59748	170.08333	225.3	112000	104.59214	104.59173	13.04496	12.526613	3.2538652e-11	1.657942e-11	1.093148e-10	5.489771e-12	1139.1144	428.1792	3524.3281	412.5375	15312.369	244041.89	723.09357	13.361531	1308.8347	1107.4996066093445
289.64136	178.55347	750.3356	80.68472	272.57755	162.19707	535.83954	60.66237	198.7	199.1	114000	104.83486	104.83359	13.742227	13.277424	3.275942e-11	1.631118e-11	1.0538124e-10	3.7997396e-12	1149.8688	471.4102	4107.5786	457.87964	15430.118	245918.52	789.0162	12.87988	965.8275	1128.8432607650757
181.64703	154.48643	591.75696	42.393383	358.80826	237.4281	923.25354	72.279724	185.2	211.2	116000	105.08592	105.084076	13.931114	13.53147	3.2535696e-11	1.595045e-11	1.12047295e-10	3.885433e-12	1121.416	457.35837	4590.5547	445.88748	15910.233	253570.25	891.1879	13.07847	1250.9729	1148.2736184597015
216.35469	162.07454	482.07724	-20.401922	195.86545	183.35773	678.6122	16.513578	198.36363	231.4	118000	105.506004	105.50566	14.209175	13.751336	3.2903437e-11	1.6956492e-11	1.12615486e-10	3.4675977e-12	1097.0482	443.82748	5031.7314	395.41388	15818.521	252108.56	779.3816	13.1409025	942.18524	1169.6257984638214
122.905014	115.52437	342.1374	-19.994755	349.03986	53.502995	443.30728	257.06357	195.33333	210.1	120000	105.47108	105.469604	14.20147	13.936964	3.3213616e-11	1.699452e-11	1.0455907e-10	4.588938e-12	1073.8636	433.9561	4679.014	391.8994	15361.323	244822.02	792.68427	14.83741	1087.4047	1190.9668815135956
583.5111	373.9255	989.9173	65.01037	281.28656	238.30833	640.6651	47.697266	459.25	206.5	122000	105.47502	105.47485	14.257505	14.002885	3.3569682e-11	1.7205903e-11	1.05181384e-10	3.63888e-12	1051.4807	452.57578	4368.9194	418.89343	15588.859	248448.55	769.60046	12.082563	1222.6472	1209.7172553539276
497.99985	416.98383	1364.807	13.111917	314.91547	192.11554	574.80347	-11.168015	337.14285	247.6	124000	105.44017	105.438324	14.192135	13.874734	3.3664325e-11	1.6989526e-11	1.07792816e-10	3.1873597e-12	1017.2318	447.26648	5869.668	379.22903	15619.333	248934.14	765.74115	14.287975	1047.2676	1231.675749540329
291.7553	160.14566	525.94006	94.40576	219.79256	123.29756	518.3525	60.60602	219.88889	175.2	126000	105.398544	105.398315	13.856518	13.603605	3.4356233e-11	1.7410908e-11	1.1791779e-10	4.0498e-12	985.1293	404.72092	4283.451	317.12372	15294.205	243752.31	725.4546	11.940552	1255.0149	1249.7093517780304
253.65512	153.642	617.7331	102.55356	353.6024	239.98018	835.1868	62.46004	204.3	194.0	128000	105.30899	105.307816	13.831521	13.462773	3.3621356e-11	1.7730003e-11	1.206827e-10	3.8833533e-12	1019.27924	446.2345	4663.9844	387.039	14998.451	239038.55	611.1732	14.313047	1054.4359	1270.8385498523712
248.73842	145.35541	573.60486	88.389824	236.88925	218.37094	843.2369	103.02493	165.83333	180.7	130000	105.31505	105.31392	13.618205	13.3010025	3.375696e-11	1.7562991e-11	1.4407694e-10	4.1677104e-12	991.14526	422.5347	3804.7627	343.6691	15378.028	245088.33	816.2308	13.588047	1173.5758	1289.5133850574493
284.92648	189.5868	688.9524	95.551865	427.01996	195.40193	871.2732	184.64372	185.90909	193.7	132000	105.26726	105.2666	14.092804	13.750185	3.420369e-11	1.7589109e-11	1.258916e-10	2.3469872e-12	964.31024	421.2885	6299.011	377.4677	15200.591	242260.3	744.82465	13.353496	938.92474	1311.6287972927094
215.9439	210.83855	628.62805	5.3032	293.61597	217.84134	613.40076	11.410777	116.64706	176.3	134000	105.534584	105.5323	14.069896	13.7572	3.5278922e-11	1.7903855e-11	1.0765018e-10	3.8132765e-12	917.9269	399.50824	3672.1597	372.53253	15363.426	244855.47	751.28436	12.619226	1304.6118	1329.1668219566345
267.26114	157.46155	507.99353	7.686227	673.6828	287.42737	1359.7968	363.44598	144.76923	285.8	136000	105.656845	105.6563	14.699681	14.095664	3.4431978e-11	1.77622e-11	1.2572375e-10	3.8379144e-12	894.32965	380.37347	4010.1458	311.0669	15662.105	249615.67	705.4804	12.607449	926.5975	1353.09841132164
442.7038	127.39133	613.2067	132.11421	508.60532	107.0055	722.2245	397.11127	205.4	225.9	138000	105.79632	105.79593	14.293157	13.922229	3.512907e-11	1.8274302e-11	1.3195374e-10	4.2430187e-12	843.1651	369.11328	3517.9722	314.7309	15402.87	245484.11	691.26337	14.820757	1127.6318	1374.3411316871643
458.7984	109.25449	634.52795	280.57895	341.88754	131.93791	571.1899	141.20247	226.66667	149.4	140000	106.32541	106.32445	14.267972	13.759724	3.4726243e-11	1.8356473e-11	1.180152e-10	4.6541963e-12	820.14886	348.24826	3633.5754	287.6621	15700.89	250233.81	711.7516	14.947044	1078.6575	1394.0365471839905
413.5634	131.20134	636.9629	131.40736	359.4087	130.76367	687.2441	115.76041	200.0	174.3	142000	107.26109	107.26131	14.107717	13.793845	3.4410405e-11	1.7765274e-11	1.0473418e-10	3.9134243e-12	806.5076	351.67075	3461.4417	286.83957	15956.15	254302.06	725.86456	14.290321	890.4518	1416.7765834331512
372.76703	279.7514	951.3025	104.01533	470.7315	345.11945	1137.7927	119.08648	183.1	312.8	144000	108.46168	108.462456	14.081871	13.604912	3.3904782e-11	1.8079791e-11	1.237126e-10	2.9840926e-12	821.16986	368.4173	4171.661	299.92532	15920.08	253727.3	714.363	16.705814	1220.4465	1438.247565984726
464.81998	231.06354	1017.73535	131.23763	322.0473	122.87743	516.2216	113.835	235.5	222.7	146000	110.048485	110.049225	14.350335	13.823012	3.4365406e-11	1.8518036e-11	1.0972512e-10	4.1594428e-12	828.4138	378.0496	3720.3853	319.6661	15784.444	251565.5	776.49774	14.186587	964.6177	1459.2172627449036
361.454	169.80229	581.42126	107.04283	505.96222	291.80087	1074.3851	240.36357	201.55556	382.0	148000	111.19337	111.19172	14.147551	13.8394785	3.4701984e-11	1.8874062e-11	1.182409e-10	3.737561e-12	823.1811	393.0751	3858.2764	287.13867	15777.186	251449.73	702.1216	14.219092	1280.3115	1481.1491219997406
503.73804	289.2999	1023.7806	107.19051	647.26495	291.2632	1242.611	340.22342	273.75	312.2	150000	112.32485	112.32554	14.300531	13.9029665	3.4095345e-11	1.8533753e-11	1.3158385e-10	4.1704613e-12	828.19073	387.0868	3445.4397	288.18555	15742.591	250898.58	692.6116	14.719044	1070.172	1501.5610706806183
621.1707	407.60007	1525.4752	361.30008	538.87085	232.2656	1002.20746	236.45447	313.33334	360.6	152000	113.30106	113.301	14.128826	13.628872	3.3355346e-11	1.7782414e-11	1.1643506e-10	3.5642812e-12	798.921	363.40332	3583.9243	321.08685	15572.315	248184.77	698.19604	15.454741	1236.0367	1523.8574647903442
922.42444	301.70508	1250.0247	468.21024	519.43005	134.67523	716.8383	287.64935	429.5	272.3	154000	114.31214	114.311386	13.872134	13.56798	3.4102e-11	1.8661779e-11	1.09082965e-10	3.9742337e-12	791.9045	390.72778	4171.493	258.4248	15698.283	250192.28	808.14233	14.521378	1204.8851	1543.4950816631317
671.0216	289.4757	1121.2128	99.821625	397.679	92.53747	627.2832	236.29652	288.875	165.4	156000	115.33382	115.33357	13.95032	13.641809	3.4323405e-11	1.8466405e-11	1.1594241e-10	4.343672e-12	764.1244	351.10022	4261.5415	283.54944	15705.822	250312.6	702.1493	13.845932	1092.3578	1563.9954357147217
494.85614	142.81148	652.3077	240.03314	691.7486	247.02168	1188.425	476.51822	226.375	291.6	158000	116.62808	116.627815	13.844907	13.428698	3.392577e-11	1.8584505e-11	1.1855691e-10	4.246614e-12	749.01215	340.05087	3065.5044	278.68903	15884.178	253155.11	878.24866	12.793819	1173.8875	1583.6658310890198
660.51196	367.77505	1447.7751	349.24146	365.7499	114.7897	511.9477	196.44014	274.875	171.5	160000	117.85846	117.85867	13.761306	13.505026	3.4826825e-11	1.9767408e-11	1.2111827e-10	2.778439e-12	733.45276	379.89655	4916.1655	249.60127	16073.065	256165.58	1013.29224	15.034853	1040.5879	1604.7141118049622
692.73895	424.52856	1429.8412	376.5389	401.37927	95.06501	597.9022	277.06073	320.66666	160.0	162000	119.017654	119.01953	13.774505	13.407692	3.434708e-11	1.973469e-11	1.447154e-10	3.6495572e-12	720.2047	358.38162	4070.116	231.87943	16185.93	257964.44	1074.6857	14.302671	1229.5186	1623.0948731899261
617.61884	368.7025	1408.1758	294.17526	649.7422	18.312975	677.861	611.07056	331.33334	356.5	164000	120.08555	120.08556	13.488592	13.254752	3.5611486e-11	2.0400442e-11	1.2652066e-10	4.1849735e-12	683.30115	324.63364	2796.0127	233.89838	16271.184	259323.25	938.33374	14.2578125	997.84717	1647.0749974250793
469.9006	179.24416	786.69275	236.2106	535.8533	80.00064	743.43823	454.02087	196.5	228.7	166000	121.55897	121.55895	13.676935	13.383301	3.5508187e-11	2.0194183e-11	1.2825996e-10	3.2795888e-12	653.497	317.49976	3784.5476	226.49557	16175.131	257792.16	905.74255	16.78749	1304.3906	1664.9748771190643
655.48114	535.65326	1686.9028	226.62885	300.02667	19.70684	341.6738	270.89703	377.2857	115.1	168000	123.162346	123.16332	13.433116	13.217088	3.5909827e-11	2.0853529e-11	1.4768495e-10	2.95488e-12	637.7723	321.83807	4009.4353	227.84155	16309.736	259937.67	962.49115	15.663994	843.1617	1686.9810349941254
461.52237	228.03067	1047.7484	265.66293	969.8947	359.97842	1706.9899	538.81683	181.09091	437.3	170000	124.393616	124.39428	13.566824	13.355078	3.582667e-11	2.01097e-11	1.2436963e-10	2.6640096e-12	618.003	305.42017	3224.4775	220.2892	15999.008	254985.2	912.27734	17.788483	1408.9948	1708.3506450653076
498.1684	238.53992	991.5601	245.27728	316.12195	114.29344	577.9531	196.46902	199.3	158.1	172000	125.55153	125.55246	13.470568	13.200217	3.5933905e-11	2.08204e-11	1.1696208e-10	3.853275e-12	610.6344	304.88956	3277.9421	226.86946	16149.752	257387.78	838.4342	17.56895	954.1726	1729.1367256641388
582.42053	398.76233	1496.0818	257.15918	830.92957	390.09088	1665.1396	549.14246	282.2857	387.7	174000	126.78963	126.78978	13.460486	13.157521	3.611722e-11	2.0683495e-11	1.3434978e-10	4.184129e-12	613.78064	309.85544	3385.9932	217.14862	15965.68	254453.94	754.3491	15.297529	1393.2653	1750.2399699687958
634.9722	229.70177	1110.4333	398.23224	701.1434	309.95673	1252.5287	425.70267	253.5	318.2	176000	127.652985	127.65357	13.529381	13.159916	3.3957108e-11	2.0491709e-11	1.4820618e-10	2.5961976e-12	634.45795	328.98453	3809.672	203.20296	16175.2705	257794.38	736.35114	14.000629	1021.6261	1771.453472852707
586.6605	146.14581	885.71844	457.19263	1044.1606	482.434	1632.1366	299.30826	248.125	650.6	178000	128.69151	128.69162	13.126543	12.983906	3.5470748e-11	2.0591714e-11	1.3327332e-10	3.1340369e-12	604.46136	303.60236	2867.3489	205.0665	15819.745	252128.08	783.1055	18.331161	1244.5275	1797.5600254535675
1031.6731	408.66058	1528.8737	418.87833	279.3367	59.854477	422.74094	229.94666	510.0	121.1	180000	129.6001	129.60014	13.259685	12.9250965	3.619484e-11	2.0955395e-11	1.2386141e-10	4.0608836e-12	585.7048	300.424	3139.3828	218.19548	16486.951	262762.03	913.7395	15.19342	1291.7701	1815.0591447353363
967.45276	195.29031	1273.5143	680.9987	486.59317	79.82875	634.8962	394.56445	376.2	184.4	182000	130.58432	130.58469	12.742983	12.435525	3.5010952e-11	2.086103e-11	1.647181e-10	3.780232e-12	585.54736	299.0739	3226.8704	168.69397	16708.07	266286.0	980.33777	17.782978	1087.4688	1835.7538657188416
663.0508	191.96217	1007.69244	474.92456	537.5117	304.9511	1447.777	378.83765	272.7143	219.2	184000	131.30016	131.30086	12.921084	12.758246	3.5083624e-11	2.094068e-11	1.2652479e-10	3.3026797e-12	575.4785	304.52444	3717.9224	191.42578	16562.732	263969.53	1003.07513	16.959938	1176.1709	1854.9074268341064
711.6659	412.27603	1249.746	202.96758	590.1688	134.72896	728.0952	303.87228	378.6	276.6	186000	132.57047	132.5696	12.740722	12.533266	3.4904805e-11	2.053509e-11	1.241969e-10	3.5650133e-12	556.8176	285.9634	2562.4883	187.72438	16965.895	270395.2	969.7696	16.635233	1124.6145	1876.6219527721405
962.7415	383.85968	1493.3389	440.4287	891.53906	670.1711	2471.8906	332.0072	369.83334	347.0	188000	133.53932	133.5412	12.806002	12.784235	3.5028393e-11	2.2084539e-11	1.4170021e-10	3.0533965e-12	567.07324	308.35733	2825.8484	179.61122	16427.756	261818.4	998.89355	18.094183	1227.2784	1896.3781309127808
996.65173	584.74786	2158.6843	582.46326	781.205	310.31125	1342.2576	455.80246	410.6	285.4	190000	134.29994	134.2993	12.821254	12.54277	3.3863978e-11	2.1535653e-11	1.3813245e-10	2.5632385e-12	578.78656	318.30167	3580.0547	192.99606	16312.184	259976.42	897.93243	13.595238	1068.9137	1918.9906413555145
1507.5674	217.69545	1812.8466	1320.4254	1888.7086	664.86035	2489.6353	807.5468	596.0	830.2	192000	135.66454	135.6653	12.739862	12.4281025	3.5336525e-11	2.1304509e-11	1.4083334e-10	2.923811e-12	550.66626	300.97702	3217.3738	169.29218	16200.103	258190.2	769.70166	17.082268	1238.8785	1945.8766281604767
1403.0702	684.446	2572.7441	899.4897	955.5192	218.69109	1229.1893	624.0298	556.25	362.3	194000	137.07062	137.06882	12.372071	12.228881	3.5790412e-11	2.2030627e-11	1.2328101e-10	4.1759088e-12	551.09235	300.79575	2829.5122	176.32109	16149.058	257376.52	737.1632	17.344536	1079.0643	1966.708224773407
834.08545	321.9998	1159.4043	305.35797	1174.0409	845.90375	2572.2737	529.0412	320.75	454.1	196000	138.1119	138.11215	12.477571	12.403219	3.6464946e-11	2.1971536e-11	1.4395077e-10	3.3205112e-12	522.3579	274.4934	3080.31	167.94621	16254.644	259059.36	694.6385	17.599874	1148.279	1990.5874872207642
1640.9517	828.19403	2397.887	488.43973	1755.2767	829.58093	2457.2434	440.31757	665.0	732.2	198000	139.60985	139.60939	12.365539	12.307543	3.5765262e-11	2.1651889e-11	1.2423758e-10	3.4005962e-12	542.516	326.07623	3734.1487	180.88242	16418.412	261669.53	673.8906	16.660074	1255.5236	2014.0470657348633
1694.7179	835.75867	2348.1755	515.0626	447.0294	45.14773	532.75244	384.18997	729.6667	166.1	200000	141.38004	141.37958	12.572647	12.5010605	3.4933223e-11	2.1419474e-11	1.6112811e-10	3.1395297e-12	549.95593	301.537	3634.996	151.0469	16306.374	259883.94	778.4748	16.771458	816.11395	2037.234432220459
1249.9066	952.21515	2489.2751	402.97086	660.9124	168.0092	887.2975	432.9471	507.2	296.2	202000	142.73737	142.73677	12.872666	12.535365	3.449221e-11	2.0938168e-11	1.2261635e-10	2.5543404e-12	558.25165	320.58264	5312.6636	178.56436	16323.819	260161.81	758.97925	16.486948	1393.9021	2056.7857105731964
964.5137	733.23535	2410.4421	425.32272	1933.2249	774.82214	2339.9834	292.88028	386.6	831.0	204000	144.15514	144.15488	12.853627	12.808373	3.5863472e-11	2.1608283e-11	1.3066849e-10	2.3550335e-12	527.76514	287.00604	4483.6255	186.64014	16314.8125	260018.38	737.6859	18.179697	853.36707	2083.369894504547
935.5295	603.36884	2133.8035	518.41437	2196.1584	564.19495	2411.788	505.16357	385.4	919.4	206000	145.4266	145.4263	12.776585	12.639508	3.548439e-11	2.1419259e-11	1.3195975e-10	3.756965e-12	525.95026	286.7191	3034.9958	176.76974	16286.273	259563.7	733.5132	17.676098	1095.6798	2112.684800386429
876.1238	663.7783	2311.199	422.53708	402.57693	70.131134	503.16888	247.7698	357.16666	148.3	208000	146.5618	146.56165	12.757452	12.655555	3.5983567e-11	2.2358249e-11	1.3795869e-10	3.874907e-12	510.25555	271.1851	2810.2014	158.82358	16000.042	255001.58	738.4902	16.489704	1330.4785	2130.643300294876
533.22205	162.647	772.012	202.67227	1668.7211	799.41656	2758.364	477.00964	194.0	583.8	210000	147.64899	147.64944	13.401263	13.115452	3.4996252e-11	2.163255e-11	1.3592498e-10	2.7402989e-12	515.1112	298.8133	3248.6301	162.88016	16308.276	259914.06	804.40106	17.58305	873.1353	2155.0926501750946
1302.3593	994.7755	2548.7463	423.9645	1528.9846	781.20764	2387.37	438.38736	505.8	629.3	212000	148.83195	148.83183	12.850658	12.72618	3.5798864e-11	2.1618837e-11	1.2813568e-10	4.2011906e-12	488.02267	255.84583	2739.0337	160.9173	16407.338	261493.02	822.51825	18.600582	1174.5854	2181.7206168174744
696.508	466.4813	1630.8744	304.5916	721.11395	571.52826	2315.8262	418.63165	256.5	243.4	214000	149.69662	149.69673	13.020371	12.979203	3.721863e-11	2.2781495e-11	1.4416754e-10	3.251638e-12	469.82867	260.83298	2873.5552	154.63614	16215.697	258438.64	938.3943	16.203472	1364.756	2199.330201148987
858.3287	359.43137	1318.6619	449.6173	969.8195	870.69934	2738.865	402.57834	286.7143	351.8	216000	150.5531	150.55325	12.829254	12.583281	3.7446646e-11	2.2662452e-11	1.3900278e-10	3.06348e-12	458.1497	245.83961	2809.622	152.09377	16114.256	256821.83	692.878	17.997116	845.2311	2224.5815126895905
2481.4973	77.528076	2559.0254	2403.9692	1183.4695	564.43744	2199.0256	456.7251	1000.0	533.2	218000	151.59991	151.59874	12.975843	12.979946	3.604256e-11	2.202231e-11	1.3429213e-10	3.4667351e-12	460.412	245.21529	1943.1212	163.45967	16450.252	262176.84	689.1827	19.273314	1372.8247	2247.0732941627502
809.2793	805.818	2418.6792	343.68176	510.40228	142.91302	926.4531	409.7436	320.4	166.0	220000	152.4802	152.4797	12.474596	12.396149	3.6620644e-11	2.2561451e-11	1.6517085e-10	3.091306e-12	454.2668	255.13757	2602.8298	139.25104	16882.982	269073.7	806.55414	14.879191	965.8558	2267.7457904815674
1110.812	438.49158	1704.3435	508.4488	695.5598	385.14514	1439.3265	415.46866	399.5	305.1	222000	153.11162	153.1124	12.715785	12.605772	3.7183513e-11	2.240309e-11	1.2837555e-10	4.2803972e-12	439.31113	237.12439	2234.6716	151.57034	16965.562	270389.72	821.5184	18.944057	1259.4167	2288.447763442993
1223.7251	928.25146	2385.649	430.56277	1699.2512	941.70715	2618.0334	231.2758	507.6	652.4	224000	153.7801	153.77954	12.428389	12.426675	3.606717e-11	2.1898875e-11	1.3411967e-10	2.3815748e-12	460.5076	274.89224	2720.938	148.80363	16603.049	264612.12	851.9276	16.267086	1016.9151	2312.568451166153
1176.6243	660.65247	2085.7244	447.7727	518.70667	78.21419	676.6699	435.09064	445.4	214.1	226000	154.72383	154.72314	12.511525	12.377633	3.7514488e-11	2.2255642e-11	1.3934173e-10	4.0218935e-12	433.1895	231.89378	2652.2192	147.71939	16560.652	263936.38	822.3745	19.350006	928.08685	2335.241738319397
912.4356	760.99475	2534.0188	357.8619	505.8116	211.79356	972.9498	213.82959	333.16666	193.0	228000	155.5334	155.53343	12.505203	12.271458	3.6782716e-11	2.304244e-11	1.3162933e-10	2.418132e-12	450.16364	269.13464	2689.8313	150.1496	16769.691	267267.97	826.998	16.037148	1266.972	2353.8787393569946
1332.8259	1001.89526	2898.6445	446.9204	2010.6276	830.2125	2937.03	668.99036	472.25	688.3	230000	156.29485	156.29485	12.851508	12.604198	3.6898668e-11	2.4112396e-11	1.3806567e-10	3.4506044e-12	452.44174	261.5364	2238.4854	141.77472	16771.99	267304.72	903.9027	18.37683	835.40576	2380.195855617523
865.5623	613.57263	2114.2346	401.6186	827.78894	372.81165	1395.933	362.73837	301.0	256.0	232000	156.90172	156.90125	12.504307	12.473122	3.732695e-11	2.413428e-11	1.3808829e-10	3.5040404e-12	444.09686	253.22797	2609.2605	139.84924	16921.928	269694.38	871.3735	18.024588	1175.7224	2401.414656639099
1422.3313	1062.2355	3076.1953	410.41388	1049.5862	608.40607	2274.9592	500.9126	457.25	366.7	234000	157.56601	157.56532	12.475453	12.514067	3.7196003e-11	2.259941e-11	1.489127e-10	3.3275529e-12	417.98135	244.53827	2876.7705	144.9153	17180.771	273819.7	852.6159	17.985912	1060.4147	2424.393399000168
749.1939	592.39685	1868.3649	252.0187	1847.8971	831.3491	2923.1277	273.6042	274.22223	641.2	236000	158.18163	158.18166	12.320349	12.176703	3.5254813e-11	2.2396652e-11	1.2695474e-10	3.3663575e-12	435.5237	254.4401	2246.4114	139.3819	17363.064	276724.88	845.1696	19.065224	1159.9812	2451.3743624687195
1047.5927	1013.2548	2923.0144	39.322586	1663.3782	716.49677	2921.9333	695.3784	364.2	566.2	238000	158.85667	158.85619	12.613732	12.625791	3.6851057e-11	2.4208718e-11	1.4520878e-10	3.4287232e-12	428.19495	265.45764	2327.3188	132.80164	17072.172	272088.84	784.3035	19.300865	1369.1117	2472.2005677223206
1329.9143	889.1036	2927.752	276.95374	1659.4615	814.9605	2748.5808	621.4296	456.4	596.3	240000	159.68547	159.68605	12.333137	12.167243	3.6547664e-11	2.3745988e-11	1.4339276e-10	2.8759987e-12	415.66476	255.01971	2256.7305	128.28705	16837.191	268343.62	835.75665	13.722111	822.4986	2498.021893262863
2964.4175	28.724854	2993.1423	2935.6926	1785.0941	1108.9556	3000.533	366.3124	1000.0	681.9	242000	160.72739	160.72778	12.148468	12.080293	3.536293e-11	2.3768012e-11	1.3948201e-10	3.1661293e-12	424.2769	269.91867	2682.204	129.5115	16799.518	267743.3	767.7589	16.438152	1164.9094	2525.225512742996
1946.3824	1130.3839	2903.987	359.02393	2320.408	894.63654	3176.7312	542.9155	666.3333	779.0	244000	161.6398	161.63908	12.167689	12.177688	3.7158145e-11	2.3916102e-11	1.5405852e-10	3.4222213e-12	395.72693	244.41939	1955.0853	114.25726	17033.88	271478.38	777.40424	15.554781	1315.7092	2550.8351306915283
1369.2234	600.81635	2151.7446	476.87097	2045.3295	779.1182	2717.8738	744.9524	504.5	757.3	246000	162.77446	162.77415	12.349367	12.264698	3.7200944e-11	2.418245e-11	1.4479036e-10	2.9078643e-12	388.4356	247.5995	2204.163	123.86594	17218.773	274425.1	705.92145	20.569473	988.1372	2577.6360268592834
2786.144	259.0775	3045.2214	2527.0664	1248.0327	1055.8167	2940.6152	281.72247	910.0	427.8	248000	163.58803	163.58813	12.551419	12.500008	3.7027836e-11	2.3464612e-11	1.324827e-10	3.4605058e-12	382.2078	232.80515	2912.3638	123.679	17216.426	274387.7	766.92084	20.749668	938.9209	2603.268678665161
1364.237	925.5033	2562.1628	316.42123	2090.4067	850.2161	2651.2656	457.85333	479.75	775.0	250000	164.38675	164.3874	12.643236	12.580162	3.7548006e-11	2.336169e-11	1.4881234e-10	4.1603327e-12	368.50403	207.08878	1694.7163	126.25876	17432.201	277826.84	834.2446	20.843378	1385.0604	2629.2470972537994
2710.2114	74.50098	2784.7124	2635.7104	2898.8503	596.2287	3139.74	1113.3096	1000.0	932.9	252000	165.67648	165.67601	12.309625	12.202965	3.6258333e-11	2.2799955e-11	1.236467e-10	3.433023e-12	374.92706	214.28223	1976.7703	126.81958	17359.297	276664.72	790.44415	14.859373	1085.1603	2656.1524443626404
2651.4985	169.81946	2821.318	2481.6792	1036.1677	959.8261	2559.0386	356.6912	1000.0	405.7	254000	167.1845	167.18529	12.6440525	12.6147	3.8382915e-11	2.2977065e-11	1.4223495e-10	2.5076202e-12	358.4506	210.8543	2295.8008	119.04291	17306.066	275816.34	725.21783	20.34861	836.9145	2681.5556864738464
2807.248	86.96875	2894.2168	2720.2793	2076.386	915.21936	2937.3665	666.68616	1000.0	711.3	256000	168.00201	168.00159	12.640318	12.676757	3.8999456e-11	2.3715961e-11	1.2906547e-10	3.5021296e-12	350.3719	201.83913	2283.0515	121.43573	17254.207	274989.75	785.14417	21.291828	1313.2075	2707.9874954223633
2890.986	109.62036	3000.6064	2781.3657	3046.0425	33.521748	3116.574	2995.9895	1000.0	1000.0	258000	169.20181	169.2014	12.671715	12.504869	3.7277813e-11	2.303939e-11	1.3462062e-10	3.4237138e-12	354.91913	200.09077	1603.2283	120.23932	17301.033	275736.16	775.145	22.2453	1219.8469	2736.20592045784
2600.478	156.72437	2757.2024	2443.7537	1166.1277	575.4907	2790.0105	597.91626	879.5	345.6	260000	170.46686	170.467	12.682594	12.75937	3.829822e-11	2.3989992e-11	1.5182923e-10	3.0652778e-12	349.5941	210.48726	2583.0518	117.09874	17653.283	281350.3	801.89307	20.339533	1058.6152	2757.491329431534
2101.5427	1283.7518	3225.6404	304.85568	2734.8687	138.81374	2872.2263	2354.5771	698.3333	1000.0	262000	171.89569	171.89658	12.50445	12.509552	3.8709397e-11	2.37968e-11	1.4673282e-10	3.713333e-12	342.3633	216.5629	2219.7166	109.92027	17727.014	282525.28	820.0836	19.218472	1166.966	2788.2670316696167
2129.6973	1281.001	3125.7778	321.1944	1951.2217	580.25964	2831.5425	799.9969	700.0	642.5	264000	173.53323	173.53313	12.768218	12.816937	3.903231e-11	2.3904575e-11	1.5019727e-10	3.0782768e-12	324.9313	181.47661	2430.2102	110.96713	17731.074	282590.03	799.71246	18.792408	1419.9113	2812.081815481186
2293.9077	1051.3325	3149.7236	813.0824	916.1172	693.4589	2928.2341	513.01843	753.0	294.8	266000	174.84464	174.84453	12.690864	12.697261	4.0466706e-11	2.4077079e-11	1.4283383e-10	3.2892536e-12	314.1838	191.3453	2106.4314	101.39584	17617.992	280787.7	801.24554	19.717281	1060.2748	2833.1414275169373
1117.3193	900.417	2903.2156	576.8796	331.043	69.65224	537.48737	282.03192	365.0	104.8	268000	176.33913	176.34004	12.947157	13.034002	3.7907198e-11	2.3690183e-11	1.4093145e-10	2.8281336e-12	329.40256	199.29756	1719.4741	103.71389	17707.805	282218.9	786.50653	21.683743	1210.9802	2851.804084300995
1334.9353	988.2406	3031.9492	564.0289	1159.2126	863.53394	3224.0054	555.4563	425.5	365.5	270000	178.16727	178.16736	12.882461	12.886064	3.8512783e-11	2.3894019e-11	1.3987322e-10	2.7574974e-12	320.3946	192.91086	2752.8672	106.77969	17675.865	281710.12	906.7675	19.396233	963.23944	2874.0157907009125
1891.9633	844.4559	2930.5977	1032.4044	929.3961	858.5895	2667.8916	283.2162	594.25	326.6	272000	179.07198	179.07188	12.930781	12.86641	3.9193506e-11	2.3833477e-11	1.3417589e-10	3.504918e-12	304.54312	183.698	2339.1333	109.62117	17977.146	286511.78	803.1181	22.780186	1191.6227	2895.7856845855713
1212.6173	880.60815	2961.1711	596.29535	1853.2125	1237.8527	3107.677	283.17474	385.6	600.6	274000	180.39223	180.39182	12.886279	12.958146	3.9913822e-11	2.4477993e-11	1.4213024e-10	3.4914391e-12	299.59122	178.80011	1791.4294	96.9093	17888.756	285102.97	739.7857	21.754904	1076.5715	2918.7771797180176
1668.2412	1106.351	3073.5396	274.66885	2873.2336	30.495434	2939.0876	2837.6775	533.5	1000.0	276000	181.63647	181.63658	12.739634	12.881135	3.869365e-11	2.4391602e-11	1.2553943e-10	3.4714148e-12	316.67795	198.13202	1719.2428	103.93822	17703.594	282151.84	791.37085	21.099049	933.288	2948.724754333496
1051.6349	904.42584	2813.6287	278.89502	2145.6677	857.8764	3239.1704	674.5667	331.6	676.1	278000	182.79726	182.79716	12.350034	12.570777	3.8822175e-11	2.434784e-11	1.2811883e-10	3.0296588e-12	324.04135	221.43701	2272.4333	105.85435	17927.855	285726.25	903.3949	22.477169	1208.2428	2975.5094034671783
1232.7985	535.25446	2228.6416	606.33997	2608.8762	546.67755	3278.6829	1653.1229	390.83334	781.0	280000	183.48982	183.49059	13.061911	13.025947	3.887412e-11	2.4343824e-11	1.5715518e-10	2.850888e-12	322.40387	223.46375	2487.1892	104.53642	17993.371	286770.38	810.4313	23.095123	1279.0348	3001.1806406974792
1173.1942	1238.9758	2925.2507	279.41376	1301.6619	964.4608	3374.86	325.75107	397.66666	393.3	282000	184.14644	184.14569	13.004636	13.049037	3.881203e-11	2.4568295e-11	1.357349e-10	3.704627e-12	318.82526	199.60727	1377.0692	103.34001	17916.703	285548.44	815.9762	20.783741	838.02155	3025.4163596630096
2935.9897	32.112305	2968.102	2903.8774	2724.96	789.0	3049.1553	363.75064	1000.0	914.1	284000	184.65437	184.65373	12.861106	13.006689	3.8777825e-11	2.4401092e-11	1.3952166e-10	2.9512785e-12	317.02222	215.14514	2282.4534	97.208405	17731.014	282589.12	883.9528	22.58549	1161.8414	3055.7422280311584
1703.7155	1059.9275	3015.1592	545.961	1785.3142	995.93207	3122.942	739.7394	563.8	580.4	286000	185.62119	185.62213	12.998336	12.953782	3.8823375e-11	2.4400672e-11	1.4852448e-10	3.025906e-12	311.33795	199.75766	1579.4122	102.29315	17947.38	286037.25	945.0792	22.654324	1369.2106	3078.21365070343
3018.455	18.364624	3036.8196	3000.0903	2125.9724	990.8427	2809.1565	597.8545	1000.0	772.4	288000	186.80203	186.80287	13.175438	13.110066	3.9303245e-11	2.5019011e-11	1.4394869e-10	2.8910496e-12	301.97556	200.61542	2011.7654	90.32904	18020.482	287202.44	886.9437	22.22908	872.70953	3104.147627353668
2066.4968	963.46796	3029.9648	1103.0289	2767.345	914.12256	3100.381	25.69284	676.0	903.2	290000	188.07031	188.06995	13.043302	13.005475	3.9054763e-11	2.408525e-11	1.4016181e-10	3.0744227e-12	303.3838	209.19508	2780.7585	95.41379	18188.848	289885.78	987.0795	22.944344	1147.628	3133.427106142044
2689.393	388.73352	3078.1267	2300.6597	2606.0535	519.2079	3095.3022	1770.7855	868.5	840.8	292000	189.23499	189.23494	12.922545	13.12128	4.011729e-11	2.4364183e-11	1.4214435e-10	3.7842134e-12	281.89938	165.67593	1660.17	98.70392	18350.738	292466.12	982.97	23.178043	1402.6655	3160.7014784812927
2976.2454	94.35034	3070.5957	2881.895	2513.5764	643.2213	3065.1921	754.7316	1000.0	854.2	294000	190.2618	190.26178	13.055841	13.257834	4.0575168e-11	2.4790576e-11	1.4517541e-10	3.3213853e-12	275.6993	161.79698	1631.157	97.47012	18454.674	294122.56	954.0032	21.685604	1203.947	3185.6284279823303
2982.8083	61.134277	3043.9426	2921.674	2187.0933	484.66608	3097.597	1447.1377	1000.0	665.7	296000	191.23715	191.23723	13.103572	13.164277	3.9902113e-11	2.4676596e-11	1.4863705e-10	2.924632e-12	280.974	176.39638	1838.51	92.04888	18143.99	289170.8	1085.9238	21.264925	846.20764	3211.935435771942
2449.4304	721.69135	2979.4202	1429.0609	1985.7551	296.53064	2541.2424	1432.2507	818.0	614.8	298000	192.98233	192.98232	12.796406	12.860709	4.033671e-11	2.534527e-11	1.4369402e-10	2.6923984e-12	281.42914	178.42809	1580.6086	92.871414	18247.598	290822.16	1038.2842	22.07345	1087.8768	3239.2189638614655
2893.019	56.32361	2949.3428	2836.6956	2460.5808	579.5161	3166.1204	1524.891	1000.0	777.1	300000	194.24635	194.24736	12.773399	13.087318	4.0975532e-11	2.5726843e-11	1.3437788e-10	3.5631086e-12	280.23434	185.07716	3281.2324	94.66603	18272.74	291222.78	874.37646	23.636087	1325.5823	3263.7704758644104
2965.0786	37.53711	3002.6157	2927.5415	1257.1625	731.745	3022.907	681.40094	1000.0	383.6	302000	195.51846	195.5184	13.211794	13.149337	4.117161e-11	2.5558859e-11	1.6139566e-10	3.2315515e-12	279.5615	182.60806	2277.3687	87.637115	18007.215	286991.0	994.0182	22.228075	987.6552	3285.839550971985
2223.8584	742.9634	2966.8218	1480.8949	1857.3773	1062.1815	2944.6052	227.99333	1000.0	712.3	304000	197.16609	197.16573	12.56397	12.861149	4.2390796e-11	2.6372574e-11	1.4803389e-10	3.893585e-12	262.87213	167.05484	1750.6486	93.17052	18121.205	288807.72	1092.1525	22.443962	1165.3865	3313.547511100769
1533.1265	1210.3716	3008.6797	15.126648	2960.0317	19.780264	2976.8271	2916.1582	499.2	1000.0	306000	198.2208	198.22092	12.917736	12.916568	4.176119e-11	2.6088083e-11	1.5296561e-10	2.9721655e-12	267.8723	178.57994	1739.2827	88.38487	18239.436	290691.94	1425.3771	23.136703	1413.6143	3341.5799429416656
2959.1968	21.704224	2980.901	2937.4924	2990.223	53.585552	3145.7388	2955.005	1000.0	1000.0	308000	199.2628	199.26303	12.682856	12.8212805	4.170613e-11	2.5814099e-11	1.5024733e-10	2.7340647e-12	258.18286	162.37929	1862.6626	83.59923	18359.621	292607.53	1162.99	17.592148	1147.3995	3368.038211107254
1082.8966	455.782	1727.4025	752.5779	1848.9144	737.8947	2957.497	788.4225	378.66666	622.3	310000	199.77452	199.77406	13.210299	13.190482	4.1345687e-11	2.4873837e-11	1.3461111e-10	3.0984046e-12	258.20868	165.15228	2030.3097	94.81558	18383.809	292992.72	1127.0276	21.85953	891.4646	3392.574455499649
1908.2056	1239.8461	3089.1865	19.312307	1881.067	976.0204	3180.447	705.97906	615.25	636.6	312000	200.83167	200.83076	12.829431	12.790186	4.254717e-11	2.5938253e-11	1.4841214e-10	2.7357235e-12	256.5575	173.1271	1896.9846	87.56234	18449.361	294037.75	1185.3704	20.665447	1191.0018	3419.7552120685577
1301.6947	899.58734	3246.7292	706.4385	2409.646	543.6955	3108.313	1583.1733	394.83334	758.3	314000	201.35446	201.35513	12.894963	12.895331	4.3112902e-11	2.5761311e-11	1.6061245e-10	2.8282908e-12	240.06793	164.80191	2741.7256	84.94519	18736.35	298611.66	1147.4374	22.550732	1220.5083	3447.7598390579224
2974.8967	36.27661	3011.1733	2938.62	2911.5835	64.655075	3094.98	2865.4353	1000.0	1000.0	316000	202.11382	202.11436	13.0185	13.106479	4.1823683e-11	2.6723485e-11	1.5870286e-10	2.6572796e-12	252.25697	171.0012	1425.823	83.89833	18570.367	295966.38	1326.8678	23.501236	1218.083	3476.0987615585327
2949.296	32.414185	2981.7102	2916.8818	2081.4333	449.9863	2729.301	1605.2849	1000.0	627.9	318000	203.24693	203.24731	13.512833	13.428614	4.3395645e-11	2.5418157e-11	1.5375586e-10	3.7196917e-12	232.4474	149.62149	1816.1521	78.06583	18633.146	296966.97	1285.5455	17.811676	1030.4857	3499.7300930023193
2424.9675	53.336426	2478.304	2371.631	2927.853	310.20743	3209.6145	2046.6997	788.5	952.6	320000	203.53835	203.53754	13.231787	13.183019	4.1606545e-11	2.5606278e-11	1.4696835e-10	2.7807604e-12	239.26161	157.19722	1522.7323	75.0748	18803.78	299686.22	1210.9832	23.316326	1054.7307	3529.669203519821
3053.03	42.23584	3095.2659	3010.7942	2824.8733	375.90137	3044.9412	1706.1497	1000.0	958.9	322000	204.70058	204.70091	13.068858	13.161869	4.2421164e-11	2.6126991e-11	1.6122713e-10	2.4764457e-12	238.32253	156.87419	2128.9387	80.3091	18753.383	298883.1	1100.577	20.336063	1393.4828	3558.4510526657104
1735.3867	1315.4806	3047.3364	24.663906	1441.5385	938.3562	3215.3816	484.27335	575.5	452.4	324000	205.53577	205.5353	12.555004	12.729103	4.3011553e-11	2.5979434e-11	1.5378092e-10	3.47662e-12	237.22235	157.26703	2501.6958	84.72086	18354.906	292532.25	1155.2373	23.33915	1241.2374	3578.7267718315125
