AverageEpRet	StdEpRet	MaxEpRet	MinEpRet	AverageTestEpRet	StdTestEpRet	MaxTestEpRet	MinTestEpRet	EpLen	TestEpLen	AverageVVals	StdVVals	MaxVVals	MinVVals	LossV	LossPi	Entropy	KL	TotalEnvInteracts	Time
16.708313	8.767318	73.706955	6.386752	13.059949	2.3373294	16.2365	9.85513	16.247934	13.8	0.39140207	0.26155457	1.5871074	0.07586828	96.35838	0.028165083	3.0141907	0.26513964	2000	8.378048181533813
64.38721	58.510445	205.30801	13.684153	55.397614	59.18885	192.83205	12.381573	38.23077	33.4	18.360727	8.276146	51.645626	0.23154661	2348.6045	0.04840989	2.8938572	0.13084538	4000	16.047353744506836
100.93646	46.460613	197.32315	17.51708	81.363945	26.411903	118.19327	37.03444	55.305557	47.6	68.423035	21.361063	164.6597	8.070119	1583.9241	0.026287068	2.7949834	0.056060325	6000	23.541587591171265
105.064	41.995186	186.61804	33.611603	81.70772	40.5932	186.78865	46.26804	57.085712	44.7	67.15926	22.241886	110.41091	-1.9606065	1121.1218	0.0073084612	2.782859	0.03521717	8000	31.079628467559814
137.36024	51.23924	229.30693	52.80032	167.88686	48.832348	220.4496	47.59827	71.37037	88.7	67.58019	25.16387	116.29594	-3.4443402	1766.4672	0.008812793	2.7553272	0.042376213	10000	37.42038130760193
127.37411	63.24983	216.33473	30.45216	169.73822	38.408638	217.12602	103.31919	67.93104	91.2	101.28274	35.59752	169.32126	6.4256926	2433.5813	0.014347756	2.796124	0.015754573	12000	46.08586645126343
106.30827	64.09724	250.077	13.804181	112.64552	54.915512	208.33075	22.410124	62.21875	65.3	90.66849	27.634722	146.6615	1.954389	2312.7996	-0.009061271	2.768958	0.011928382	14000	54.641374349594116
158.9415	69.89761	277.2216	30.33913	147.70059	67.921684	249.05894	27.03561	85.13043	81.1	77.200645	28.2485	123.01178	-9.27414	2231.4077	-0.0072301035	2.7960062	0.028724229	16000	62.19698119163513
187.72748	56.742245	249.9365	75.68192	169.95332	64.79013	262.09607	78.36172	93.52381	89.0	115.06295	42.219913	175.12846	6.2325344	1964.3015	0.004342345	2.772578	0.0129120005	18000	69.25505375862122
137.1862	52.51905	264.23834	56.685387	168.00322	77.29218	383.3337	100.6513	73.48148	94.7	129.09991	40.29008	192.22505	10.700907	1796.0432	-0.008388059	2.7438495	0.008714831	20000	77.23052215576172
203.07877	40.864918	264.04996	104.302795	177.09897	45.129017	218.23201	66.90985	99.95	88.9	84.26017	38.796535	153.63649	7.1906023	1051.7643	-0.008755937	2.7874308	0.011686249	22000	85.19807028770447
218.32579	55.34542	284.7635	48.5807	203.8074	46.65319	252.15	123.30214	114.64706	105.7	126.77241	56.670376	227.82515	8.994099	1818.2214	0.0002915881	2.813551	0.015038785	24000	93.49209666252136
199.72528	88.07806	351.11368	15.14118	224.20496	59.94455	317.26135	68.92126	111.76471	117.2	136.88919	52.71156	203.77742	0.6423062	2655.7188	-0.0018437137	2.764645	0.010990567	26000	102.22538995742798
268.36978	57.890022	385.87204	119.47095	198.28738	103.83104	354.28104	12.296949	161.0	133.7	131.43074	60.422012	223.63892	-5.519435	1626.3434	-0.007749145	2.7621207	0.009607516	28000	111.07826781272888
266.9943	50.318127	353.64676	185.40514	280.01147	84.587006	474.66727	161.66978	173.54546	172.6	176.12608	68.141014	260.28824	-3.6533823	3380.7507	-0.0033469994	2.7582119	0.009047652	30000	121.00479984283447
306.9066	121.071846	552.5721	130.9655	299.70306	167.46393	607.4527	50.33164	216.77777	256.4	157.47441	56.544624	247.1807	2.5384693	7629.9126	-0.007378275	2.796352	0.008754849	32000	132.3970432281494
311.99918	235.37578	778.5786	70.23293	292.5841	175.06845	612.8784	116.306755	281.85715	275.0	227.54813	47.847458	356.12112	23.501495	18326.773	-0.020740066	2.7650902	0.009406975	34000	144.44851088523865
287.70767	133.6403	503.0461	96.322815	324.89328	180.49881	651.68805	75.57266	263.2857	274.3	229.71323	56.20458	348.3411	-4.17922	8359.783	-0.010001985	2.7131193	0.007285343	36000	155.9783661365509
334.4035	99.49941	422.64432	80.1705	360.21945	107.69297	579.04315	159.09961	218.625	264.6	148.94164	88.71078	301.1485	-42.633373	5342.607	-0.02997471	2.6867347	0.006324742	38000	167.55732536315918
404.9458	42.531704	464.14603	331.2027	480.971	81.696625	678.17896	355.585	267.83334	346.0	232.95828	95.0183	389.57867	-1.0339386	9222.814	-0.009021693	2.7085764	0.013710613	40000	180.36123085021973
380.04443	114.66821	577.6603	255.32912	340.70892	135.93906	600.2692	186.65811	306.16666	287.0	311.97955	83.974945	447.9157	-6.950263	10727.753	-0.006221527	2.7257855	0.011315721	42000	192.06228232383728
347.94165	135.59842	546.4021	215.89311	492.18863	267.9636	987.33856	97.1816	375.25	514.8	322.68848	45.194794	385.96707	145.28717	23010.865	-0.0048670834	2.655717	0.008423176	44000	207.2214617729187
654.1653	364.60986	1018.7751	289.55542	762.126	263.5314	1022.2763	316.50717	630.0	742.9	284.40234	38.402172	366.128	130.35907	32079.729	-0.026098827	2.7343466	0.00492199	46000	226.562842130661
820.5104	183.8414	1004.35175	636.66895	939.5763	211.69484	1019.58966	304.89474	802.0	927.6	483.04	67.484406	590.4629	244.67757	26891.006	-0.011296778	2.658564	0.01067822	48000	248.23016357421875
444.68475	242.22389	828.7117	157.83064	449.1661	123.96909	645.7181	188.06123	475.0	478.1	718.4601	43.977253	814.56305	522.8708	39629.406	-0.0025156774	2.6489165	0.0075647705	50000	263.2028570175171
993.9216	5.212219	999.1338	988.70935	994.96747	3.9946823	1003.30585	987.0889	1000.0	1000.0	315.37457	35.00134	391.51974	165.27925	19450.775	-0.028587425	2.6666298	0.006311068	52000	286.7321696281433
998.45764	1.5036316	999.96124	996.954	996.1426	2.7018802	1001.9967	993.51807	1000.0	1000.0	600.38525	27.082275	680.6823	501.11206	6987.8	-0.008179319	2.5760038	0.0082828915	54000	309.7424910068512
980.57904	2.6239624	983.203	977.9551	766.3285	244.38953	988.1183	362.56046	1000.0	789.0	772.2088	25.642227	836.4873	674.61316	2278.9053	-0.004623619	2.5393429	0.008634837	56000	329.1046872138977
992.495	1.1545105	993.6495	991.34045	986.8187	3.3220115	992.81995	981.55804	1000.0	1000.0	860.595	20.026615	921.28485	790.9727	1144.1285	-0.005138842	2.5277283	0.008192859	58000	351.85068559646606
619.6541	360.27356	979.9277	259.38055	971.7118	18.677155	988.5086	925.33105	643.0	994.1	916.3973	17.384077	953.41144	842.4933	78878.81	-0.0057429434	2.5667055	0.005619818	60000	375.08553433418274
993.48303	2.920044	996.4031	990.563	994.7858	4.044743	1001.3974	987.94476	1000.0	1000.0	848.70776	32.103775	947.67053	708.2843	1139.474	-0.0043143034	2.5526521	0.013743319	62000	398.0931341648102
1006.66187	5.304413	1011.96625	1001.3574	1008.7462	3.2972546	1015.8045	1004.0273	1000.0	1000.0	877.0014	20.223835	942.2379	812.64636	691.7352	-0.0059821745	2.5162175	0.006999703	64000	420.8555808067322
998.0621	0.10424805	998.1663	997.9578	999.3296	3.9356496	1006.7794	994.5272	1000.0	1000.0	983.1692	18.315277	1034.172	926.5441	280.456	-0.003879956	2.617359	0.012562305	66000	444.10246682167053
988.3174	1.9526672	990.2701	986.36475	989.72424	4.3865128	997.50745	982.8628	1000.0	1000.0	1019.6572	24.069704	1061.3969	837.91266	364.9803	-0.0036183654	2.5992408	0.0074863024	68000	467.4965138435364
989.82166	5.089569	994.9112	984.73206	991.1351	3.9737592	998.1428	985.7449	1000.0	1000.0	1019.06323	13.039245	1057.2112	967.86066	174.25734	-0.0033154134	2.6581457	0.009394839	70000	489.4927942752838
991.49524	4.6965637	996.1918	986.79865	993.0628	3.9076962	999.18085	985.9817	1000.0	1000.0	1003.90564	11.509481	1041.6315	964.0844	128.4161	-0.006028962	2.5542402	0.00859864	72000	507.27906918525696
989.25073	5.6063232	994.85706	983.6444	989.8997	2.3767085	993.93933	986.74713	1000.0	1000.0	1012.8612	11.164977	1039.3851	966.3691	106.30967	-0.018708013	2.623549	0.00647823	74000	530.7665908336639
990.5023	0.44674683	990.9491	990.0556	990.65216	2.7922008	995.33966	986.2217	1000.0	1000.0	1005.4366	8.738177	1031.02	969.38745	49.936115	-0.00417334	2.5684288	0.0076371464	76000	554.2618908882141
982.0232	3.1949768	985.2182	978.82825	986.778	2.7139287	991.2224	982.69586	1000.0	1000.0	1012.09656	15.7874155	1036.1527	924.6491	247.11734	-0.0061038323	2.5372167	0.008407804	78000	577.3661773204803
988.4746	1.3448181	989.81946	987.1298	990.17804	3.1236334	994.7894	985.49805	1000.0	1000.0	994.179	12.4892645	1025.6278	955.3225	88.26933	-0.00810594	2.518743	0.010546448	80000	600.5573983192444
987.3657	3.242767	990.60846	984.1229	986.42334	2.9717116	991.1345	981.9096	1000.0	1000.0	1003.2569	8.247906	1028.66	964.0535	56.64855	-0.0068181823	2.5148373	0.00761018	82000	623.2359311580658
986.5255	0.9211731	987.4467	985.6044	987.2832	1.3582087	990.31775	985.75494	1000.0	1000.0	1005.1759	7.1700444	1022.0828	959.6192	44.79949	-0.00276419	2.5372472	0.0074340748	84000	642.5131349563599
990.80054	1.3349304	992.1355	989.46564	989.0487	2.7157567	992.6778	985.0364	1000.0	1000.0	992.50757	6.1541495	1020.356	969.3118	26.433483	-0.0071432274	2.4966967	0.009163977	86000	665.8555653095245
985.4498	2.4167786	987.86664	983.0331	985.75146	2.3611248	989.7401	980.8576	1000.0	1000.0	996.36163	6.0305753	1020.4968	969.0192	25.897747	-0.006947777	2.47326	0.008650048	88000	689.4419820308685
987.6094	0.4242859	988.0336	987.18506	986.46387	3.2699301	993.7518	982.067	1000.0	1000.0	994.01294	6.7543592	1009.4526	958.6736	30.482672	-0.019143946	2.535256	0.008416821	90000	713.4578402042389
984.5154	0.9377136	985.45306	983.57764	986.0641	1.6944233	990.0635	983.8061	1000.0	1000.0	991.386	5.7109704	1009.93176	966.6617	27.069666	-0.021034602	2.488769	0.012357444	92000	737.5424020290375
986.42395	0.98602295	987.41	985.4379	988.05096	1.3986421	990.7895	985.9981	1000.0	1000.0	989.1329	5.010681	1000.6751	963.662	24.73117	-0.018639581	2.4071262	0.0037298235	94000	761.3667204380035
987.5177	0.05227662	987.57	987.46545	987.6288	1.864568	991.65674	985.26044	1000.0	1000.0	988.4789	5.1393504	1002.3954	964.2704	27.743698	-0.021979906	2.4271579	0.0052805385	96000	785.0835137367249
987.83484	0.96951294	988.8044	986.86536	986.93585	1.8165902	989.29913	983.2299	1000.0	1000.0	989.1863	4.361958	1004.79803	965.71014	20.050922	-0.02543293	2.426405	0.0037490304	98000	808.72469830513
987.256	0.3454895	987.6015	986.9105	987.7324	0.9932959	989.02997	985.2274	1000.0	1000.0	991.3307	5.3830523	1011.2493	963.8622	18.879969	-0.004299834	2.462866	0.009148747	100000	831.8071365356445
987.54224	2.6338806	990.1761	984.9083	988.1823	1.7013917	991.02673	985.656	1000.0	1000.0	991.7858	3.749149	1016.9901	973.22406	23.46372	-0.023799215	2.430459	0.008200688	102000	855.4259521961212
986.87915	0.43023682	987.3094	986.4489	987.0184	2.1977894	991.9288	983.5294	1000.0	1000.0	993.5287	4.3171077	1007.5276	966.2084	11.509286	-0.023777302	2.359605	0.009829731	104000	879.1888589859009
987.85913	0.50457764	988.3637	987.35455	986.6071	1.5715588	989.5608	983.9914	1000.0	1000.0	993.20776	3.9657164	1010.764	972.4107	12.396384	-0.010547881	2.4082537	0.009824818	106000	902.2586631774902
985.95685	0.10510254	986.06195	985.85175	986.8302	1.2262818	989.0832	984.6393	1000.0	1000.0	992.9562	4.106446	1005.8804	969.9361	13.934827	-0.024625862	2.3676236	0.009565142	108000	925.8566927909851
988.88684	1.3576965	990.24457	987.5292	987.7388	1.0215472	989.6531	986.2858	1000.0	1000.0	992.6846	3.5621736	1009.3101	967.58575	20.978058	-0.022112623	2.3534002	0.008741212	110000	949.6078097820282
987.7224	0.20407104	987.9265	987.5184	987.02783	1.3017923	989.44366	984.2686	1000.0	1000.0	993.45734	3.6173062	1008.3894	971.351	8.889986	-0.022506084	2.2865148	0.008562614	112000	973.4221630096436
986.9108	0.34436035	987.2552	986.56647	988.0829	0.84518445	989.15424	986.37494	1000.0	1000.0	995.4156	3.0645127	1007.95026	977.7681	16.420965	-0.025528852	2.312757	0.010468523	114000	996.929116487503
987.14044	2.1827393	989.3232	984.9577	987.19855	1.1229247	988.88464	985.4737	1000.0	1000.0	995.5647	3.1135337	1007.4329	977.7372	8.886986	-0.023322942	2.3621533	0.011949126	116000	1020.5311353206635
988.0371	0.21453857	988.25165	987.8226	987.8289	1.0407641	989.8299	985.9096	1000.0	1000.0	995.322	2.6912582	1009.705	976.2372	6.321734	-0.023585549	2.2604606	0.0032781407	118000	1043.768884897232
987.1623	0.28582764	987.4481	986.87646	987.883	1.0666674	989.8714	986.5886	1000.0	1000.0	997.9761	2.9794028	1009.5148	967.05426	11.628319	-0.028166398	2.2383714	0.008641353	120000	1067.3794703483582
985.3058	2.0260925	987.3319	983.2797	987.54285	0.592583	988.85675	986.7439	1000.0	1000.0	997.6963	2.3856041	1006.652	984.14594	5.372688	-0.0051977686	2.2600346	0.011300755	122000	1090.8754658699036
988.348	0.8369446	989.18494	987.51105	988.3966	1.1972277	990.3508	986.1748	1000.0	1000.0	995.19775	3.2592235	1010.04	970.874	8.395508	-0.008946812	2.2053685	0.010382248	124000	1114.3837885856628
989.45483	0.60546875	990.0603	988.84937	989.53674	1.122031	990.9313	987.4657	1000.0	1000.0	996.5687	2.8347487	1014.29175	978.13055	6.810875	-0.0040297857	2.2145963	0.015050774	126000	1137.7551128864288
988.5631	0.79525757	989.3584	987.7679	989.4025	0.9151187	990.5355	987.4823	1000.0	1000.0	996.9068	2.637418	1006.1765	982.4768	10.816787	-0.024070978	2.2666786	0.008896757	128000	1161.6566228866577
989.8745	0.13479614	990.00934	989.73975	989.3296	1.4033571	991.1251	985.93835	1000.0	1000.0	998.3685	2.679157	1008.18036	984.7973	5.173677	-0.0033781012	2.1950684	0.014065578	130000	1185.0983335971832
989.10034	0.057739258	989.1581	989.0426	988.52606	0.8345667	989.4644	987.08563	1000.0	1000.0	1000.2146	2.739086	1013.4241	978.69104	7.4241285	-0.0028909962	2.234848	0.01251715	132000	1208.40327501297
988.265	0.22558594	988.4906	988.0394	988.0213	0.8691102	989.39233	986.98065	1000.0	1000.0	1001.2401	2.950063	1013.2714	982.68536	7.244281	-0.005297057	2.2326503	0.011916781	134000	1231.2578213214874
987.97754	2.126709	990.10425	985.8508	987.78436	0.953649	989.2586	986.2152	1000.0	1000.0	1000.9072	2.6600833	1008.66907	986.50385	5.775561	0.0001947704	2.205272	0.009667137	136000	1254.3054959774017
987.1505	0.17575073	987.32623	986.97473	987.15674	1.0587958	988.2648	984.56384	1000.0	1000.0	999.9932	2.4228945	1007.41125	983.1702	6.35459	-0.02013814	2.1973705	0.010990316	138000	1278.020332813263
987.7685	0.26116943	988.02966	987.5073	987.5584	0.6962106	988.3043	986.04205	1000.0	1000.0	999.60724	2.5991778	1008.633	976.25555	5.6657305	-0.02730819	2.166436	0.0074346727	140000	1301.6153790950775
987.18054	0.33346558	987.514	986.84705	987.31116	0.71883386	988.2712	986.1389	1000.0	1000.0	997.9169	2.311919	1005.77203	981.4643	4.147292	-0.011685461	2.139588	0.008652013	142000	1324.7318584918976
987.1156	0.06307984	987.17865	987.0525	987.13965	0.74039906	988.85876	986.261	1000.0	1000.0	997.71643	2.6134005	1006.37177	971.15857	6.0604644	-0.027202684	2.1283784	0.0064873667	144000	1348.5169858932495
987.0751	0.8014221	987.87646	986.2736	987.459	0.5971578	988.6229	986.6777	1000.0	1000.0	997.90485	2.2582874	1005.79114	978.15796	4.3333216	-0.02606805	2.1499436	0.011102954	146000	1372.210114479065
986.467	0.020935059	986.4879	986.44604	988.0775	1.0137025	990.3492	986.9587	1000.0	1000.0	996.76337	2.4720414	1005.0697	979.3167	4.6399355	-0.010114145	2.1283562	0.0086652795	148000	1395.7420754432678
987.4358	0.6663208	988.1021	986.7695	987.785	1.0786889	989.6753	985.52136	1000.0	1000.0	993.5532	2.5497184	1007.6369	969.54565	5.8950057	-0.027407186	2.1465032	0.012003743	150000	1419.6341371536255
987.3227	0.21148682	987.5342	987.1112	987.61426	0.6911181	988.5744	986.3905	1000.0	1000.0	995.0779	2.1502519	1004.9052	974.9433	4.773019	-0.028048884	2.1049893	0.006349623	152000	1443.3328456878662
988.06824	0.14981079	988.2181	987.91846	988.2137	0.8479515	989.6821	987.00824	1000.0	1000.0	994.8107	2.3645422	1002.9877	975.3774	4.607091	-0.004386299	2.0753984	0.0098459795	154000	1466.4301109313965
988.6609	0.7069092	989.3678	987.954	988.3395	0.8191266	989.30524	986.295	1000.0	1000.0	994.53076	2.139423	1009.44946	979.12506	5.6974425	-0.0043066675	2.0868132	0.014361317	156000	1489.342176914215
988.82294	1.0006714	989.8236	987.82227	988.5578	0.71805525	989.67676	987.6678	1000.0	1000.0	997.33734	2.2390056	1003.8613	976.156	3.5132794	-0.02768153	2.0884323	0.005813791	158000	1513.083157300949
987.6183	0.32528687	987.9436	987.293	988.67645	0.81117105	989.91815	987.0609	1000.0	1000.0	997.11786	2.1571712	1006.28253	981.53406	3.576329	-0.00919968	2.0973032	0.010422334	160000	1536.2016088962555
987.89294	0.7409973	988.634	987.152	987.96545	0.9199797	990.00085	986.7281	1000.0	1000.0	996.7056	10.665723	1031.2089	784.81934	41.279976	-0.0031288478	2.0505157	0.02112765	162000	1559.5817000865936
988.80493	0.16574097	988.9707	988.6392	988.8407	0.86160934	990.2949	987.06726	1000.0	1000.0	994.8887	2.3792205	1007.4556	978.61414	7.204015	-0.0055144057	2.054837	0.007872177	164000	1582.430312871933
989.0083	0.8652649	989.8736	988.14307	988.7704	0.6285971	989.90094	987.5731	1000.0	1000.0	996.6657	2.52104	1012.6715	980.74615	3.9969974	-0.006525531	2.0536544	0.009491481	166000	1605.3975269794464
987.598	0.997406	988.59546	986.60065	987.61804	1.0651397	989.1741	986.02734	1000.0	1000.0	996.02545	2.1442654	1025.83	983.37115	3.075138	-0.009634121	2.095249	0.011714038	168000	1628.6423642635345
987.0968	0.37298584	987.4698	986.7238	987.1782	0.62084347	988.10486	985.90735	1000.0	1000.0	995.24176	2.4603517	1013.59216	974.2355	2.9965436	-0.0137709575	2.1026387	0.009487818	170000	1651.8636469841003
986.4513	2.3972473	988.8486	984.0541	986.8612	1.026184	988.45264	985.3542	1000.0	1000.0	994.7987	2.3069334	1005.05786	979.71857	5.59892	-0.028515797	2.0698695	0.008037296	172000	1675.7532277107239
987.20905	0.47247314	987.6815	986.7366	987.31134	0.72256446	988.34656	985.93805	1000.0	1000.0	991.0916	2.3643377	1007.1124	960.8754	4.562322	-0.02880383	2.043523	0.010002183	174000	1699.544781923294
985.912	1.12677	987.03876	984.7852	986.9631	0.9219468	988.7711	985.542	1000.0	1000.0	991.00684	3.6968102	1009.7497	939.9117	7.602626	-0.005162771	2.0013247	0.012000605	176000	1722.7732083797455
987.38806	0.41256714	987.80066	986.9755	986.98425	1.1965058	988.18884	984.0481	1000.0	1000.0	993.5297	1.6917034	1001.69507	981.64026	3.417656	-0.027306637	2.0037339	0.010466284	178000	1746.1403045654297
986.4546	0.34005737	986.7946	986.1145	986.5039	0.90599626	987.93744	985.16766	1000.0	1000.0	994.2672	2.0481696	1001.641	971.2141	5.7038584	-0.024844497	1.994734	0.011479749	180000	1769.9276373386383
986.2648	0.5005188	986.76526	985.7642	986.5827	0.750157	987.6338	985.4661	1000.0	1000.0	992.41675	2.3925605	1001.0737	972.1664	6.690445	-0.0110402955	2.0280588	0.010389089	182000	1793.0980832576752
987.4851	0.5003357	987.9855	986.9848	986.6785	0.7029296	988.01904	985.4498	1000.0	1000.0	992.44904	1.7059791	999.68066	982.79834	2.255534	-0.010622201	1.9909668	0.00975712	184000	1816.4589552879333
988.0668	1.7271118	989.7939	986.33966	986.075	0.8332844	987.94006	985.26025	1000.0	1000.0	993.73895	2.332127	1003.5453	973.03436	3.4315715	-0.009336983	1.9946294	0.010029687	186000	1837.2401928901672
985.8612	0.016235352	985.87744	985.845	986.4564	0.7364566	987.7704	985.3842	1000.0	1000.0	994.5203	1.7339478	999.77405	976.3082	1.8275474	-0.0058438648	2.0270185	0.009527286	188000	1859.8596420288086
985.9331	0.026672363	985.9598	985.90643	985.66785	0.72035426	987.319	984.78436	1000.0	1000.0	995.4734	1.8456527	1004.06537	981.9836	5.6158814	-0.012663141	2.0264304	0.011578896	190000	1882.8607449531555
985.3314	0.436615	985.768	984.8948	985.5669	0.7973077	986.76117	984.19073	1000.0	1000.0	993.9734	1.949095	1005.0337	974.0026	3.1394315	-0.02818181	2.0120022	0.004914418	192000	1906.260274887085
985.4778	0.9103699	986.3882	984.56744	985.8206	0.6069908	987.03076	984.72986	1000.0	1000.0	993.451	1.5765508	1001.38605	981.0477	3.064408	-0.030922454	1.9963725	0.010968578	194000	1929.7679171562195
985.3712	0.05819703	985.4294	985.313	985.1012	1.0674484	986.88983	983.4134	1000.0	1000.0	992.0004	2.1123488	997.5195	975.1038	6.676651	-0.011966147	1.9395965	0.009884631	196000	1953.0856716632843
986.20264	0.13406372	986.3367	986.06854	985.5617	0.73913103	986.74567	984.5682	1000.0	1000.0	990.90173	1.4163587	998.4938	977.05444	2.590648	-0.010535703	1.961448	0.010875982	198000	1976.3027033805847
984.24316	0.5680237	984.8112	983.6752	984.7537	0.93671745	986.1901	982.74634	1000.0	1000.0	990.94	1.6640677	995.9588	974.20154	3.4852486	-0.01227532	1.9789819	0.010735967	200000	1999.8826160430908
984.27405	0.9129944	985.187	983.361	984.92755	0.7440857	985.9843	983.22235	1000.0	1000.0	989.90485	1.6764485	994.8772	972.7254	5.239774	-0.024636032	1.9732037	0.0072386684	202000	2024.9756631851196
985.2157	0.21270752	985.4284	985.003	985.31757	1.0056059	986.93414	984.00433	1000.0	1000.0	988.738	1.3368622	992.74384	973.56616	4.546236	-0.019213855	1.9214343	0.010008837	204000	2048.2247412204742
984.9778	0.146698	985.1245	984.8311	985.51904	0.6532188	986.6219	984.8108	1000.0	1000.0	989.0898	2.5378785	992.3431	956.3847	5.5911326	-0.0071571595	1.9285446	0.015501842	206000	2071.628220796585
983.9839	0.46322632	984.4471	983.5206	985.01825	0.6991264	985.9202	983.6158	1000.0	1000.0	989.73206	2.1765149	1013.1679	967.65375	3.3307881	-0.0084471125	1.9423318	0.01212815	208000	2094.834706544876
984.9075	0.13345337	985.0409	984.774	985.2074	0.786246	986.13104	983.7374	1000.0	1000.0	991.7532	1.3670236	997.0478	977.05023	1.6281792	-0.0061846087	1.9547064	0.010813697	210000	2118.2252452373505
984.8627	0.50598145	985.36865	984.3567	985.631	0.86720663	986.663	984.1808	1000.0	1000.0	991.5476	2.595522	1011.0781	962.1219	3.087743	-0.00420468	1.9615405	0.0160999	212000	2141.721342563629
986.4893	0.66070557	987.15	985.8286	888.0736	293.1301	987.0995	8.685938	1000.0	901.2	991.4144	1.4314308	996.49634	977.02075	2.5901303	-0.005885059	1.9719694	0.010089152	214000	2163.435559272766
986.00696	0.49990845	986.50684	985.507	646.90845	438.43182	986.0923	8.729095	1000.0	658.3	992.4305	1.8016447	1011.9519	976.1906	2.185625	-0.0071727806	1.9581413	0.008797277	216000	2181.0945479869843
816.18994	170.7991	986.989	645.3908	791.26025	390.35925	987.71045	9.7223835	830.5	803.1	993.3902	2.1263156	1007.4861	975.27295	125189.1	-0.0067822407	1.948578	0.017540164	218000	2201.7676360607147
987.3562	0.25552368	987.6117	987.10065	399.88647	478.32855	986.3939	8.587345	1000.0	408.7	752.58923	15.467148	855.0186	621.25336	1983.2422	0.007948812	1.9625255	0.011256456	220000	2215.585836172104
429.86383	431.70187	984.8904	8.490957	381.7514	430.1568	986.2433	7.7996993	440.25	392.8	867.52026	36.5805	939.72516	91.70326	105189.67	-0.007423079	1.9499176	0.023179833	222000	2229.1406762599945
497.90002	488.2351	986.13513	9.664907	791.2688	391.12213	988.1811	7.192711	507.5	802.9	682.50323	42.03674	770.60376	-155.33011	6583.05	0.00024079085	1.9726751	0.023730883	224000	2249.490569829941
985.7431	1.0454712	986.7886	984.69763	889.3083	292.92007	987.8985	10.5511675	1000.0	901.6	811.8039	24.414	871.7434	547.65784	1313.2357	0.0144612	1.9495664	0.014536497	226000	2271.5905799865723
987.62024	0.81744385	988.4377	986.8028	987.62823	1.049194	989.432	986.1112	1000.0	1000.0	890.9494	8.53935	970.57074	829.5349	409.08344	-0.005156446	1.889773	0.010985418	228000	2295.0590007305145
988.0173	0.5285034	988.5458	987.4888	987.714	0.74689454	989.0465	986.44025	1000.0	1000.0	936.1029	4.5713034	983.5929	915.8399	129.55414	-0.007049423	1.936575	0.011367084	230000	2318.461762905121
988.1846	0.38937378	988.5739	987.79517	988.1835	0.75655085	989.5462	986.86523	1000.0	1000.0	964.53864	4.002337	1001.35394	914.6484	44.985924	-0.004788916	1.9095759	0.009282829	232000	2341.9783177375793
988.1362	0.010925293	988.14716	988.1253	987.0999	0.95488346	989.08307	985.8716	1000.0	1000.0	982.2333	3.056756	1000.19196	951.73114	20.359049	-0.007595094	1.9718909	0.010257121	234000	2364.9721953868866
987.8783	0.2709961	988.1493	987.6073	987.57306	0.76293343	988.7054	986.05035	1000.0	1000.0	995.2789	2.5806882	1016.9104	960.16187	16.758226	-0.0016063744	1.9043201	0.011868399	236000	2387.9391102790833
987.92596	0.56622314	988.4922	987.35974	986.9254	2.1781752	988.4667	980.82135	1000.0	1000.0	1003.26556	3.5065248	1022.8089	931.6728	25.13124	-0.010355906	1.9257654	0.010477598	238000	2411.309151649475
989.06104	0.28704834	989.3481	988.774	988.1294	0.9466893	989.40656	986.8927	1000.0	1000.0	1007.1229	2.32672	1025.0249	969.09534	24.074179	-0.02319177	1.9348596	0.01157629	240000	2434.974482536316
989.85046	0.45477295	990.30524	989.3957	988.76056	0.571618	990.07587	987.9654	1000.0	1000.0	1008.70776	2.8476193	1022.75494	971.07825	20.484243	-0.0074442844	1.938467	0.006401526	242000	2458.5360054969788
988.2501	0.31118774	988.56134	987.93896	988.7375	0.44806665	989.6702	988.16284	1000.0	1000.0	1008.1719	2.3223991	1022.7953	973.63495	17.086018	-0.003608806	1.9039258	0.017726483	244000	2481.7004833221436
989.5255	0.55319214	990.07874	988.97235	989.1489	0.7471217	990.3904	988.0641	1000.0	1000.0	1007.2388	2.8232732	1017.8822	966.1883	19.493992	-0.004281012	1.8557737	0.009730142	246000	2505.0330584049225
989.1072	0.55404663	989.66125	988.55316	988.86145	1.2648869	990.8139	986.1446	1000.0	1000.0	1009.45404	2.5544412	1020.65814	983.29767	20.317883	-0.003736648	1.8607972	0.010347823	248000	2528.177366733551
988.31104	0.72940063	989.0404	987.5816	891.478	292.64432	990.0958	13.547593	1000.0	902.4	1008.68835	2.2145133	1023.89276	978.696	19.899502	-0.01294586	1.8820759	0.009853225	250000	2549.9753816127777
990.4092	0.18035889	990.58954	990.2288	989.68243	0.7396266	990.6223	988.23517	1000.0	1000.0	1007.81525	3.0112848	1021.11194	938.0608	25.033924	-0.020837482	1.8743484	0.009483298	252000	2573.6713280677795
989.3574	1.0420227	990.3994	988.31537	989.5884	0.93955255	990.7689	988.117	1000.0	1000.0	1008.6956	2.2433674	1023.2991	978.97845	24.645653	-0.007799986	1.8353097	0.008123612	254000	2597.2111542224884
989.3833	2.0394592	991.4227	987.3438	989.1255	0.54978055	990.2542	988.23145	1000.0	1000.0	1010.83325	2.8973331	1024.8022	955.9359	32.198597	-0.0024936418	1.82656	0.019714626	256000	2620.369934797287
988.6754	0.43392944	989.1093	988.24146	892.26447	289.88232	990.18616	22.621128	1000.0	903.2	1014.7649	2.16814	1028.5107	991.8729	25.935257	-0.02410371	1.7880173	0.008192283	258000	2642.2270119190216
988.17255	0.19970703	988.37225	987.97284	989.158	0.90200084	990.3392	987.0267	1000.0	1000.0	1011.34985	2.7894752	1023.40906	972.876	22.939169	-0.007135461	1.7442572	0.0070256507	260000	2665.361403942108
989.3541	1.1684875	990.5226	988.1856	989.0094	1.0162257	990.7797	987.37756	1000.0	1000.0	1011.22437	2.2252483	1019.9905	981.04614	19.341333	-0.022085587	1.7564577	0.0016683681	262000	2688.912356853485
988.12683	0.8354187	988.9623	987.29144	988.9999	0.6826072	989.8265	987.81256	1000.0	1000.0	1009.8419	2.647011	1021.2116	975.3199	13.826047	-0.022736272	1.7520977	0.004480011	264000	2712.9167392253876
988.21954	0.21807861	988.4376	988.00146	988.6173	0.63877106	989.6996	987.68726	1000.0	1000.0	1006.3913	2.462003	1013.7766	979.72656	11.06391	-0.023737872	1.7741559	-0.0010453204	266000	2736.3552401065826
988.0218	1.2766113	989.2984	986.7452	988.94385	0.42093948	989.7565	988.3772	1000.0	1000.0	1004.91864	3.7850044	1024.101	918.93164	14.262583	-0.019773316	1.74038	0.004705736	268000	2759.9438071250916
988.9486	1.0066223	989.9552	987.94196	988.8084	1.1067802	990.7657	986.514	1000.0	1000.0	1005.4549	1.9164338	1015.2567	986.592	15.41857	-0.024905551	1.7888571	0.009358133	270000	2783.8732829093933
989.2046	0.9114685	990.116	988.2931	988.8591	1.3150692	990.9234	987.0977	1000.0	1000.0	1007.2988	2.273486	1017.8399	983.87445	17.816305	-0.0076992516	1.7559267	0.0091028875	272000	2807.3313241004944
989.44836	0.74942017	990.19775	988.6989	891.8854	292.09738	990.1724	15.594693	1000.0	902.5	1007.55023	2.410013	1018.04865	979.17816	18.494495	-0.008137217	1.7445982	0.010774948	274000	2829.2497470378876
989.8087	0.87942505	990.6882	988.9293	794.0889	390.39902	989.8245	11.311095	1000.0	804.2	1008.6716	2.175166	1024.8932	985.4683	17.06702	-0.023468757	1.7040523	0.00831912	276000	2849.888612985611
989.62646	0.7046814	990.3311	988.92175	892.0609	292.20914	990.6927	15.437284	1000.0	902.4	1009.39734	2.1157458	1018.1865	982.8305	16.636913	-0.00798673	1.7136847	0.005395717	278000	2871.5760612487793
988.90186	0.69924927	989.60114	988.20264	989.7262	0.82298946	990.8293	988.12317	1000.0	1000.0	1009.4451	2.1881626	1019.1767	987.6935	14.487073	-0.020147339	1.7125142	0.007179597	280000	2895.7772591114044
989.1235	1.0733032	990.1968	988.0502	989.0292	1.0832994	990.957	987.73145	1000.0	1000.0	1007.98114	2.2294903	1020.8391	987.4334	20.123367	-0.00673642	1.692993	0.009843568	282000	2919.3030524253845
989.05756	0.42108154	989.47864	988.6365	988.9583	0.7147139	990.3995	988.2287	1000.0	1000.0	1010.2463	2.3535097	1019.3486	989.2471	21.209293	-0.0007175826	1.6794698	0.011302147	284000	2942.4806077480316
988.9877	0.22537231	989.213	988.76227	988.2952	0.5896847	989.0298	987.069	1000.0	1000.0	1010.6933	2.5767794	1020.6775	977.5188	16.947247	-0.022553083	1.6809521	0.004109173	286000	2966.112284421921
989.63434	0.93395996	990.5683	988.7004	891.16046	293.3427	989.9861	11.1348095	1000.0	901.9	1009.2164	2.052377	1017.897	986.7935	16.58291	-0.0066382843	1.6160161	0.009330445	288000	2987.9249217510223
989.1106	0.47772217	989.5883	988.6329	989.3708	0.92013776	991.13904	988.0156	1000.0	1000.0	1008.6499	2.456905	1017.2093	983.60876	17.627289	-0.017960783	1.6319087	0.0073316814	290000	3011.445009469986
990.18896	0.4031372	990.5921	989.7858	989.3752	0.5462608	990.1341	988.35455	1000.0	1000.0	1008.4919	2.1982832	1019.29736	986.7151	14.917299	-0.0027317759	1.6643206	0.010002158	292000	3034.9302060604095
989.2944	0.23565674	989.53	989.0587	989.61896	0.78841686	990.9412	988.43604	1000.0	1000.0	1008.0589	2.0735478	1015.89374	990.20514	14.974553	-0.0032031208	1.6657627	0.013843026	294000	3058.0875482559204
988.777	0.29904175	989.07605	988.47797	989.0783	0.68931794	990.07935	988.3638	1000.0	1000.0	1008.2994	2.8229978	1017.7754	977.71063	13.96895	-0.0065578576	1.6158676	0.012289338	296000	3081.604577064514
989.3407	0.41256714	989.75323	988.9281	989.4	0.8752959	990.6651	987.431	1000.0	1000.0	1008.5176	2.4128983	1016.9379	987.79834	14.544436	-0.008521167	1.6323998	0.009515084	298000	3105.108336687088
545.1272	404.49344	989.28174	10.852114	794.00714	388.8465	989.7438	14.142386	555.0	805.5	1003.7314	47.13459	1030.3877	-65.967384	107203.52	0.0005880981	1.6811739	0.036617484	300000	3125.4915215969086
988.5554	0.42269897	988.9781	988.1327	792.9931	390.63837	989.4432	9.32241	1000.0	805.7	810.6815	85.21062	874.7005	18.408422	7657.714	-0.026484549	1.6191572	0.0018580295	302000	3145.9057278633118
988.7267	0.33468628	989.06134	988.39197	988.28577	0.6230401	989.53033	987.5329	1000.0	1000.0	797.0608	16.02153	875.54535	690.48254	3315.3042	-0.010146698	1.5935282	0.009459339	304000	3169.37744307518
390.89658	426.4104	986.7756	12.739381	794.68646	387.07657	988.85046	15.723815	404.33334	806.6	792.43835	85.79361	1083.605	219.82927	20521.207	0.020915877	1.7394519	0.18482248	306000	3189.775178670883
986.16675	0.5142517	986.681	985.6525	596.7783	477.43655	987.89526	10.256839	1000.0	610.5	814.9739	51.194565	855.7728	316.10446	5794.0166	0.030227855	1.5791125	0.05715917	308000	3206.5783581733704
256.12784	421.1315	985.5449	11.074049	404.14642	475.36813	986.9152	10.43003	272.5	419.5	775.0744	97.34465	870.3404	28.886852	16315.205	0.029704915	1.6379192	0.096664384	310000	3220.334980249405
985.732	0.5562744	986.28827	985.1757	499.05264	486.44437	986.4603	10.442257	1000.0	512.3	764.1264	54.852722	856.13824	154.56682	6360.831	0.023328213	1.5598338	0.046130337	312000	3236.2116737365723
175.98401	361.54538	984.40466	10.002982	693.5658	444.31265	985.78064	11.589924	190.0	708.5	759.6078	50.77003	835.8906	116.698494	18465.328	0.03360763	1.6890879	0.11528084	314000	3254.579303264618
984.19324	0.634552	984.8278	983.5587	789.5127	388.54306	985.2547	10.862575	1000.0	806.2	741.4771	57.814796	785.4386	210.8647	7613.2666	0.02487815	1.5748067	0.06699093	316000	3274.818956375122
982.96277	0.53637695	983.49915	982.4264	401.20557	475.1486	983.87	11.072709	1000.0	419.3	753.9309	26.145823	832.1879	497.71277	5471.491	0.039738484	1.647048	0.08131739	318000	3288.7149863243103
62.534496	216.55014	981.24054	6.4086876	399.83456	474.90073	982.16736	7.850727	81.10526	420.0	687.0947	186.56801	880.12103	-128.44565	30201.693	0.07969165	1.8741848	0.2773961	320000	3303.0009140968323
980.96106	0.61083984	981.5719	980.3502	691.3395	441.89233	981.32294	10.84817	1000.0	710.8	731.65375	95.61514	896.4771	7.4828553	11930.214	0.034300856	1.6216311	0.044643402	322000	3321.7010576725006
504.38837	475.55548	979.94385	28.832878	594.33636	471.72006	980.68915	10.338746	530.5	617.7	698.2879	60.132065	925.85767	193.51012	18119.965	0.02158704	1.6002246	0.042165898	324000	3338.866577386856
977.1942	0.073883064	977.2681	977.12036	978.94904	0.71474266	980.05414	977.9501	1000.0	1000.0	681.95123	49.293335	767.2596	275.13333	8651.381	0.013943005	1.5843055	0.024492534	326000	3362.2370047569275
978.8492	0.52056885	979.36975	978.3286	885.1959	280.07297	979.389	44.9798	1000.0	907.8	699.24725	25.317738	827.69006	523.7059	6294.2056	0.015521161	1.5693219	0.022953281	328000	3383.9522035121918
508.03906	468.20972	976.2488	39.82933	790.8031	372.85248	977.96643	43.727024	536.5	815.5	725.56305	42.450195	888.1609	290.4837	21001.902	0.019083284	1.6116784	0.048004035	330000	3404.376751422882
355.74002	439.38788	977.06323	37.29035	499.21933	477.95334	977.8097	5.6808066	385.0	524.9	700.72986	67.204506	832.6138	357.61142	30179.943	0.018016033	1.5875256	0.025289236	332000	3420.2380073070526
26.60049	17.82007	52.46995	-2.910098	110.76186	288.31607	974.412	-2.6330562	54.92857	137.2	461.66336	188.47308	855.7319	-11.39861	31416.469	0.015672455	1.6003276	0.035167698	334000	3429.351081609726
163.91684	332.20615	976.16766	-2.665712	225.15097	374.90527	975.15686	28.609451	191.85715	255.9	441.5167	211.21335	899.94104	-1.3341336	33039.46	0.0028426533	1.5307016	0.016208932	336000	3441.1842398643494
105.39059	262.6072	974.40686	-3.346442	223.10239	376.10468	975.2095	20.808872	134.5	254.3	413.0384	180.65646	755.9657	34.149216	30854.48	0.008751264	1.5975249	0.025142768	338000	3452.2929854393005
173.47032	327.86563	976.467	31.076738	317.43155	430.80423	976.12506	19.413486	204.71428	347.5	412.2372	162.4003	680.68695	45.352425	29139.75	0.0024035522	1.6115383	0.0077079497	340000	3465.406282186508
973.9674	0.28897095	974.25635	973.6784	507.97906	467.4704	976.15875	33.095222	1000.0	536.4	458.2231	83.466606	671.13696	81.93666	24704.068	-0.020478925	1.5854378	0.010160094	342000	3481.899923801422
974.13025	0.15682983	974.2871	973.97345	881.9398	280.3652	976.2958	40.84581	1000.0	907.4	494.17892	28.50613	618.76587	225.60907	16660.625	-0.018019719	1.5578779	0.0070736483	344000	3504.006337404251
351.97937	440.4058	974.7817	35.697334	505.62396	469.39676	975.35834	32.449165	382.0	534.3	528.6652	54.600685	735.18835	236.16255	28233.25	-0.0074883625	1.5149094	0.01186062	346000	3520.079790830612
115.79428	259.5647	975.5072	-2.4406157	33.772106	14.324998	50.707436	-2.9790628	146.16667	65.0	447.8331	101.17161	702.3334	15.952184	34102.53	-0.0032961708	1.5283887	0.0149617735	348000	3528.2046921253204
100.63949	233.97858	975.5441	14.720869	131.0083	281.37897	974.98083	27.564894	132.4	162.3	286.6867	188.87473	723.9132	3.1679735	24252.242	-0.0023000706	1.5468172	0.008379989	350000	3538.2758231163025
112.92948	260.12955	975.53705	28.333052	317.67465	430.64963	975.8014	16.642836	144.66667	347.6	306.5232	215.29773	776.6429	15.842059	28977.168	-0.0019214544	1.5069685	0.011197433	352000	3550.6452465057373
975.49744	0.835968	976.3334	974.66144	509.68652	466.41245	977.045	28.71476	1000.0	538.0	417.83862	89.944725	667.25104	59.558857	26093.764	-0.0010537058	1.541283	0.012624255	354000	3566.7177135944366
976.52576	0.41256714	976.93835	976.1132	604.61273	455.27853	976.9372	36.105133	1000.0	631.5	455.05957	32.364803	617.3469	194.35706	18894.158	-0.0037533934	1.5081159	0.008252777	356000	3584.361688375473
976.151	0.8946228	977.0456	975.25635	604.6741	454.99597	976.5627	29.565321	1000.0	631.8	501.94144	45.62988	742.5046	172.04683	15296.131	-0.007009676	1.5162189	0.0087462235	358000	3601.6818120479584
514.01843	460.7775	974.79596	53.240944	414.7855	458.754	977.15436	35.4214	542.5	443.4	530.29236	55.271107	779.18976	268.48044	25401.059	-0.0051984424	1.5268254	0.010592214	360000	3615.8106322288513
977.2468	0.5854492	977.8323	976.6614	694.61926	430.3362	977.64856	35.265583	1000.0	721.0	512.8951	36.506554	738.7915	291.39053	13768.856	-0.019511273	1.5409422	0.010116496	362000	3635.14182305336
352.9354	440.5533	975.96216	38.410572	510.34406	465.83426	976.89343	35.42523	381.66666	538.6	570.035	56.767216	806.2248	330.54553	28597.484	-0.0028213786	1.5476866	0.018151203	364000	3651.137937307358
511.24176	464.7671	976.00885	46.474678	556.05975	442.69547	977.0936	29.67186	539.0	583.7	538.317	69.11739	752.4747	259.24228	22544.527	-0.0016131678	1.5481248	0.012448799	366000	3667.438859939575
225.55489	375.30066	976.0795	32.91433	693.67755	431.04544	977.6812	26.26145	256.0	720.5	522.539	47.52694	718.5969	281.84238	29567.246	-0.0022934396	1.5210733	0.013909679	368000	3686.009195804596
977.0579	0.46154785	977.5195	976.5964	882.18896	281.33572	977.195	38.18537	1000.0	907.1	498.60403	66.07544	690.8984	166.44293	18169.918	-0.0025656193	1.5051619	0.0058834646	370000	3708.267636537552
975.4573	0.6408386	976.09814	974.81647	883.60333	276.40106	976.8611	54.40807	1000.0	908.7	528.61774	43.452415	784.00995	264.41138	14062.45	-0.026764136	1.5064826	0.011119689	372000	3730.3689091205597
975.9362	0.6328125	976.56903	975.3034	884.1113	275.76627	976.9799	56.813824	1000.0	908.8	529.5956	43.122208	799.73474	278.3769	13370.219	-0.02233655	1.4994953	0.009275065	374000	3752.3608918190002
976.5525	0.3260193	976.8785	976.22644	602.2816	457.55154	976.96423	38.62878	1000.0	629.7	551.8901	50.40701	810.5413	312.1607	12098.963	-0.011434643	1.4310081	0.010575595	376000	3769.6730930805206
510.85086	465.96414	976.815	44.88672	602.3536	457.71402	976.9024	32.5451	538.5	629.7	573.10297	57.254963	812.7876	317.3645	23023.541	-0.017919565	1.4284289	0.010306716	378000	3787.1877720355988
974.6764	0.16488647	974.84125	974.5115	976.22577	0.9658376	977.2697	973.859	1000.0	1000.0	540.1226	37.411274	761.32245	287.68857	13745.287	-0.003936645	1.478958	0.011312079	380000	3810.7551698684692
976.56714	0.565155	977.13226	976.00195	976.5295	0.73459744	977.51855	975.313	1000.0	1000.0	544.1735	44.704254	793.88086	315.74722	12080.494	-0.005319136	1.4192816	0.008657154	382000	3834.0136840343475
976.5537	0.3239746	976.8777	976.22974	883.7721	278.173	977.2846	49.256065	1000.0	908.2	572.22986	36.18603	788.8827	355.45703	11292.285	-0.0013619186	1.4366498	0.01075159	384000	3855.7939937114716
514.4809	462.55295	977.0339	51.927963	976.07733	0.65450156	977.1399	974.9523	542.0	1000.0	616.10864	56.467083	859.43964	382.77606	22741.77	-0.0016187755	1.4009335	0.012953785	386000	3879.076280117035
347.176	443.30737	974.1003	31.148182	605.274	452.79895	975.3605	38.307568	377.33334	633.1	586.4208	56.658314	810.1233	345.13748	23200.488	-0.008323825	1.4540744	0.010521781	388000	3896.7507104873657
508.57315	467.16608	975.73926	41.40707	602.7926	456.4745	976.74896	39.561768	537.0	630.4	551.1175	63.643776	749.067	269.64603	21992.426	-0.018835597	1.4051126	0.005015566	390000	3914.897630214691
512.7907	462.5088	975.2995	50.281956	787.99396	312.70276	977.2091	39.727135	541.5	814.7	522.7875	38.917534	698.9222	260.59335	23011.268	-0.0025999239	1.4324226	0.010403731	392000	3935.3911097049713
975.5438	0.39694214	975.9408	975.1469	880.83575	285.18097	977.11633	25.296461	1000.0	905.7	507.39905	35.135582	681.47754	262.20288	14540.644	-0.021930756	1.4062707	0.008363754	394000	3957.796912431717
275.86057	403.5226	974.6729	35.044983	230.91855	372.41037	975.82306	30.398516	306.5	261.5	552.2349	70.59197	772.0245	297.07755	30509.656	-0.016157035	1.3987868	0.010892683	396000	3969.347375869751
974.8132	1.1290894	975.94226	973.6841	865.14734	281.3455	976.7105	33.53345	1000.0	891.6	518.6907	65.610664	724.15607	186.95522	14826.619	-0.0025703716	1.4473212	0.009459094	398000	3991.178340435028
976.0146	0.72613525	976.7407	975.28845	831.0256	305.48727	977.15186	37.696877	1000.0	856.4	541.5011	51.39733	774.3738	322.76843	11355.471	-0.025275331	1.4539726	0.0062617823	400000	4012.7515823841095
974.49756	0.4088745	974.90643	974.0887	787.7823	375.243	976.4592	28.609884	1000.0	814.0	572.4631	53.37349	795.494	348.65347	10487.763	-0.0041075465	1.4903309	0.016248193	402000	4033.864381313324
974.7625	0.16326904	974.9258	974.59924	791.83167	366.50824	976.5187	56.612778	1000.0	818.1	591.8167	46.136513	772.8643	391.98926	9379.186	-0.0035162165	1.537686	0.012578271	404000	4054.096382856369
502.27737	472.44107	974.71844	29.836315	518.9409	416.43378	974.9174	36.91282	531.5	547.8	617.8078	51.619804	807.4302	407.17264	17408.238	-0.004964207	1.5011646	0.009078506	406000	4070.1610922813416
628.9339	272.1511	973.8718	308.60455	604.712	452.63165	975.25684	43.425457	658.6667	632.9	596.99524	53.947506	792.5364	210.2236	50599.574	-0.004775026	1.5042627	0.019461442	408000	4087.5167365074158
975.62317	0.6636963	976.28687	974.9595	975.23224	0.76012015	976.2049	974.08936	1000.0	1000.0	424.41766	45.92408	568.0714	-33.757698	15292.943	-0.002905818	1.4947542	0.011920811	410000	4110.735626935959
974.3872	0.0008544922	974.38806	974.38635	975.36346	0.69228995	976.5666	974.4087	1000.0	1000.0	533.9475	54.11486	765.89166	363.9325	10135.763	-0.009300919	1.4529626	0.011694411	412000	4134.03609752655
975.24915	0.9496765	976.19885	974.2995	973.90393	3.4327545	975.8808	963.7604	1000.0	1000.0	601.5644	48.819508	792.14465	436.1568	8396.6455	-0.023156468	1.5414212	0.010398133	414000	4157.591978788376
973.48175	2.3834229	975.8652	971.0983	787.20575	375.0233	976.23315	31.98703	1000.0	814.0	645.4512	47.590794	846.27856	430.14047	7061.664	-0.028009474	1.4819306	0.007376385	416000	4178.786993265152
975.0719	0.9450989	976.01697	974.1268	974.7396	1.0725443	976.2209	972.28357	1000.0	1000.0	669.7265	39.013832	818.638	508.6653	5737.934	-0.0051813284	1.477562	0.013793925	418000	4202.609954118729
570.4354	404.15408	974.5895	166.28133	880.1655	198.19937	976.15485	374.59592	599.0	906.9	702.3429	43.42543	870.2934	478.7982	37318.695	-0.0020257018	1.5099001	0.010545818	420000	4224.560589551926
974.2887	1.0515137	975.3402	973.2372	907.3988	180.90385	975.70044	367.91995	1000.0	934.3	652.0613	56.624153	731.72406	158.59798	6997.068	-0.004670421	1.4654357	0.006746091	422000	4246.587938308716
974.1108	0.7379761	974.84875	973.3728	932.8757	124.90349	975.9237	558.1734	1000.0	959.3	712.507	29.024	865.6954	470.37003	4334.425	-0.026771525	1.4645709	0.009632995	424000	4269.648387670517
974.34045	0.46548462	974.8059	973.87494	863.3309	271.49033	975.94977	70.986176	1000.0	889.0	741.6183	24.480135	880.15576	613.6378	3940.4507	-0.006180755	1.5195619	0.0097453045	426000	4291.1510264873505
975.386	0.26119995	975.6472	975.1248	953.0148	65.3085	975.84296	757.1071	1000.0	978.5	758.413	22.333656	926.6288	645.21204	3583.7722	-0.0049930606	1.5091302	0.0117745595	428000	4314.199805259705
577.88367	398.0308	975.9145	179.85289	936.9415	112.22359	975.9751	600.28314	606.5	963.4	776.56726	24.50054	885.1782	672.85394	42495.61	-0.003535213	1.4941146	0.006561961	430000	4337.314959526062
974.6994	0.5446167	975.244	974.1548	885.9258	264.37158	975.2767	92.81468	1000.0	912.1	727.8998	53.461803	817.7281	422.53256	4660.229	-0.0042039286	1.492151	0.012931084	432000	4359.373346090317
975.3203	0.105651855	975.42596	975.21466	975.05286	0.70418674	975.9346	973.8217	1000.0	1000.0	768.08527	26.373255	918.4627	451.82794	2897.7168	-0.0080785295	1.4787644	0.0104013635	434000	4382.683384895325
974.7445	0.56796265	975.31244	974.1765	974.84247	0.79456437	976.0675	973.6596	1000.0	1000.0	803.37476	20.134233	932.32513	691.35443	2331.3755	-0.0054403194	1.4645777	0.0100039635	436000	4405.839813709259
975.0809	0.21875	975.2996	974.8621	879.73975	286.455	975.8818	20.37635	1000.0	905.0	821.7417	15.9558735	920.4719	744.4641	1762.7559	-0.027040327	1.4883354	0.010246585	438000	4428.113805055618
974.6804	0.7489319	975.4294	973.9315	974.8335	0.5629074	975.77655	974.0309	1000.0	1000.0	841.3924	15.428768	935.1985	756.3367	1618.6088	-0.01816743	1.504789	0.008757858	440000	4451.759189128876
975.30695	0.14794922	975.4549	975.159	681.8815	447.73212	975.8033	-5.017416	1000.0	705.8	847.8935	12.912444	926.63873	781.8488	1220.1814	-0.0032584027	1.4833031	0.014512102	442000	4470.74981880188
485.08218	489.2951	974.37726	-4.212913	584.62976	477.30997	975.2303	-5.4894376	510.0	610.1	862.2593	62.52507	934.41376	-36.852425	3425.6372	-0.009268405	1.4773016	0.022246933	444000	4487.855194807053
693.5243	280.34323	973.8675	413.18103	876.118	293.9469	974.7357	-5.7210183	723.5	901.8	870.9801	39.932053	976.7816	327.00793	77204.83	0.0047723115	1.5472139	0.01089172	446000	4509.656884670258
974.1362	0.84069824	974.9769	973.29553	973.9442	0.798224	975.0712	972.0698	1000.0	1000.0	720.80884	47.194725	826.49634	68.61276	3977.0403	-0.006541023	1.4912676	0.008258914	448000	4533.201315402985
974.0779	0.4797058	974.5576	973.5982	974.44354	0.8160667	975.64185	972.7036	1000.0	1000.0	790.2105	24.851538	941.67395	597.5367	2059.3718	-0.00742371	1.433397	0.00924323	450000	4556.497414588928
974.00714	1.038208	975.04535	972.96893	974.18964	0.82577825	975.7545	972.74963	1000.0	1000.0	834.2284	16.844753	934.2432	772.4257	1403.8079	-0.013258613	1.4443685	0.0105357645	452000	4579.9373235702515
974.6027	0.31982422	974.92255	974.2829	974.2917	0.83058935	976.4601	973.44073	1000.0	1000.0	857.2085	13.631943	937.0384	808.44965	1109.8796	-0.014982276	1.487021	0.008937431	454000	4603.65171456337
974.0459	0.17739868	974.2233	973.8685	955.5125	55.295616	974.5697	789.63226	1000.0	982.5	873.4375	12.2088785	969.3085	806.21313	980.8151	-0.01208474	1.4504514	0.011069916	456000	4626.822279691696
974.7743	0.04437256	974.81866	974.7299	974.0875	0.6753801	975.2519	973.3633	1000.0	1000.0	882.27747	12.453372	945.95233	822.82465	793.0798	-0.0034889942	1.5006809	0.011788179	458000	4650.173051595688
974.027	0.13864136	974.16565	973.88837	974.4166	0.8350871	975.93884	973.36365	1000.0	1000.0	889.3356	10.545206	947.1788	830.1455	770.6034	-0.020010373	1.50558	0.01101395	460000	4674.016171455383
973.5354	0.13955688	973.675	973.3959	974.3089	0.9490004	975.8738	972.73395	1000.0	1000.0	891.5278	10.395535	942.7232	813.9543	652.8079	-0.009335892	1.4951606	0.008819414	462000	4697.403813838959
972.26917	1.9118652	974.181	970.3573	974.49725	0.87298334	976.6181	973.213	1000.0	1000.0	899.7616	11.873991	982.3147	835.42755	596.3544	-0.0041212444	1.5328354	0.015134757	464000	4720.860176563263
975.8198	0.0018618224	975.82166	975.81793	975.22754	0.70897007	976.3527	974.02783	1000.0	1000.0	900.4374	11.652447	959.0067	808.947	508.96387	-0.0047637783	1.4645959	0.009869479	466000	4744.555586099625
975.3557	0.717926	976.07367	974.6378	974.6548	1.0207947	975.7924	972.15045	1000.0	1000.0	909.7569	9.629425	963.7709	862.5789	458.5882	-0.0015893306	1.4710689	0.016022729	468000	4767.866355895996
974.91754	0.6814575	975.599	974.2361	974.01447	0.7292794	974.90576	972.73773	1000.0	1000.0	915.99194	8.830891	970.4692	873.5196	416.1486	-0.023190368	1.3922609	0.008582984	470000	4791.651443243027
973.19214	1.1348572	974.327	972.0573	974.2472	0.93842465	975.3802	972.41724	1000.0	1000.0	916.46136	9.314263	964.0735	856.1344	498.1063	-0.003338042	1.5260721	0.009975583	472000	4815.2138748168945
663.4932	312.028	975.52124	351.4652	915.0503	178.53265	975.8025	379.46033	690.5	940.2	904.75134	37.77791	955.32025	94.084885	82088.77	-0.007962458	1.4508235	0.017569903	474000	4837.779046535492
975.56226	0.15332031	975.7156	975.40894	974.7035	0.8678952	976.0647	973.23364	1000.0	1000.0	769.99426	22.892939	792.9087	459.00568	2770.9258	-0.022037262	1.485647	0.008408415	476000	4861.555202245712
974.39606	0.53302	974.9291	973.86304	975.2039	0.94333965	976.12756	972.73	1000.0	1000.0	810.26776	17.030247	902.6005	502.49176	1716.5076	-0.016939178	1.4320881	0.009336629	478000	4884.945263624191
976.0957	0.45806885	976.5538	975.63763	974.6608	0.7416931	976.4358	973.9197	1000.0	1000.0	846.1945	12.936679	923.8394	780.3636	898.0084	-0.0047157314	1.4039743	0.010142194	480000	4908.127405166626
975.1515	0.3286438	975.48016	974.8229	975.6916	0.85840434	976.8945	974.2712	1000.0	1000.0	885.26764	12.065424	943.8419	814.72687	648.2732	-0.0021432347	1.4504825	0.01593983	482000	4931.407059907913
976.4629	0.13186646	976.5947	976.331	975.912	0.66567457	977.10614	974.7542	1000.0	1000.0	895.5383	9.483278	942.51984	815.8742	585.16797	-0.00060003984	1.4325135	0.0159924	484000	4954.755937099457
975.99945	0.014465332	976.0139	975.985	976.0456	0.96191686	977.7142	974.6548	1000.0	1000.0	906.3785	10.470371	978.3514	859.4654	508.82135	3.387546e-05	1.4653224	0.012169055	486000	4978.144983291626
975.05066	0.12243652	975.1731	974.9282	881.442	282.35202	977.3114	34.391857	1000.0	906.7	907.7926	11.636298	981.1601	781.8847	416.33194	-0.008791348	1.4719063	0.008934875	488000	5000.009577035904
975.7739	0.73168945	976.5056	975.04224	974.662	0.45459485	975.5093	973.8366	1000.0	1000.0	915.04456	12.6814785	1003.9751	829.94183	378.0758	-0.008709858	1.4419612	0.011189629	490000	5023.245161771774
974.90564	0.5369873	975.4426	974.36865	974.4318	0.7510939	975.3334	973.03613	1000.0	1000.0	920.5561	11.546867	982.33777	875.1227	353.5634	-0.005468387	1.4069713	0.010340549	492000	5046.568063735962
974.4673	0.1347351	974.60205	974.3326	974.0926	0.7617429	974.9712	972.84045	1000.0	1000.0	920.8999	13.794891	963.54333	580.76117	422.12906	-0.0011974607	1.3894668	0.0106333755	494000	5069.95793223381
974.2543	0.21994019	974.47424	974.03436	974.00214	1.0334691	975.79865	971.9224	1000.0	1000.0	914.8764	9.564304	972.1026	866.4279	396.12494	-0.0017958322	1.4359057	0.010081375	496000	5093.372321605682
973.47424	0.508728	973.983	972.9655	973.5452	0.7809691	974.8094	972.1856	1000.0	1000.0	919.23553	8.363552	959.54706	878.064	385.7584	-0.001654342	1.3845983	0.00955766	498000	5116.715994119644
972.8019	0.7932129	973.5951	972.00867	973.1826	1.0365585	974.6713	971.402	1000.0	1000.0	917.7748	7.906919	954.90094	868.4481	385.9732	-0.015947556	1.372578	0.011697561	500000	5140.487843513489
972.54803	0.5504761	973.0985	971.99756	972.7961	0.65684956	973.9001	971.31274	1000.0	1000.0	918.4009	7.9236946	956.6509	871.7335	336.88965	-0.001911201	1.465698	0.009695446	502000	5163.70410323143
973.5018	0.47338867	973.97516	973.0284	973.23975	0.54802626	974.14667	972.41797	1000.0	1000.0	922.0414	6.506848	955.1585	879.48505	347.1543	-0.0022008826	1.4715089	0.013993636	504000	5186.952592849731
973.51575	0.19998169	973.71576	973.3158	973.56104	0.906261	975.1417	972.19556	1000.0	1000.0	923.48816	7.4736657	959.48413	883.74445	314.4206	-0.00091723586	1.3795105	0.014160322	506000	5210.399430513382
972.88403	0.5914612	973.47546	972.29254	973.54315	0.75892717	974.9268	972.4461	1000.0	1000.0	924.3734	6.447043	962.07074	883.76056	330.6756	0.0007093404	1.4278777	0.014271406	508000	5233.657654047012
973.96295	0.22210693	974.18506	973.74084	973.725	0.48133516	974.72217	973.1547	1000.0	1000.0	924.8416	6.6114902	962.1432	888.3256	303.67465	-0.010247396	1.4499669	0.010050817	510000	5257.211928129196
973.72675	0.22479248	973.95154	973.50195	974.27893	0.5291994	974.9219	973.054	1000.0	1000.0	926.06537	5.525536	959.3889	894.1481	246.7399	-0.018287193	1.3820174	0.010978503	512000	5280.8257002830505
974.89294	0.92141724	975.8144	973.97156	974.15216	0.6225977	975.4536	973.4991	1000.0	1000.0	938.1122	5.6099415	972.535	902.5746	225.90152	-0.02098041	1.3286142	0.009675458	514000	5304.551146268845
974.8773	0.200531	975.0779	974.6768	974.6356	0.9638113	976.28436	972.872	1000.0	1000.0	937.78577	5.102904	966.93445	910.4009	151.39009	-0.0069582066	1.3771334	0.010158055	516000	5328.208348989487
974.33154	0.64001465	974.97156	973.6915	974.37146	0.9531327	975.1691	971.8102	1000.0	1000.0	946.9363	5.1433244	978.22815	912.2548	185.65202	-0.0015426317	1.4198891	0.0125886565	518000	5351.627769708633
975.2466	0.27767944	975.5243	974.96893	974.9385	0.7803348	976.2975	973.7176	1000.0	1000.0	943.9481	4.1555715	970.58466	920.5348	248.38802	-0.018561792	1.430773	0.009379668	520000	5375.124630451202
973.82385	0.06045533	973.88434	973.7634	974.5687	0.7954772	975.69745	973.01636	1000.0	1000.0	940.9679	5.178737	973.492	898.93555	222.65518	-0.00329813	1.3608338	0.012293139	522000	5398.491785526276
973.58923	0.1262207	973.71545	973.463	974.6997	0.88038063	977.16315	973.861	1000.0	1000.0	937.22504	5.0125356	969.5045	902.3278	219.76785	-0.0031801304	1.3752656	0.009740177	524000	5421.878010749817
974.9622	0.15753174	975.11975	974.8047	975.4469	0.6867259	976.81024	974.5376	1000.0	1000.0	937.4632	3.9393961	965.7734	914.1107	181.62044	-0.013188116	1.4163246	0.010164135	526000	5445.660894870758
975.5407	0.41827393	975.959	975.12244	975.009	0.7076198	976.1568	973.80524	1000.0	1000.0	942.80975	4.2945504	971.4458	918.82715	124.70593	-0.002451208	1.3793398	0.0109707005	528000	5469.404566287994
975.78577	0.6574707	976.44324	975.1283	975.3494	1.0712227	976.8346	973.12744	1000.0	1000.0	954.5662	4.4776354	984.4988	930.2316	131.80257	-0.007911714	1.3727994	0.011379262	530000	5492.855140209198
975.2915	0.98947144	976.28094	974.302	975.0018	0.6246177	975.8644	973.88336	1000.0	1000.0	956.6528	3.494354	979.83344	928.0691	117.96892	-0.0014134975	1.3521893	0.009632924	532000	5516.172832250595
975.28723	0.33355713	975.6208	974.9537	975.39197	0.3063922	975.8253	974.8745	1000.0	1000.0	958.90265	3.4730225	983.38684	933.0034	102.72886	-0.011538629	1.3284935	0.0108894	534000	5539.850818634033
976.318	0.21688843	976.5349	976.10114	975.72577	0.78397095	977.1491	974.6332	1000.0	1000.0	955.3755	4.1932344	983.7902	887.9073	84.52002	-0.019401098	1.4001248	0.0015605874	536000	5563.873704195023
975.9459	0.26971436	976.21564	975.6762	975.44324	0.7950863	976.9452	974.1978	1000.0	1000.0	959.4598	3.606835	983.15106	943.25964	72.44582	-0.0021309853	1.4208263	0.01053595	538000	5587.472000360489
976.5145	0.2157898	976.7303	976.2987	976.0583	0.79187095	977.5396	974.6768	1000.0	1000.0	961.2811	3.5247495	985.417	942.0885	84.339134	-0.0029600488	1.3756616	0.016063742	540000	5610.927359342575
976.3091	0.69104004	977.0001	975.61804	975.6375	0.9000959	977.25824	974.32605	1000.0	1000.0	961.15765	3.1971793	985.33014	935.1666	91.26607	-0.02259596	1.4126114	0.010849466	542000	5634.87122964859
975.0018	0.2755127	975.2773	974.72626	975.58936	0.9585899	976.97217	974.0673	1000.0	1000.0	957.08075	3.1325216	977.76013	928.3704	115.57793	-0.008805946	1.3336699	0.016973197	544000	5658.520902395248
975.7575	0.18591309	975.9434	975.5716	976.4388	0.5389403	977.2009	975.58453	1000.0	1000.0	956.31354	3.2262764	979.5613	938.61066	86.6349	-0.0033607974	1.4096779	0.014645698	546000	5681.814381599426
976.20435	1.2199402	977.4243	974.98444	976.057	0.6454654	976.93713	974.8704	1000.0	1000.0	957.10077	2.8688824	978.40295	939.7074	62.637756	-0.018299948	1.3578573	0.0110607715	548000	5705.566433191299
976.0558	0.22103882	976.27686	975.8348	976.1746	0.50920427	976.77765	975.28766	1000.0	1000.0	966.3189	3.2182057	990.8655	949.9258	34.493298	-0.0014455274	1.3716972	0.008939245	550000	5729.252698659897
976.8805	0.9586487	977.8392	975.9219	977.1304	0.7277886	978.4555	976.069	1000.0	1000.0	972.90814	2.8252347	993.2769	951.9441	49.106922	-0.002015995	1.3921543	0.016426822	552000	5752.732671499252
977.36536	0.10806275	977.4734	977.25726	976.7614	0.7274327	978.0811	975.3414	1000.0	1000.0	967.3249	2.8929517	988.8126	949.49615	59.960228	-0.01989808	1.356334	0.009066841	554000	5776.448357582092
977.75397	0.16375732	977.9177	977.5902	976.97156	0.7378768	978.2919	976.2988	1000.0	1000.0	963.81085	2.1638284	979.0364	942.4659	93.02427	-0.0015822554	1.3182178	0.009516645	556000	5799.938733100891
976.7352	1.030304	977.7655	975.7049	977.6676	0.7223776	978.9793	976.7625	1000.0	1000.0	960.7535	2.7678583	978.55536	933.1639	63.502666	-0.00088375056	1.3836097	0.012362921	558000	5823.390244245529
977.48114	0.2539673	977.7351	977.2272	977.3207	1.1822366	979.3158	975.67834	1000.0	1000.0	962.2658	2.5757196	980.20624	939.0734	89.770874	-0.004496489	1.3559622	0.009259001	560000	5846.807857751846
976.2881	0.3786621	976.66675	975.9094	977.9313	0.5715496	978.6096	976.95636	1000.0	1000.0	957.28107	2.922938	978.2489	934.0211	90.913376	-0.0009966881	1.3649833	0.010095663	562000	5870.352054357529
978.089	0.13131714	978.22034	977.9577	977.61456	1.0341526	979.2345	976.18555	1000.0	1000.0	958.3724	2.5066154	978.6102	939.91187	63.082325	-0.00181439	1.3492801	0.013946277	564000	5893.7561185359955
978.32227	0.38537598	978.70764	977.9369	978.6253	0.83801126	979.769	976.94745	1000.0	1000.0	963.7384	2.884296	982.29913	917.32904	71.56032	-0.004400587	1.3287326	0.008858312	566000	5917.580515861511
978.1787	0.18148804	978.36017	977.9972	978.0433	0.878571	979.0844	976.36005	1000.0	1000.0	964.15765	2.182452	981.8096	941.79346	71.827675	-0.006394903	1.3294386	0.0063458323	568000	5940.989285230637
977.98254	0.08212281	978.06464	977.9004	978.5563	0.9844736	980.39154	977.0511	1000.0	1000.0	961.3111	2.4735117	977.04156	947.3338	67.82657	-0.0042071934	1.3623338	0.01581472	570000	5964.50424861908
978.7162	0.3113098	979.0275	978.4049	978.6463	0.8022893	979.77856	977.3641	1000.0	1000.0	962.02936	2.4683957	979.1988	945.32855	40.60091	-0.001628356	1.3832554	0.016376646	572000	5987.950664758682
978.74335	0.51031494	979.25366	978.23303	979.5039	0.63682705	980.7348	978.5003	1000.0	1000.0	969.3801	2.2761848	985.9981	955.0668	44.008465	-0.002440769	1.299892	0.012151584	574000	6011.409775018692
979.3887	0.7518616	980.14056	978.63684	979.8304	1.0809774	982.00085	978.3221	1000.0	1000.0	967.49176	2.7636616	986.7609	953.84955	23.678005	-0.002409891	1.3445313	0.015086305	576000	6034.687070131302
979.92456	0.6385803	980.5632	979.286	979.95294	1.1342069	981.63293	978.0461	1000.0	1000.0	979.7905	2.3746288	997.9043	964.3037	12.112994	-0.00250095	1.3801976	0.016737351	578000	6058.37685751915
980.71545	0.81307983	981.52856	979.9024	980.1141	1.0397586	982.2222	978.77734	1000.0	1000.0	980.902	2.1700077	995.9381	964.28107	7.6663804	-0.0032790247	1.3467046	0.009288535	580000	6081.923950433731
981.5191	0.07501221	981.5941	981.4441	980.9332	0.40544823	981.8215	980.19403	1000.0	1000.0	983.8459	2.029734	996.12805	969.33746	7.0013175	-0.0057564634	1.3242999	0.009359596	582000	6105.8587210178375
980.838	0.2874756	981.1255	980.55054	980.8709	0.73469514	982.2418	979.66644	1000.0	1000.0	984.84485	2.0123842	1000.14343	969.1397	23.68273	-0.0030673598	1.3702574	0.018550847	584000	6129.092787265778
981.50085	0.3017273	981.80255	981.1991	981.5836	1.0035555	983.5297	979.8915	1000.0	1000.0	982.0513	1.5078285	992.9792	971.36536	14.540632	-0.01770469	1.3089014	0.009893877	586000	6153.08762049675
982.4081	0.40634155	982.81445	982.0018	981.13855	0.5722104	982.6032	980.56964	1000.0	1000.0	980.3603	1.7781968	993.7594	966.55023	14.449181	-0.0024441748	1.3729455	0.010105337	588000	6176.474933862686
982.0116	0.072479255	982.0841	981.93915	981.6566	0.42429265	982.3979	980.88293	1000.0	1000.0	978.7388	1.7885687	991.25183	963.75183	21.427649	-0.0028051722	1.3534603	0.012068878	590000	6199.858733892441
982.13513	0.648468	982.78357	981.48663	981.7833	0.70754945	983.14594	980.7007	1000.0	1000.0	979.6002	1.7731196	991.0597	966.94464	15.994005	-0.0030804176	1.3845221	0.008940318	592000	6223.566645622253
982.12744	0.33215332	982.4596	981.7953	981.15515	0.8526347	982.9591	979.8652	1000.0	1000.0	977.97534	1.3088642	985.5862	958.17316	11.508101	-0.006030194	1.3369448	0.009137996	594000	6246.8215754032135
980.60175	0.6954956	981.29724	979.90625	981.09247	0.86119145	983.0146	979.66144	1000.0	1000.0	984.99585	1.974308	1003.59033	968.273	12.777461	-0.021692015	1.361641	0.008884619	596000	6270.685841560364
981.4361	0.6981201	982.1342	980.738	981.2876	0.84061736	982.5099	979.7228	1000.0	1000.0	980.42395	1.7036637	994.96893	971.1012	31.557037	-0.02087567	1.38658	0.008086063	598000	6294.823435783386
980.4993	0.3572998	980.8566	980.142	981.00793	1.0329092	982.58075	979.53973	1000.0	1000.0	979.49426	1.9682107	990.7696	954.3444	54.04223	-0.0042964937	1.3047591	0.0127216745	600000	6318.293611526489
981.9148	0.01712039	981.93195	981.8977	981.0996	0.6277845	982.0215	980.0937	1000.0	1000.0	973.0513	3.3884718	1008.2512	963.708	19.345053	-0.002330554	1.3700159	0.023238715	602000	6342.1211059093475
981.72284	0.31854248	982.0414	981.4043	981.77893	0.67020816	983.0392	980.7659	1000.0	1000.0	978.35236	2.3813212	996.0444	956.9852	24.533728	-0.0026857536	1.3676244	0.011448719	604000	6365.702820777893
981.98285	0.96759033	982.95044	981.01526	981.6419	0.76742846	982.4802	980.2562	1000.0	1000.0	975.02985	2.8674037	1001.70386	963.2622	12.388104	-0.004763072	1.340525	0.011750929	606000	6388.673968791962
981.6938	0.48565674	982.17944	981.2081	981.36707	0.8312788	982.609	979.69464	1000.0	1000.0	984.6965	4.18514	1015.88165	969.5807	11.242483	-0.0022574842	1.3311402	0.012109939	608000	6412.083805322647
981.9987	0.6485596	982.6473	981.35016	980.99335	1.0419552	982.62384	979.45764	1000.0	1000.0	981.5919	2.6876194	1000.89795	969.1569	16.458256	-0.0048691886	1.3159186	0.010457739	610000	6435.681490421295
980.3973	0.13580322	980.5331	980.2615	981.99286	0.8175169	983.025	979.9241	1000.0	1000.0	984.1098	2.931578	999.0453	951.5037	25.975601	-0.012203153	1.3358477	0.011412537	612000	6459.204641580582
981.66504	0.8283386	982.4934	980.83673	982.30554	1.1302824	984.2524	980.2538	1000.0	1000.0	977.3831	2.6982827	1006.42255	960.7119	21.312967	-0.016418746	1.3039644	0.011321434	614000	6482.83901143074
981.9099	0.71591187	982.62585	981.19403	981.64905	0.7873537	982.60516	980.5262	1000.0	1000.0	978.47015	2.7164445	997.7808	963.6581	24.796144	-0.02026061	1.3127587	0.009859534	616000	6506.896969079971
981.27716	0.57336426	981.8505	980.7038	981.6499	0.8891083	983.5384	980.32574	1000.0	1000.0	977.1425	2.3739376	991.25946	956.48944	71.19608	-0.00335108	1.2766843	0.011166083	618000	6530.380871295929
981.54395	0.58743286	982.1314	980.95654	981.4707	0.9686981	983.1163	979.4862	1000.0	1000.0	977.4471	2.3965533	991.503	968.3978	15.139908	-0.0032220515	1.2879593	0.014232716	620000	6553.767108440399
981.0343	0.76864624	981.8029	980.2656	980.7679	0.60117203	981.581	979.7638	1000.0	1000.0	982.5086	1.9682341	992.29395	943.9457	19.233286	5.63903e-05	1.300468	0.017129585	622000	6577.001145839691
980.94324	0.00839239	980.95166	980.9349	981.0094	1.0049413	982.40857	979.5593	1000.0	1000.0	979.4761	1.8388282	990.4083	966.6391	15.373766	-0.0036474047	1.339226	0.019577172	624000	6600.3695549964905
980.0856	0.1368103	980.22235	979.9487	980.11005	0.8857514	981.87933	979.1062	1000.0	1000.0	978.1276	2.3736644	995.8236	963.37177	36.003227	-0.00087595347	1.3819972	0.01056179	626000	6623.676426649094
980.7085	0.32791138	981.0364	980.38055	980.79803	0.8093149	982.198	979.8544	1000.0	1000.0	971.29205	2.558991	988.33295	954.4543	16.394213	-0.022149617	1.3287231	0.010599969	628000	6646.597339630127
980.79083	0.9871826	981.778	979.80365	981.2949	0.74039775	982.9372	980.1421	1000.0	1000.0	980.69025	2.5700202	997.77496	967.99475	17.835087	-0.007885386	1.3156569	0.010226634	630000	6668.703576564789
981.6932	0.6449585	982.33813	981.0482	981.0011	0.8173849	982.4457	979.4766	1000.0	1000.0	979.4684	2.2926726	993.80145	965.5379	22.192358	-0.0055456273	1.3144898	0.011886314	632000	6689.300269842148
980.1561	0.2919922	980.4481	979.86414	980.90234	0.7731743	982.1945	979.74664	1000.0	1000.0	979.8296	2.656224	999.51135	965.0696	15.323996	-0.00054893276	1.3183177	0.016856197	634000	6711.964232206345
982.5793	0.4781494	983.05743	982.10114	981.64343	0.7642561	982.6783	980.26337	1000.0	1000.0	977.7803	3.0529072	998.1974	969.857	20.58693	-0.005162166	1.335375	0.008488453	636000	6735.651998996735
981.9768	0.6023865	982.57916	981.3744	982.15466	0.90587187	983.6409	980.77155	1000.0	1000.0	981.82886	2.4928005	996.21	969.7601	10.874364	-0.0030944522	1.2965553	0.010503866	638000	6759.173742771149
981.9331	0.66918945	982.6023	981.2639	981.1968	0.86895823	982.1609	979.6464	1000.0	1000.0	983.9048	2.3266304	1000.58936	970.8199	16.046412	-0.0024512669	1.3773799	0.015866462	640000	6782.533068656921
980.7125	0.45547485	981.16797	980.257	980.7834	0.8421136	982.1579	979.3767	1000.0	1000.0	979.7494	4.4521184	1020.79395	963.23755	17.012981	-0.006909086	1.3071632	0.0111200195	642000	6805.886380434036
981.4081	0.18225098	981.59033	981.2258	981.23065	0.65335464	982.6596	980.4903	1000.0	1000.0	978.28064	3.3750238	997.0692	963.94946	27.413502	-0.02102597	1.2908162	0.00707036	644000	6829.297089099884
981.2805	0.7576599	982.03815	980.5228	981.0667	0.92681825	982.80994	979.53436	1000.0	1000.0	977.95264	3.8140326	1002.7526	962.7468	15.061804	-0.018381868	1.3517925	0.009810175	646000	6852.7356634140015
981.85095	0.17044067	982.02136	981.6805	981.19904	0.6256426	982.4795	980.30133	1000.0	1000.0	979.3505	2.8622143	995.98645	961.51776	26.101755	-0.02050111	1.3458359	0.007959795	648000	6876.52681684494
980.7701	0.31829834	981.0884	980.4518	980.9948	0.7478283	982.4939	980.0288	1000.0	1000.0	976.9108	3.4221542	996.98676	961.3172	13.213434	-0.017120963	1.3075814	0.009669293	650000	6900.144307851791
981.2445	0.174469	981.419	981.07007	980.68225	0.7224305	981.9592	979.49	1000.0	1000.0	979.8916	2.8353355	996.1819	965.0621	13.405905	-0.0042419797	1.3275257	0.013192188	652000	6923.381192207336
981.6793	0.77160645	982.4509	980.9077	980.5179	0.830791	981.79083	979.3371	1000.0	1000.0	979.9685	3.0865767	1002.4718	971.3221	18.959967	-0.0038660083	1.3743265	0.012737243	654000	6946.782534122467
979.7406	0.22805786	979.9686	979.5125	980.0011	0.6806046	981.07227	979.0222	1000.0	1000.0	982.02875	2.8283153	999.964	966.73505	19.491825	-0.018762639	1.3729255	0.010826176	656000	6970.807203769684
980.70074	0.39898682	981.09973	980.30176	887.3666	277.7535	981.1934	54.110004	1000.0	908.8	978.6397	4.9141097	1013.47003	962.05	27.792685	-0.0038047873	1.3867736	0.0098025575	658000	6992.986515045166
980.5723	0.2423706	980.8147	980.32996	793.5795	372.91824	981.8219	36.97878	1000.0	816.5	975.1485	9.749091	1008.6535	820.4447	33.86458	-0.0067723906	1.3440228	0.009331238	660000	7013.53354549408
980.321	0.5584717	980.87946	979.7625	791.3813	375.55527	980.3664	34.29161	1000.0	814.8	982.54126	6.0237856	1013.33704	963.23364	45.621582	-0.0025264095	1.3597655	0.019311966	662000	7033.862382411957
978.7105	0.25280762	978.9633	978.4577	884.005	284.36893	980.08026	30.902342	1000.0	906.4	975.86	5.654216	1010.3867	950.9192	57.428444	-0.019775543	1.35755	0.011483727	664000	7056.267492771149
355.72043	439.92657	977.62445	29.615084	789.94366	377.6645	980.9643	30.238426	386.0	813.7	968.7252	6.522357	997.2371	934.97974	36435.895	-0.008843915	1.3278328	0.012239539	666000	7076.618304491043
980.1984	0.47253418	980.67096	979.7259	884.5736	281.8932	979.52893	38.897644	1000.0	907.3	944.54083	76.04952	1049.6273	417.58426	1571.073	-0.0037828442	1.3630128	0.0063858195	668000	7098.666837453842
978.06665	0.38119507	978.4479	977.6855	978.0256	0.7994172	979.43085	977.00726	1000.0	1000.0	916.76935	9.237594	967.158	840.7121	729.9578	-0.0024731064	1.3943679	0.025628133	670000	7122.197848558426
978.7981	0.13522339	978.93335	978.6629	885.7889	275.66232	979.38776	58.806797	1000.0	909.3	900.8707	9.52971	957.9605	831.4503	782.70544	0.0033112937	1.4041058	0.026354441	672000	7144.265479803085
975.90796	0.1064148	976.01434	975.8015	789.66846	375.3751	978.9117	18.246077	1000.0	814.6	893.8196	11.577184	985.02014	815.12177	790.05505	-0.0010912679	1.3302749	0.010384714	674000	7164.385031700134
977.7727	0.8534851	978.62616	976.9192	885.89075	274.17923	978.13995	63.35601	1000.0	909.7	886.3903	14.631947	970.2201	823.83563	784.3916	-0.004276024	1.3514785	0.012424096	676000	7186.006287097931
976.01733	0.10284424	976.1202	975.9145	976.7536	0.8928788	978.0691	975.0875	1000.0	1000.0	884.08795	13.789558	983.8805	817.5007	802.5463	-0.014253926	1.3615212	0.010064379	678000	7209.553611278534
977.0019	0.19146729	977.19336	976.8104	976.7202	0.71427965	977.9736	975.76215	1000.0	1000.0	884.36664	8.940284	949.47156	835.1728	702.37366	-0.0022800562	1.342	0.009390222	680000	7232.95295548439
976.2582	0.64938354	976.90753	975.60876	976.1151	0.7686403	977.34717	974.6958	1000.0	1000.0	896.2321	9.171082	972.1564	846.60724	648.7023	-0.007204068	1.3907523	0.010428432	682000	7256.469655275345
503.40668	472.5645	975.9712	30.842152	882.0496	284.59488	977.61456	28.266226	532.5	906.1	899.7255	16.242281	972.3615	774.6553	13019.227	-0.0040177954	1.3206766	0.011067954	684000	7278.646029949188
976.2612	1.1123962	977.37366	975.14886	976.28876	0.6415396	977.31506	975.1559	1000.0	1000.0	894.5802	60.403748	1167.0427	419.5628	1368.8054	-0.016785068	1.3780248	0.008418894	686000	7302.284725189209
504.35037	472.75583	977.1062	31.59455	786.7232	380.12207	977.76355	26.097246	532.5	812.3	881.79443	20.787624	956.8183	524.213	9959.709	-0.010965201	1.3607339	0.021140955	688000	7322.548114061356
977.0873	0.32369995	977.41095	976.76355	976.30676	0.71812236	977.2651	974.8633	1000.0	1000.0	872.29175	57.844086	1008.5791	294.2729	1806.6989	-0.00047230013	1.393045	0.012398685	690000	7345.893126249313
976.9392	0.6174011	977.5566	976.3218	976.70276	1.0574619	978.2777	974.7576	1000.0	1000.0	862.9916	17.661617	960.6328	546.1249	1295.276	-0.0014585042	1.3218832	0.019100016	692000	7369.504402637482
976.3262	0.010345504	976.33655	976.31586	977.2909	0.7749053	978.32025	976.2049	1000.0	1000.0	860.72363	13.486564	941.4872	787.0828	1161.8401	-0.003335869	1.3409264	0.009864061	694000	7392.826858043671
976.7054	0.79364014	977.499	975.91174	882.82733	282.52243	978.27966	35.263924	1000.0	906.8	863.0054	11.073093	933.56445	804.57324	1045.6399	-0.0033858735	1.3455426	0.01178212	696000	7414.5694036483765
976.09973	0.4178772	976.5176	975.6818	882.2333	283.5441	977.776	31.603275	1000.0	906.6	876.9053	12.819036	995.2372	819.9754	739.684	-0.0065844264	1.3009392	0.00913317	698000	7436.2454652786255
500.91104	474.37744	975.2885	26.533598	500.17798	476.46667	977.47644	3.0955706	530.0	528.7	887.3492	55.7733	960.55743	89.852745	8667.141	0.0030829262	1.357831	0.0118018165	700000	7452.10147356987
497.61255	480.1405	977.75305	17.472052	882.81824	282.3281	978.3308	35.83607	525.5	906.8	871.9884	122.30145	989.66815	-276.98965	8812.929	0.018294258	1.3446534	0.03184978	702000	7473.927450180054
977.16473	0.1541748	977.3189	977.01056	882.5924	282.0362	977.4821	36.485874	1000.0	906.8	853.769	39.094448	966.1485	514.5775	2452.8398	0.020849194	1.341163	0.02104751	704000	7495.895588159561
977.5181	0.41381836	977.93195	977.1043	977.18097	0.6493175	978.6911	976.2325	1000.0	1000.0	825.69507	18.481459	939.4873	732.58276	1933.1414	0.0018364134	1.3851715	0.027397305	706000	7519.027735710144
976.6668	0.46636963	977.1332	976.20044	787.2494	379.20856	978.6126	25.067165	1000.0	812.8	830.817	18.612438	935.484	753.6711	1479.7662	0.008638737	1.3482767	0.017496953	708000	7539.36349773407
976.77954	0.27609253	977.0556	976.5034	976.43097	0.6750333	977.23627	975.25366	1000.0	1000.0	850.7784	17.387964	988.57263	780.56537	1236.3375	0.00092312554	1.4028301	0.014704667	710000	7562.844677448273
976.5144	0.7420654	977.2565	975.77234	976.54785	1.0687482	978.55505	974.6208	1000.0	1000.0	856.66144	14.173744	947.03076	785.08374	1164.5251	-0.0037917115	1.3689352	0.0101945475	712000	7586.233852863312
975.00024	0.09277344	975.093	974.9075	976.5179	0.48724523	977.8098	975.9316	1000.0	1000.0	868.4275	13.480734	962.3196	805.0001	926.9706	-0.0038815245	1.3628007	0.010521381	714000	7609.792156457901
976.9316	0.2687378	977.2003	976.66284	976.51135	1.0824344	978.67786	974.70404	1000.0	1000.0	879.01276	11.183527	949.47675	842.49677	649.94836	-0.00351953	1.3345492	0.0108331125	716000	7633.327557563782
975.7174	0.08480836	975.80225	975.6326	975.8758	0.928774	978.2233	974.6782	1000.0	1000.0	899.1632	7.5886903	949.45514	847.0461	655.5579	-0.0025586537	1.315726	0.008593315	718000	7656.950757741928
975.0676	1.0506287	976.1182	974.01697	975.6621	0.8327413	977.0847	974.3701	1000.0	1000.0	900.5345	9.877767	959.1394	850.96063	523.4618	8.5703134e-05	1.3407847	0.022635631	720000	7680.797700166702
974.10016	0.75909424	974.85925	973.34106	878.68146	289.76	975.81134	9.401933	1000.0	904.3	911.456	10.836509	1010.5186	828.5283	422.27667	-0.0018229069	1.3240557	0.010168791	722000	7703.060551166534
974.65314	0.7091675	975.3623	973.944	975.67834	0.66907007	976.7267	974.59393	1000.0	1000.0	918.1636	11.197607	1004.7321	866.7252	405.87225	-0.0047057625	1.3105341	0.00933299	724000	7726.61322593689
974.1284	0.7467346	974.8751	973.38165	974.7025	0.82593507	975.70105	973.27985	1000.0	1000.0	915.0446	7.473514	966.6394	860.4353	506.53525	-0.003240292	1.3034307	0.009907078	726000	7750.170522689819
974.31934	0.48379517	974.8031	973.8355	975.0172	0.52685004	975.72034	974.1221	1000.0	1000.0	909.3695	8.296651	959.656	859.2548	485.34726	-0.007744213	1.3296069	0.008399359	728000	7773.517404794693
974.7299	0.30010986	975.03	974.4298	974.35516	0.70762306	975.6491	973.10675	1000.0	1000.0	910.7178	7.0990915	958.2106	868.9998	406.47748	-0.008142178	1.32857	0.011189978	730000	7796.913731098175
975.12854	0.4855652	975.6141	974.64294	975.01904	0.8466007	976.40356	973.6546	1000.0	1000.0	919.41974	7.6632385	970.5891	887.1164	309.6398	-0.0066442946	1.3540212	0.007519866	732000	7820.226948976517
974.1431	1.5033569	975.6465	972.6398	975.0465	0.78025323	976.661	974.06555	1000.0	1000.0	927.3551	5.8728867	969.8991	893.1934	287.49277	-0.0005759189	1.353645	0.011145514	734000	7843.635581254959
973.7035	0.27450562	973.97797	973.42896	974.58386	1.0958712	976.2729	972.8726	1000.0	1000.0	929.3705	5.537171	989.7313	894.1631	269.84775	-0.009606943	1.3423265	0.011519761	736000	7867.258437156677
974.1953	0.029174805	974.2245	974.16614	974.95374	0.6399626	976.0429	973.7605	1000.0	1000.0	934.0483	5.6452284	969.3743	907.92413	217.25797	-0.018453186	1.3024551	0.011162038	738000	7890.859706878662
975.8445	0.2642517	976.1087	975.5802	974.1465	0.7268113	975.26917	972.47156	1000.0	1000.0	937.01984	4.4427075	963.68866	916.0038	148.29082	-0.006325835	1.3284341	0.009655837	740000	7914.241036891937
976.2564	0.64471436	976.9011	975.6117	974.4295	0.96283007	975.8333	972.8076	1000.0	1000.0	948.761	4.513069	976.04626	929.7323	109.417984	-0.004499427	1.2977362	0.020931415	742000	7937.613576173782
973.5512	0.12188721	973.6731	973.4293	973.72736	1.0906961	976.1912	972.1793	1000.0	1000.0	953.2621	4.53907	984.1423	925.34064	124.511795	-0.002870671	1.3533003	0.00983186	744000	7961.111036062241
974.07275	1.0769348	975.14966	972.9958	878.5218	287.96902	975.3377	14.617272	1000.0	905.0	950.8855	8.343476	1011.35144	895.79236	112.64292	0.00016631604	1.3301172	0.01852483	746000	7983.033080339432
973.9447	0.39608765	974.3408	973.54865	974.2578	0.9338604	975.59894	972.73724	1000.0	1000.0	953.1015	5.664001	989.96906	928.7801	125.92244	-0.005944779	1.292551	0.010488701	748000	8006.569868803024
974.1919	0.10665894	974.2986	974.08527	973.5757	0.7327632	974.4846	971.75116	1000.0	1000.0	950.3895	4.4178777	983.3703	917.93445	146.0699	0.0008197931	1.3140835	0.0137163475	750000	8029.970843553543
973.34644	0.11026002	973.4567	973.2362	973.93115	1.1931744	976.19385	971.44293	1000.0	1000.0	948.8253	5.442447	982.3167	918.01636	148.10051	-0.002975146	1.3506836	0.007924218	752000	8053.142310380936
973.56793	0.6124878	974.1804	972.95544	974.1126	1.1567813	976.4501	971.98376	1000.0	1000.0	946.2654	8.579872	981.2272	866.59796	136.48523	-0.005414646	1.3131073	0.011013241	754000	8076.558867454529
974.6162	0.65283203	975.26904	973.9634	974.7085	1.2969416	977.8603	972.75464	1000.0	1000.0	948.30426	4.6712685	980.1262	932.7638	97.47563	-0.007616947	1.3063447	0.010211283	756000	8099.91836810112
975.2193	1.2617798	976.4811	973.9575	973.8639	0.55597025	974.6285	972.8115	1000.0	1000.0	957.68915	5.4168415	992.9063	922.1087	82.16386	-0.0068018176	1.3025957	0.01097375	758000	8123.372576236725
973.5549	0.87677	974.43164	972.6781	973.5711	0.6006603	974.70764	972.4084	1000.0	1000.0	956.7534	5.8729434	1002.5559	932.3117	99.55797	-0.017253669	1.3188739	0.010481698	760000	8146.782793045044
974.1998	0.1993103	974.3991	974.0005	973.29346	1.0555011	974.85455	971.2436	1000.0	1000.0	955.3729	5.481626	985.9527	930.14056	90.12927	-0.008690106	1.3478122	0.008858954	762000	8170.162588596344
972.4912	0.53286743	973.02405	971.9583	973.01044	1.1488957	974.6511	970.2075	1000.0	1000.0	955.629	5.780504	988.00446	927.76324	105.551414	-0.0040736697	1.342475	0.0107459705	764000	8193.326098442078
972.6422	1.3978882	974.0401	971.2443	877.6457	281.72134	972.7454	32.483513	1000.0	906.6	954.9249	5.355831	987.3691	930.265	103.53794	-0.015035108	1.2836314	0.009649309	766000	8215.212337732315
521.9622	449.75113	971.7134	72.211105	971.576	1.1074677	972.8908	969.65454	553.0	1000.0	950.75574	8.458456	981.5056	874.7855	22950.725	-0.004117195	1.3184183	0.008687705	768000	8238.630059242249
972.89636	0.5232239	973.4196	972.37317	972.1084	1.4569181	974.039	968.9569	1000.0	1000.0	928.88226	48.185745	1178.8019	530.9439	634.9156	-0.0026686077	1.293317	0.015322518	770000	8261.967688083649
971.5985	0.9871216	972.58563	970.6114	972.39404	1.3516313	974.84625	970.4864	1000.0	1000.0	935.3613	8.606594	1009.26917	888.6888	152.00578	-0.023401817	1.2954684	0.010652484	772000	8285.859909534454
971.90515	0.81481934	972.72	971.09033	971.9377	1.0591972	973.77216	969.7464	1000.0	1000.0	956.27435	6.4976525	991.522	799.4126	72.28966	-0.017281221	1.2559878	0.010065285	774000	8309.404606103897
970.43713	0.42034912	970.8575	970.0168	971.5672	1.5184091	973.9779	969.6735	1000.0	1000.0	966.1595	6.9666214	1123.542	904.7933	72.77627	-0.0070064845	1.2700038	0.01202175	776000	8332.666593551636
973.52795	0.6788635	974.20685	972.8491	972.7576	0.9216579	974.0714	971.36346	1000.0	1000.0	968.5489	4.974117	1000.14197	929.7565	42.538734	-0.003893481	1.2585583	0.013001125	778000	8356.173825979233
972.5166	0.82614136	973.3427	971.6904	972.9198	0.8602446	974.139	970.80383	1000.0	1000.0	975.1634	4.2298594	1022.272	936.0247	35.233406	-0.0095062805	1.2915028	0.011462334	780000	8379.700926303864
972.8175	0.66552734	973.48303	972.152	973.6735	0.6581072	974.567	972.2824	1000.0	1000.0	974.8606	4.560162	997.80457	915.2146	35.89942	-0.02506112	1.289779	0.009925704	782000	8403.50898718834
973.72284	1.2104492	974.9333	972.5124	974.1784	0.89440215	975.23035	972.8739	1000.0	1000.0	973.0147	3.8305662	992.48517	914.74164	33.977287	-0.016743015	1.246434	0.009995348	784000	8427.13420534134
974.3251	0.33520508	974.6603	973.98987	973.4992	1.3100866	975.51605	971.21967	1000.0	1000.0	972.6719	3.5035985	991.3757	939.2435	36.16004	-0.02545586	1.2546109	0.009083772	786000	8451.025429010391
973.2997	0.5583496	973.85803	972.74133	974.05115	1.6432409	976.4278	970.90857	1000.0	1000.0	973.1468	3.8918731	1011.5842	934.89465	41.507877	-0.02281446	1.2148871	0.010747266	788000	8474.5505900383
973.19653	0.8569336	974.05347	972.3396	973.4657	0.9764108	974.72925	971.5662	1000.0	1000.0	969.81024	3.3168783	990.8057	942.17175	56.127186	-0.0047367923	1.2383902	0.014866989	790000	8497.926427841187
973.8343	1.3164673	975.15076	972.5178	973.4046	0.57795346	974.2699	972.57855	1000.0	1000.0	966.89087	3.5591943	985.16376	935.06476	61.651173	-0.0018530756	1.2013941	0.018392256	792000	8521.355996608734
972.88666	0.072143555	972.9588	972.8145	973.5378	0.9259927	974.91156	971.8404	1000.0	1000.0	966.8045	3.9070833	996.1643	914.2052	63.152477	-0.0018827736	1.2725341	0.016230531	794000	8544.780830860138
974.4513	0.27346802	974.72473	974.1778	973.6408	0.86427116	975.0534	972.13245	1000.0	1000.0	963.0552	3.1981966	984.3521	941.6496	72.660736	-0.007615987	1.2164699	0.011176619	796000	8568.113483905792
971.98987	0.59762573	972.58746	971.3922	973.7334	0.45263562	974.592	973.16187	1000.0	1000.0	965.9915	3.8339055	998.61346	938.4426	58.950645	-0.011946147	1.240836	0.009779511	798000	8591.761512994766
971.94946	0.24865723	972.1981	971.7008	972.87146	0.879809	974.14856	971.18335	1000.0	1000.0	963.4938	3.8057067	992.3115	939.6445	94.56822	-0.006446113	1.1896039	0.008306818	800000	8615.381962060928
973.01025	0.33535767	973.3456	972.67487	972.5907	1.4017856	975.50775	970.416	1000.0	1000.0	962.726	8.786816	1014.6732	854.41833	103.0139	-0.0038408763	1.2097791	0.018129136	802000	8639.217731237411
972.4873	0.40670776	972.89404	972.0806	973.9762	1.2171	976.5114	971.88745	1000.0	1000.0	960.26624	5.937395	996.4316	932.3378	77.57481	-0.004238205	1.2099038	0.01136929	804000	8662.356339216232
974.4065	0.8312073	975.23773	973.5753	973.7547	0.91935444	975.37866	972.4845	1000.0	1000.0	958.34357	4.181374	992.689	930.2618	76.99559	-0.0038591446	1.2622378	0.015096857	806000	8685.540905237198
974.0809	0.64294434	974.7238	973.4379	973.74023	1.149268	976.1499	971.94586	1000.0	1000.0	958.3551	4.187433	981.8297	934.9768	67.87356	-0.0063126814	1.1787812	0.011931169	808000	8709.052303314209
972.8182	0.060668945	972.87885	972.7575	883.21075	272.35428	975.3539	66.154205	1000.0	909.8	961.954	4.0752034	984.16626	930.57996	74.55624	-0.007219178	1.2102327	0.010662869	810000	8731.020674467087
973.8363	1.1022644	974.93854	972.734	973.5917	0.8711472	975.2714	972.4795	1000.0	1000.0	958.21124	4.111494	982.20044	922.20197	95.92778	-0.00575098	1.1898298	0.014921946	812000	8754.42709350586
521.5405	453.4735	975.01404	68.06704	972.8021	1.5448973	976.479	971.3677	550.5	1000.0	956.0866	8.577042	1002.75073	876.9461	24657.756	-0.00530563	1.250496	0.024514042	814000	8777.792659044266
519.19946	454.92795	974.12744	64.271545	972.9247	1.1683344	974.9956	971.2875	548.5	1000.0	919.28094	125.88983	1387.6733	41.80661	14076.914	-0.0019619288	1.2509452	0.020592112	816000	8801.028851270676
973.3909	0.19421387	973.58514	973.1967	973.909	1.0115311	975.5449	972.7885	1000.0	1000.0	905.39233	57.416744	940.7126	406.54468	1173.4417	0.0030313546	1.2231886	0.014633647	818000	8824.514771223068
972.5201	0.74017334	973.26025	971.7799	974.277	1.6749984	976.56104	971.77795	1000.0	1000.0	896.8774	9.447438	951.7868	855.6513	462.45294	-0.0057396614	1.2072017	0.011198269	820000	8847.86063671112
973.8541	0.7676697	974.62177	973.0864	973.866	1.0929182	975.7172	972.065	1000.0	1000.0	916.57336	7.981957	965.1963	893.74457	271.89713	-0.014728117	1.2301251	0.010892636	822000	8871.265698671341
975.02075	1.0568237	976.0776	973.9639	973.82	0.78142065	975.22076	972.6406	1000.0	1000.0	932.12573	6.429312	970.4182	917.1548	213.07101	-0.0051906584	1.1942649	0.012068237	824000	8894.903673171997
973.2661	0.29464722	973.5608	972.9715	973.3576	1.1521125	975.72833	971.65076	1000.0	1000.0	945.6122	5.515637	978.7673	913.93555	116.03343	-0.003888737	1.2341638	0.016408442	826000	8918.186867237091
973.44653	0.24563599	973.69214	973.20087	973.1463	1.8546427	977.36835	970.83575	1000.0	1000.0	955.3793	4.403525	980.51685	927.03534	73.65151	-0.0037516537	1.2616616	0.010812132	828000	8941.3534886837
972.3217	0.7040405	973.02576	971.6177	971.758	1.372243	973.59784	969.07764	1000.0	1000.0	963.5761	4.893578	987.3781	929.2999	101.990166	-0.00584736	1.2201588	0.010478911	830000	8964.5808365345
972.1734	0.38250732	972.5559	971.7909	972.3887	1.3705151	974.18665	969.64746	1000.0	1000.0	953.99664	4.6059027	977.3114	923.2645	95.21391	-0.006159801	1.2132047	0.01289172	832000	8988.054383039474
972.32947	0.05642701	972.38586	972.273	972.9035	1.9268104	976.0441	969.74036	1000.0	1000.0	957.3844	6.108019	1024.3854	921.179	96.23668	-0.018083403	1.2103442	0.011381587	834000	9011.789209127426
520.5621	451.7772	972.3393	68.7849	971.7977	1.9024884	974.40173	968.39557	550.5	1000.0	948.0601	32.772163	1015.4383	677.75024	23666.266	-0.008218182	1.2697908	0.015274752	836000	9035.48418879509
971.75653	1.7539673	973.5105	970.00256	787.9043	366.1707	974.2115	51.96843	1000.0	817.9	936.8419	71.02959	1024.2289	555.85175	843.2726	-0.0015139425	1.2285115	0.008712247	838000	9055.917568206787
521.4543	449.63196	971.08624	71.82234	881.3495	272.52185	973.8814	63.79351	552.5	909.7	924.9947	17.34974	978.5662	743.92975	22078.69	0.00061261916	1.2798581	0.015980743	840000	9078.038626432419
973.0866	2.0203247	975.10693	971.0663	973.0205	1.0751152	974.71234	970.99646	1000.0	1000.0	914.0924	47.647606	979.7619	373.8399	988.7018	0.0027621246	1.2472475	0.011721993	842000	9101.3099193573
972.369	0.019317651	972.38837	972.34973	972.9437	1.7011437	975.80347	969.8175	1000.0	1000.0	907.30096	17.161613	997.5373	723.588	376.8163	-0.0035714826	1.2318684	0.015769191	844000	9124.761680364609
971.1598	1.1319885	972.29175	970.0278	882.19806	273.22647	974.23	62.521072	1000.0	909.6	931.50037	8.941879	974.4937	831.0649	196.39188	-0.002246264	1.2172258	0.017212048	846000	9146.913198709488
972.3008	1.5435181	973.8443	970.75726	970.506	1.7325277	973.78296	968.4224	1000.0	1000.0	939.2319	7.923583	993.9992	895.6381	134.07231	-0.005013469	1.223043	0.010321131	848000	9170.44532752037
971.41614	0.8435364	972.2597	970.57263	879.7235	273.73425	973.07025	58.52771	1000.0	909.3	949.52875	7.29455	1059.4244	917.8813	77.9329	-0.002117405	1.1552644	0.009511916	850000	9192.405081987381
255.42952	358.9767	972.4658	55.665546	519.81476	450.2613	971.1624	57.47251	288.2	551.7	935.3967	96.935616	996.1703	68.25633	58954.363	0.0026461	1.2496748	0.019352382	852000	9208.534255743027
968.9508	2.4888916	971.4397	966.4619	879.13135	273.2882	973.5854	59.28351	1000.0	909.3	897.59515	141.17282	1063.0828	103.36174	5644.962	-0.0065599275	1.199265	0.007750354	854000	9230.602032661438
969.3541	0.8426819	970.19684	968.5115	880.20184	270.49817	973.44495	68.72044	1000.0	910.1	846.42926	26.451693	926.5867	405.921	2251.5051	0.0017636814	1.2120948	0.022112204	856000	9252.27493262291
969.22845	0.42633057	969.6548	968.8021	970.9098	1.930332	974.27216	968.14166	1000.0	1000.0	823.8962	16.586943	909.87354	732.4975	1918.4707	-0.00018831583	1.2436553	0.011556812	858000	9275.560757398605
970.7085	0.6260681	971.3346	970.08246	970.859	1.241587	972.96875	968.5306	1000.0	1000.0	824.6625	16.346071	908.84344	749.65814	1498.8356	0.00058931444	1.1039326	0.018286364	860000	9298.747007369995
969.70215	0.5248108	970.2269	969.1773	970.6335	0.76019126	971.6543	969.3054	1000.0	1000.0	845.90063	17.456	938.9503	776.1901	1115.2224	0.0049724337	1.2130231	0.02396236	862000	9322.148293495178
970.8129	0.4753418	971.28827	970.3376	970.3766	1.0996398	972.28253	968.26373	1000.0	1000.0	861.85016	14.074922	958.5442	805.273	1020.3405	0.008480622	1.2070572	0.03167314	864000	9345.306480407715
971.5271	2.6252136	974.1523	968.90186	970.217	1.5065764	972.76794	967.2738	1000.0	1000.0	873.7879	14.318645	971.8686	783.96936	881.77576	0.01083114	1.1758789	0.025542233	866000	9368.913828611374
971.93823	0.55532837	972.4936	971.38293	880.83154	270.043	974.34564	70.726295	1000.0	910.4	881.9597	13.306418	951.2077	827.8425	609.6117	0.002036956	1.2040323	0.014197274	868000	9390.701763868332
969.80176	0.0010375977	969.8028	969.8007	970.33417	1.7710541	973.66406	967.60614	1000.0	1000.0	895.9672	12.313466	958.0894	848.74994	542.4464	-0.00012157151	1.194605	0.014399886	870000	9414.262025594711
970.3839	1.3448181	971.72876	969.0391	425.5511	443.511	972.6372	54.48066	1000.0	458.5	902.8856	15.811542	983.4647	786.3484	457.85855	-0.0035129762	1.1687571	0.010962236	872000	9428.742675065994
170.08199	301.68292	967.6554	38.811924	333.05963	415.89124	968.7095	39.099228	202.875	365.6	918.2795	28.446306	981.98096	751.5163	77151.05	-0.0034029048	1.2105575	0.020724054	874000	9441.997761011124
506.3891	462.87946	969.26855	43.509647	602.03357	450.62402	971.79065	35.075405	537.5	633.2	813.73425	207.33524	1121.0144	-42.442627	17825.184	-0.0007237816	1.198487	0.018145595	876000	9459.468559980392
968.2809	0.574646	968.8555	967.70624	788.14215	365.23987	974.67773	57.531807	1000.0	818.4	811.73425	60.35964	900.5387	283.1559	4447.8003	-0.0005122619	1.1872156	0.013437567	878000	9479.860675573349
968.74634	1.7992859	970.5456	966.947	790.6957	359.97305	975.0523	65.48622	1000.0	820.8	811.1719	24.635595	885.633	638.4423	2480.6792	-0.025759954	1.1703448	0.010534205	880000	9500.789762735367
518.9738	451.2373	970.2111	67.73654	785.7012	367.30344	974.1463	40.360413	549.5	816.9	823.44727	20.912796	907.567	618.8474	24572.27	-0.006641768	1.1269996	0.010554531	882000	9521.300342798233
970.45374	0.38082886	970.83453	970.0729	970.7578	3.5254838	978.53864	966.4388	1000.0	1000.0	813.0615	82.14487	927.149	367.59637	3308.911	-0.0025388303	1.2182523	0.00938596	884000	9544.547910451889
968.12585	0.9122009	969.0381	967.2137	971.7588	2.7294717	976.2012	968.56635	1000.0	1000.0	843.4324	15.57702	894.6443	645.9997	1250.2974	-0.013378729	1.1708931	0.009812349	886000	9568.095565080643
970.7391	1.829956	972.56903	968.9091	879.1882	280.31934	975.6497	38.248768	1000.0	907.1	861.1855	14.108785	937.64606	799.61896	890.6452	-0.0058882637	1.1517481	0.011491964	888000	9589.819123506546
970.52673	0.7807312	971.30743	969.746	970.85535	2.7037795	975.29205	967.8183	1000.0	1000.0	880.6876	14.470575	975.3868	841.07574	638.46606	-0.004486741	1.1684366	0.0077041523	890000	9613.263753652573
969.16864	0.52337646	969.692	968.64526	971.68164	2.4302986	975.80444	968.57996	1000.0	1000.0	896.98236	13.373784	952.90314	667.647	505.91162	-0.002654985	1.1927686	0.016249325	892000	9636.834550619125
973.5304	0.77627563	974.30664	972.7541	970.44366	1.8007052	973.82574	967.5387	1000.0	1000.0	909.3672	11.540232	956.6012	876.64526	382.09796	-0.0016102837	1.178441	0.010580584	894000	9660.261615276337
968.8557	1.5154114	970.37115	967.34033	968.48193	1.4759264	971.22296	966.7918	1000.0	1000.0	920.2494	12.805842	988.42487	849.66626	425.8934	-0.0070292205	1.1317661	0.0126572	896000	9683.257588863373
969.074	1.0669861	970.141	968.007	969.67706	2.172202	972.8948	966.1273	1000.0	1000.0	919.082	10.321623	962.40686	856.14185	324.35294	-0.006614425	1.205137	0.010714722	898000	9706.730489492416
504.62036	461.47745	966.0978	43.142925	789.3206	359.0283	974.65674	68.729225	537.5	821.0	923.5118	17.300522	985.9891	771.52576	18602.76	-0.0024575172	1.1836678	0.012830187	900000	9727.023619174957
970.89325	1.8150024	972.70825	969.07825	875.6504	280.06235	973.31964	35.492413	1000.0	906.7	912.8186	53.52759	993.79816	522.2561	1301.0833	-0.0069812653	1.1556435	0.011312067	902000	9748.7219851017
968.11664	3.6201172	971.73676	964.4965	967.7743	2.04539	970.67694	964.599	1000.0	1000.0	900.28534	14.73066	946.96954	844.9409	681.6649	0.003176733	1.1632328	0.022049926	904000	9771.985072851181
969.71924	0.10357666	969.8228	969.61566	876.8366	271.8964	970.45447	61.164608	1000.0	909.5	899.5757	9.886537	947.99115	845.8227	412.85733	0.0074958177	1.2103353	0.026245106	906000	9793.90921330452
968.0835	1.3746643	969.4581	966.7088	966.9796	1.6354818	968.63434	963.5132	1000.0	1000.0	915.1123	10.730624	957.5915	824.10406	393.20157	0.0074728765	1.2363638	0.042219434	908000	9817.457190036774
184.55954	320.08044	967.86084	35.317165	512.7713	455.819	972.9371	34.018127	217.14285	545.0	909.5409	37.867348	979.14667	632.6676	58729.324	0.013813716	1.1846597	0.052775994	910000	9833.683630943298
511.6091	456.47055	968.07965	55.13856	326.83075	420.19708	971.3722	34.025936	545.0	358.9	831.3045	200.70557	1034.4038	-46.890038	18882.637	0.021788288	1.15843	0.026235202	912000	9846.491953611374
965.45776	0.3551941	965.813	965.1026	688.59485	425.8845	970.35815	33.997204	1000.0	721.0	814.76105	74.85034	994.05347	292.78586	4151.258	0.010824309	1.1264498	0.01727865	914000	9865.267715215683
202.90617	343.70462	970.74677	34.422832	505.99066	462.02768	973.2493	37.510204	234.83333	537.9	804.67804	60.120018	870.64624	312.67062	52447.594	0.0071400166	1.235456	0.0364544	916000	9881.170033931732
351.31494	435.66888	967.44	41.379322	874.8369	276.80396	969.77423	44.43975	383.33334	907.6	732.7738	181.73102	938.79645	38.96003	20786.223	0.013918441	1.2428081	0.015734002	918000	9902.92855811119
968.7948	1.2513733	970.04614	967.5434	968.79083	2.062308	972.39484	965.32874	1000.0	1000.0	743.6681	59.263626	806.6886	337.0551	6067.3135	-0.010077099	1.2219934	0.009491148	920000	9926.315134763718
502.34573	463.38165	965.7274	38.964073	784.0762	370.70663	974.45636	42.35903	535.5	815.0	747.78265	44.70228	859.1692	397.00092	14616.433	-0.006174629	1.1537822	0.009798854	922000	9946.709469556808
968.7528	1.9568176	970.70966	966.796	690.9722	423.10043	972.17676	40.8192	1000.0	723.0	782.0695	41.692204	839.45197	504.73544	3333.8628	-0.010866361	1.1559124	0.010125342	924000	9965.499476671219
973.3034	2.4510498	975.75446	970.85236	968.3236	3.130634	974.4297	964.0897	1000.0	1000.0	813.39325	15.769664	870.84125	700.3938	1738.7543	-0.009503811	1.181566	0.0093450695	926000	9988.79158949852
966.0407	0.26330566	966.304	965.7774	782.8159	369.1439	971.6262	38.62718	1000.0	815.1	848.25214	13.8672	908.9649	773.6422	1122.7109	-0.0028898888	1.2230284	0.011962969	928000	10009.212491512299
968.8015	3.3597717	972.16125	965.4417	968.1537	2.4571893	974.1715	965.4262	1000.0	1000.0	873.04236	11.941578	932.3311	823.45825	722.5297	-0.008523998	1.181153	0.011235358	930000	10032.817415237427
967.3425	3.2847595	970.62726	964.05774	966.30457	1.8073919	968.93884	963.9874	1000.0	1000.0	893.98145	11.7356415	961.4192	769.9344	625.97845	-0.011656269	1.1278971	0.010887346	932000	10056.29969382286
966.0945	0.585083	966.67957	965.5094	966.6159	3.0816596	973.8694	962.33734	1000.0	1000.0	906.2825	9.152664	953.68286	843.70355	539.7367	-0.00675001	1.1464238	0.009158086	934000	10079.562838077545
967.1916	3.6400146	970.8316	963.5516	968.33984	3.2862177	974.5715	964.26324	1000.0	1000.0	911.502	7.5973573	948.9353	872.43414	404.63153	-0.0069969706	1.1627095	0.01360416	936000	10102.918318986893
972.1389	0.09237672	972.23126	972.0465	967.32684	2.7113545	971.51984	962.89307	1000.0	1000.0	919.3145	8.338068	967.48584	879.0859	329.71246	-0.0021933129	1.1601524	0.01632706	938000	10126.15866780281
966.53156	0.30187988	966.83344	966.2297	969.01953	2.2860043	973.2243	965.7905	1000.0	1000.0	926.705	8.513548	993.1485	886.6574	335.93097	-0.0017203202	1.1416848	0.015004376	940000	10149.636936903
967.14734	1.3247681	968.4721	965.8226	967.7718	3.5032248	973.2852	963.22815	1000.0	1000.0	927.46063	7.937724	1005.49396	885.40656	301.84857	0.0023822966	1.1437513	0.016774544	942000	10173.137991189957
972.26715	0.7387085	973.00586	971.52844	968.47736	2.7404234	973.6005	964.7695	1000.0	1000.0	929.93524	8.191823	968.45435	896.52655	263.54214	-0.0028274967	1.208236	0.013301035	944000	10196.832355737686
968.15576	0.9270325	969.08276	967.2287	968.9629	1.3056457	971.2088	967.2566	1000.0	1000.0	933.4451	6.927805	966.3035	903.0263	256.9895	-0.0048188316	1.1130575	0.008839993	946000	10220.246309280396
507.80685	458.1663	965.97314	49.640587	967.9054	3.7164013	976.9114	963.6751	540.5	1000.0	933.36176	12.305481	959.9912	691.39417	20819.916	-0.0016047225	1.1639403	0.015246693	948000	10243.670713663101
966.2229	0.05062867	966.27356	966.1723	969.19434	4.02054	977.7977	964.4067	1000.0	1000.0	905.3989	48.161533	951.2436	539.4691	1110.0869	-0.0050627193	1.1438617	0.009512224	950000	10266.781546354294
968.0287	3.672699	971.7014	964.356	969.8299	2.8649452	973.99475	965.5974	1000.0	1000.0	904.0865	15.701168	949.42346	750.28394	620.40955	-0.0034769676	1.1099888	0.013883373	952000	10289.988610506058
969.5403	2.938568	972.4788	966.6017	969.59454	1.7125086	973.6307	967.2661	1000.0	1000.0	910.94275	9.598742	963.5432	882.4237	389.78052	-0.0071657207	1.1377188	0.010696331	954000	10313.107577085495
967.92883	2.3735962	970.3024	965.55524	969.91516	3.766273	976.62384	965.0182	1000.0	1000.0	924.88464	8.169564	960.96375	865.3355	308.21387	-0.011800152	1.1288168	0.011686528	956000	10336.511689901352
967.1818	2.489563	969.6714	964.69226	969.93134	3.3615742	977.48553	965.57794	1000.0	1000.0	927.30774	8.835731	993.4027	854.82666	265.07034	-0.0057313666	1.106265	0.009412113	958000	10360.009114027023
967.8318	2.427002	970.2588	965.4048	972.4748	3.3992066	976.59674	965.8425	1000.0	1000.0	934.6075	8.823537	979.51904	896.9473	267.55447	-0.005864554	1.1112162	0.010788875	960000	10383.218065977097
970.5399	5.2700195	975.80994	965.2699	970.2383	3.3098469	977.4881	966.35895	1000.0	1000.0	934.62476	7.0254507	977.1808	842.3483	249.75479	-0.007896994	1.0928142	0.013668361	962000	10406.556949853897
969.7256	1.1142883	970.8399	968.6113	970.11945	2.6887903	976.97845	966.8612	1000.0	1000.0	933.6589	7.740961	975.9917	890.1506	258.8846	-0.005528955	1.1345104	0.012141868	964000	10429.943239688873
971.6349	2.67276	974.3077	968.96216	969.87274	2.7609189	975.76733	966.8413	1000.0	1000.0	933.6612	6.428165	967.1207	899.1222	255.0124	-0.002434091	1.1175671	0.010100303	966000	10453.499136924744
973.0704	2.2688599	975.33923	970.8015	971.8166	3.3980045	976.1975	965.39813	1000.0	1000.0	933.53656	7.3619013	985.4907	896.75555	233.13834	-0.0020307496	1.1264524	0.00927189	968000	10477.01441192627
975.44135	1.0074463	976.4488	974.4339	969.8796	2.654268	975.9682	965.6478	1000.0	1000.0	934.57935	6.6523194	968.59503	870.25476	283.01288	-0.002312472	1.1261	0.010930277	970000	10500.445789337158
968.18604	1.2728577	969.45886	966.91315	970.09454	3.0970216	975.69257	965.6178	1000.0	1000.0	932.26044	6.703985	969.79315	895.85657	275.39127	-0.0039324057	1.1078178	0.010856963	972000	10523.9130153656
969.6804	4.6510315	974.3315	965.0294	875.47626	278.14008	973.91693	41.090343	1000.0	907.3	930.4021	7.2054224	967.15607	891.6786	319.74152	-0.0038577737	1.1485868	0.0141735105	974000	10545.854371786118
967.707	1.5498047	969.2568	966.15717	969.4839	3.9701753	975.09125	962.8948	1000.0	1000.0	931.7302	7.3994665	964.29095	888.5809	249.23965	-0.004007195	1.1109408	0.01581686	976000	10569.345803260803
966.3437	0.52459717	966.8683	965.8191	877.9876	276.29047	975.80396	49.18529	1000.0	908.1	930.2287	7.9327245	963.19446	882.93665	254.89815	-0.005054686	1.0998735	0.011326289	978000	10591.045574188232
273.7177	402.56055	970.952	38.376965	602.65497	449.43686	974.68414	45.009483	305.5	633.4	918.3954	59.065563	956.3024	514.0144	27944.875	-0.024170637	1.1436672	0.005040004	980000	10609.315971374512
969.09045	4.442932	973.5334	964.6475	968.446	3.4582932	977.6664	964.8537	1000.0	1000.0	905.2366	85.59653	1008.1713	116.3024	3869.7234	-0.012915175	1.0965947	0.0060246526	982000	10632.70968079567
966.0315	2.3225708	968.35406	963.7089	876.47546	274.91016	973.95184	51.817875	1000.0	908.4	836.4894	27.903713	944.3285	583.89105	1950.0922	-0.003470666	1.0968211	0.016323082	984000	10654.362562894821
969.5631	3.217743	972.7808	966.34534	875.35803	274.08527	974.6995	53.212032	1000.0	908.4	843.0142	16.611088	900.67706	730.32587	1230.5137	0.008719543	1.0911677	0.015688466	986000	10676.215755462646
960.4885	2.4660034	962.9545	958.0225	964.8375	3.4270627	972.36505	961.3697	1000.0	1000.0	862.8724	12.509468	931.74963	807.64655	1012.8207	0.0016544821	1.0938685	0.01705188	988000	10699.561245203018
507.36386	456.3971	963.7609	50.96677	686.7038	421.0866	972.0025	39.310257	541.5	722.9	871.0328	21.0174	991.70935	270.60223	22630.236	0.0012631651	1.1382403	0.025308503	990000	10718.509647369385
345.61288	421.72443	941.97003	40.66297	502.91058	451.17993	960.92786	39.853344	385.33334	541.4	814.7279	129.21489	945.953	-81.727745	27500.02	0.011122659	1.0591908	0.01959872	992000	10734.760821819305
350.29993	435.9806	966.86694	40.447403	339.627	404.01443	955.8677	41.585068	382.33334	374.6	799.5615	154.17316	1024.1636	15.103187	17325.238	0.00635699	1.130189	0.019225277	994000	10748.11222743988
277.5826	393.84305	959.5785	40.318703	788.0579	328.6018	963.8592	63.857983	311.0	827.2	752.2656	151.08441	890.7325	52.528137	31180.49	-0.0015748597	1.0909141	0.024012333	996000	10768.0997235775
962.13904	0.45703125	962.59607	961.682	873.2661	275.71353	969.0099	46.149437	1000.0	907.7	712.9165	77.136635	812.25415	326.6105	8015.839	-0.0008577112	1.0402651	0.018768363	998000	10789.78054189682
963.7368	1.7603455	965.49713	961.97644	963.8755	1.206293	965.76874	961.6632	1000.0	1000.0	701.5061	20.605429	826.60095	634.56415	4010.143	-0.00751819	1.1324598	0.010491187	1000000	10813.397272109985
