AverageEpRet	StdEpRet	MaxEpRet	MinEpRet	AverageTestEpRet	StdTestEpRet	MaxTestEpRet	MinTestEpRet	EpLen	TestEpLen	TotalEnvInteracts	Q1Vals	Q2Vals	LossQ1	LossQ2	LossA	StepsPerSecond	Time
16.61994	10.423733	75.4471	5.0054646	38.231163	0.8525345	38.97667	36.851395	21.554348	21.7	2000	2.9182951	2.9190028	0.033462953	0.031595252	-3.4447036	3595.4375	14.261114835739136
18.625925	15.440279	86.67886	5.286568	39.262688	0.99349326	40.48774	37.042133	22.58427	22.3	4000	15.111546	15.1114	0.32256523	0.2881078	-17.26007	2997.3123	36.33737254142761
18.18741	15.900819	121.19677	4.8030744	39.388195	0.8776483	40.59912	38.379192	22.2809	22.4	6000	32.12616	32.12599	1.1196737	1.0448921	-34.765617	3297.1902	58.604090452194214
15.673872	12.294903	99.76608	4.480435	38.913536	0.6414784	40.308857	38.389427	21.157894	22.2	8000	57.701008	57.69922	4.0245366	4.5606184	-63.886494	3041.8652	80.6309142112732
19.043423	20.910833	169.69954	4.6146283	74.256935	0.3805714	74.92149	73.59027	22.965517	42.6	10000	96.36492	96.36388	12.989056	14.852337	-105.62693	3113.554	102.21277141571045
182.35999	30.1574	229.60458	99.12863	195.10858	5.3029532	208.6079	189.20874	95.14286	101.9	12000	140.25694	140.25174	19.39618	21.373003	-151.66219	785.5568	125.82048273086548
229.21243	25.035728	284.96597	190.02747	283.46246	2.6263545	287.49814	279.65558	110.888885	128.4	14000	182.53734	182.53462	28.953125	30.925137	-193.89735	1057.7842	150.06431603431702
202.04716	180.40825	732.9341	18.903101	296.50568	35.40531	342.5943	220.1161	119.73333	169.1	16000	194.90443	194.90688	43.20692	44.687576	-203.61185	1102.769	174.7565131187439
226.55725	93.1186	448.90454	40.372623	207.3541	25.23876	241.19005	138.24538	128.0	110.7	18000	197.1488	197.15257	28.485367	30.307652	-204.29517	1400.8378	198.71976923942566
263.66217	56.51506	337.64966	153.92023	317.25043	82.099655	354.95963	71.92966	125.625	148.2	20000	194.49463	194.49518	24.556395	27.22925	-201.16743	1018.5075	223.28185939788818
502.24243	186.30786	868.95825	354.97583	654.6703	174.77975	1003.1883	443.45386	327.2	502.5	22000	198.45418	198.45558	22.78905	25.133575	-205.20775	1248.9103	253.1807987689972
713.22107	189.83495	889.302	429.46124	297.72873	6.7588496	305.24097	279.69016	593.75	150.6	24000	204.29657	204.29948	19.152903	21.289942	-210.33582	1265.6727	277.82643842697144
290.24402	18.653648	327.18253	253.58096	279.39972	7.1213717	294.12442	269.95108	134.8	127.7	26000	208.65718	208.65556	19.078442	21.34538	-214.89072	943.5711	301.49746918678284
280.91513	23.723295	315.44806	241.68727	204.8678	2.832731	210.49745	200.76062	137.0	121.0	28000	212.13113	212.13051	17.22307	19.27875	-217.97504	1002.5916	325.03815817832947
256.97266	32.28486	327.96255	223.33041	292.35568	13.01704	319.7347	276.4561	143.92857	149.0	30000	213.49454	213.49113	16.60803	18.897005	-219.05075	861.94293	348.7214515209198
276.0121	29.815573	344.54718	225.73381	207.0734	129.85616	400.37305	77.91293	138.57143	103.1	32000	212.59645	212.59457	15.636119	17.06525	-217.54393	1261.1155	372.0718517303467
315.23334	132.12201	571.1599	77.52384	378.94894	28.170969	438.50806	339.22928	129.625	174.1	34000	207.8495	207.84952	17.076738	17.712433	-212.2823	769.8517	396.45800137519836
390.45056	102.53989	651.6823	323.90305	1005.1995	70.22423	1045.0704	855.603	205.375	938.5	36000	203.44194	203.44298	16.49354	16.960907	-207.86668	1125.3972	431.80785727500916
653.64075	107.02871	763.1829	475.11075	280.4003	84.78311	513.7011	187.23643	475.8	210.0	38000	202.04442	202.04355	15.237363	15.920201	-206.2864	1223.2233	456.84058690071106
484.05078	118.55808	688.64844	352.04996	1006.3418	1.4001503	1009.12177	1003.961	326.5	1000.0	40000	199.76564	199.76556	14.494229	15.211719	-203.58984	1345.5198	493.76272201538086
633.1975	328.521	1003.63055	205.13617	894.6051	208.79773	1031.491	522.1267	533.0	801.2	42000	195.15994	195.15901	12.713034	13.518265	-198.53397	1184.7675	527.8831558227539
644.54596	276.84607	1186.36	267.00974	349.29816	185.5043	700.7419	226.22006	334.14285	138.5	44000	190.54039	190.54068	12.334225	13.125291	-193.7065	794.8681	551.1910424232483
673.07666	262.14648	915.5133	205.0428	251.34448	12.549518	276.14352	237.31828	237.33333	121.6	46000	187.48116	187.48085	12.712788	13.151533	-190.62497	1146.8304	574.7891933917999
271.60736	120.02649	707.6531	191.42076	251.39859	114.9064	489.7957	183.86046	126.73333	128.9	48000	187.37305	187.37248	14.582944	14.614617	-190.46004	1108.5149	598.3213241100311
258.34827	34.473183	313.04984	177.42618	926.5582	95.518364	1082.1447	821.7325	123.25	284.5	50000	188.35239	188.35329	15.581511	17.12912	-191.3891	1249.3553	624.1184165477753
536.53705	325.71088	1020.84784	163.12651	763.42004	17.531889	787.90674	733.8149	192.1	234.4	52000	189.81105	189.81255	14.858403	15.476804	-192.86913	1039.0942	649.4689040184021
603.96655	271.45667	853.6059	211.35286	343.78403	165.00645	834.35864	229.11832	200.90909	142.8	54000	190.32138	190.32106	14.264936	14.420809	-193.12268	874.75946	673.3052051067352
346.76074	140.90263	780.3759	225.13681	305.44116	164.44695	797.7785	233.38477	138.57143	141.7	56000	190.39053	190.39049	14.725576	15.121861	-193.13342	1237.6234	695.8410267829895
505.494	227.77092	804.98254	252.6083	594.652	291.35822	1033.7705	302.8532	177.7	205.3	58000	190.50107	190.50243	14.315314	15.513689	-193.24207	1559.9641	719.8208553791046
517.83093	295.8358	1021.4076	211.1608	594.9718	202.58412	1041.4105	282.81012	186.75	188.6	60000	191.25357	191.25385	15.138873	15.813053	-193.90672	974.35785	743.3891270160675
726.07	237.47083	1035.0249	312.1484	462.1591	111.223236	602.5333	334.03198	224.22223	148.1	62000	191.6795	191.67941	14.296452	14.630626	-194.27698	1239.6083	766.4031641483307
582.61017	310.51346	1076.4404	164.59798	475.0589	139.66473	789.8278	301.5608	191.2	164.6	64000	191.46184	191.46324	14.224112	14.710472	-193.89513	1030.0117	789.8177402019501
849.49756	75.512115	973.7227	709.6938	780.32	38.188713	857.84326	738.0963	259.625	239.4	66000	191.74915	191.74852	13.912651	14.244123	-194.14766	1128.5195	812.3925232887268
735.61633	317.994	1052.2422	91.06677	749.38513	215.22643	1049.8999	440.5241	234.0	249.9	68000	191.98824	191.98773	14.335596	15.017752	-194.3128	995.80475	834.7171642780304
1020.71533	96.92387	1163.3599	846.9504	1446.3818	199.92328	1787.4863	1172.2964	318.0	485.3	70000	191.91219	191.91277	13.485579	14.02523	-194.02644	967.6869	860.6563210487366
833.07574	329.53577	1205.9413	346.12857	377.30698	6.058441	388.8147	369.66367	280.375	159.5	72000	192.12756	192.1273	13.406304	14.157967	-194.26604	1222.9115	879.7108788490295
816.6174	341.14713	1237.5527	335.73315	1000.9136	152.02452	1377.8804	766.705	327.4	795.1	74000	193.27022	193.27066	13.5322485	13.871295	-195.44461	1000.28754	911.3373055458069
779.7243	292.34033	1062.5072	350.365	1180.617	95.38478	1322.5244	1067.0402	363.5	381.1	76000	194.91463	194.9155	12.763278	13.541733	-196.98804	1332.495	937.7555241584778
863.99036	249.76009	1128.0522	292.23407	660.8538	151.48921	912.2603	538.95325	285.7143	226.2	78000	196.8749	196.87506	12.164258	12.944669	-198.91528	1316.4454	956.939740896225
980.3124	309.89212	1417.1133	407.2317	272.93338	505.74252	1365.5984	20.516321	301.7143	91.9	80000	198.6407	198.64172	11.928692	12.6692295	-200.59355	1451.4205	977.2253115177155
958.5536	229.54053	1305.0269	601.2893	790.44666	107.83022	888.9095	607.78986	295.85715	257.9	82000	199.95686	199.95709	12.251709	12.745535	-201.82222	1066.0568	1000.0201678276062
1042.1533	210.3267	1385.1627	851.33563	449.7955	162.20877	936.10925	387.05048	326.0	173.7	84000	200.91475	200.91626	12.086525	12.41088	-202.70435	1421.3223	1018.7394526004791
1034.7567	286.1526	1510.536	776.2779	1024.2825	166.64166	1329.8193	776.91547	333.85715	331.3	86000	202.1396	202.13849	11.7502165	12.536777	-203.96243	1426.087	1042.2497084140778
1132.7839	325.8905	1553.7555	643.28876	1499.4038	298.82907	2153.3748	1096.7859	363.8	461.3	88000	204.14703	204.14806	11.719478	12.044424	-205.9519	827.38727	1069.5386946201324
1495.2137	570.5339	2482.1963	1132.8253	1224.3307	191.77005	1505.1672	851.00244	465.75	357.8	90000	206.3788	206.37878	12.0680275	12.277137	-208.17172	1661.3046	1091.542554616928
1779.3132	451.0229	2522.1775	1352.3436	1483.9177	49.220352	1529.4508	1346.7816	530.25	420.1	92000	208.88828	208.88895	11.073787	11.991472	-210.67465	1318.5033	1118.0603621006012
1636.9199	270.61685	1915.7195	1189.0526	1496.1979	125.78132	1734.3972	1338.489	494.75	443.4	94000	211.18286	211.18236	11.341613	11.629535	-212.937	1013.06	1142.8647348880768
1369.6223	385.28842	1874.3857	742.1477	1892.5795	703.0822	3327.1091	1162.36	414.2	566.1	96000	213.4973	213.49702	11.187467	11.82469	-215.26556	1515.7097	1170.390614748001
936.1208	185.94989	1296.2238	763.4127	774.7756	25.928905	829.16644	738.23193	285.57144	234.1	98000	215.49402	215.49495	11.859658	11.695272	-217.16246	1087.391	1193.4751176834106
997.90814	190.57663	1330.6659	770.85547	1727.7699	733.83966	3191.9055	1311.768	297.42856	521.0	100000	217.56726	217.5676	10.744924	11.548629	-219.26538	1273.7435	1221.5981225967407
1130.085	35.06625	1182.957	1089.832	2803.5625	466.5898	3328.6665	1974.0002	332.25	844.8	102000	219.0054	219.0056	11.616695	11.872665	-220.63197	1366.1085	1254.605652332306
1795.2588	899.4006	3235.8171	858.4374	2089.9514	636.36176	3214.7559	1370.8451	556.4	648.6	104000	220.91054	220.91066	11.304414	11.819441	-222.51944	1224.4885	1285.0845849514008
1624.2917	883.32654	3152.3154	1057.3373	988.8126	40.305447	1079.8749	954.584	480.5	295.3	106000	222.57527	222.57588	11.725656	11.849795	-224.16559	1558.547	1309.7021508216858
1905.207	332.01224	2292.0754	1481.3431	1582.0261	450.7352	2373.423	938.49976	553.0	461.9	108000	224.09114	224.09073	10.858827	11.048961	-225.65927	1273.3562	1336.7440919876099
1856.9803	142.22192	2039.5962	1707.9688	1000.00183	135.606	1172.4984	857.6768	544.25	298.0	110000	225.5404	225.54088	10.461844	10.832588	-227.08025	1442.5892	1362.1862578392029
1291.6559	242.17484	1624.0841	911.17487	1213.707	189.41785	1781.4661	1143.7625	372.6	366.5	112000	227.27469	227.27417	10.772893	11.381843	-228.82819	1507.7245	1388.4159889221191
1819.5897	723.1102	3051.8105	1204.7163	1988.1433	668.13477	3243.3909	1004.236	528.25	589.0	114000	228.98259	228.98248	10.510213	10.88025	-230.52145	1144.9738	1415.8816044330597
1817.1228	585.12756	2577.296	948.8458	967.8171	64.38276	1127.8998	904.1085	527.0	288.0	116000	230.60262	230.60364	10.874903	10.9988785	-232.09616	887.76575	1441.044906616211
2088.029	699.9095	3067.341	1473.7902	1631.8926	236.80347	2101.756	1434.0555	609.3333	478.8	118000	232.59715	232.59715	10.54435	10.9325485	-234.10088	969.57935	1467.7925400733948
1450.6523	279.29376	1775.5717	1062.7019	3235.6025	30.244604	3301.5137	3193.2185	414.6	1000.0	120000	233.8788	233.87817	10.796178	10.500895	-235.38544	1372.7573	1500.0128502845764
1806.5618	879.77637	3292.2834	992.12695	1861.0518	1104.4587	3321.576	915.05585	530.75	551.5	122000	235.31802	235.31921	10.691222	11.108691	-236.73494	998.95013	1527.7811269760132
2060.944	815.5844	3214.3472	1480.6908	1456.9156	37.26788	1482.919	1358.6033	614.6667	415.5	124000	236.5856	236.58502	10.72775	10.649084	-238.01956	1017.943	1554.1764826774597
1297.658	309.20807	1815.829	934.2099	2820.4023	504.59097	3344.7937	2207.6396	376.8	829.2	126000	237.24608	237.24611	9.503685	9.962937	-238.61462	1391.4275	1584.6534221172333
2432.2551	857.4605	3248.3157	1247.442	1256.3705	670.4919	3211.052	800.9375	719.6667	382.2	128000	238.08766	238.08849	10.140379	10.049231	-239.45816	1137.2725	1610.811936378479
1435.6289	463.57248	1975.766	843.7869	1950.5193	597.182	3077.5447	1212.0155	433.66666	560.1	130000	239.12419	239.1241	9.579849	9.991797	-240.47014	878.9649	1638.6320321559906
1990.0153	733.10034	3382.553	1226.6957	1631.7079	354.45593	2226.6116	1211.2919	579.4	467.5	132000	240.36804	240.36806	8.945151	9.027291	-241.67628	1507.3857	1664.2340123653412
2283.0068	794.745	3364.5781	1477.4911	2396.2905	491.9203	3298.829	1756.1796	666.3333	703.5	134000	241.22957	241.23009	9.4628525	9.928049	-242.55663	1593.6986	1693.3177349567413
2311.4968	1071.2828	3382.7798	1240.214	1112.7173	75.58772	1240.7102	994.92664	682.5	331.2	136000	242.26282	242.26239	9.850192	10.013533	-243.49763	987.1238	1717.8766689300537
1494.6932	584.8298	2592.8562	909.0013	1236.6235	102.24786	1535.5302	1169.8838	441.0	361.5	138000	243.31914	243.31992	9.626918	9.444069	-244.58476	1245.2235	1740.7726244926453
1786.1187	70.18715	1884.9644	1728.854	1625.111	254.67195	2204.3628	1323.0803	519.6667	468.3	140000	244.1929	244.19295	9.40553	9.806503	-245.37175	991.3757	1768.2099714279175
1675.8998	427.42627	2424.485	1188.813	1893.6836	200.78482	2204.0393	1489.2113	485.6	555.5	142000	245.14172	245.14137	8.939059	9.439136	-246.39244	1296.1722	1796.3536219596863
1958.9032	674.0727	2900.8804	1361.1464	2211.9902	471.21143	3170.3955	1720.7925	570.3333	645.7	144000	246.53241	246.53241	9.25218	9.314497	-247.78586	1047.0594	1825.0429985523224
605.43726	982.6972	2555.1462	9.046806	2995.1948	498.41568	3252.5603	1549.0043	185.36363	922.5	146000	248.16585	248.16696	9.352947	9.373246	-249.46718	1477.5093	1856.2785894870758
2031.5942	731.3283	2951.1235	1161.8162	2827.229	682.37213	3457.3809	1416.3832	589.6667	824.0	148000	249.45833	249.45886	9.24716	9.56294	-250.69467	881.43225	1886.7658731937408
1893.0433	460.32968	2479.184	1197.2441	1720.0842	515.0215	2816.984	1224.887	547.0	496.9	150000	250.45863	250.45845	9.332916	9.851737	-251.6844	1311.8153	1912.5961427688599
2122.3503	843.00653	3297.401	1360.3773	3309.1711	28.475105	3346.5652	3265.3967	624.6667	1000.0	152000	251.5367	251.53682	8.732547	8.884162	-252.77194	1126.7174	1946.1841995716095
2674.4685	871.5156	3337.178	1443.1573	3319.359	15.282759	3338.1572	3283.2976	808.3333	1000.0	154000	253.04066	253.04143	8.617071	8.495391	-254.24406	1078.2333	1977.850930929184
2471.542	810.94434	3282.4863	1660.5977	1455.8241	162.13354	1781.6631	1192.1146	739.0	433.6	156000	254.21283	254.21284	8.61477	8.8836975	-255.40985	1314.8551	2003.3036029338837
2677.511	574.9558	3366.0596	1958.6877	3327.478	24.185804	3372.2783	3289.604	788.6667	1000.0	158000	254.99248	254.99272	7.965291	8.366921	-256.18912	1170.7657	2036.2889533042908
2291.3228	749.8327	3346.8057	1675.0338	3052.4392	395.3994	3426.812	2189.348	675.0	900.3	160000	256.2878	256.28787	8.453878	8.761878	-257.43103	1419.5425	2068.6001596450806
2112.0024	495.08508	2607.0874	1616.9172	1697.9623	64.49863	1846.9552	1608.7054	611.5	488.3	162000	257.18408	257.18472	7.998117	7.9861965	-258.3574	787.4491	2095.537718296051
2410.757	695.56006	3355.7146	1737.9102	2984.2078	645.48987	3483.0405	1992.9895	707.0	873.5	164000	258.31738	258.31778	8.53065	8.659067	-259.4598	1516.9967	2127.3741776943207
2275.25	365.4142	2563.136	1759.645	3082.8638	502.39606	3346.6133	2038.1766	660.0	920.7	166000	259.15256	259.1524	8.252076	8.29333	-260.26288	984.2505	2159.8905136585236
2743.359	703.2024	3446.5613	2040.1565	3334.5496	21.174398	3371.5562	3291.0881	795.0	1000.0	168000	259.94873	259.94977	8.001272	8.31322	-261.06454	1404.2917	2194.6594202518463
2683.3005	558.70685	3342.3103	1976.2911	1614.6067	108.962494	1788.851	1501.664	779.3333	464.7	170000	260.81744	260.8183	7.7605762	7.560163	-261.892	1376.1404	2219.5801014900208
1945.6208	326.92377	2277.7205	1402.7365	1551.9636	1205.0485	3396.2493	608.2186	553.5	483.7	172000	261.4292	261.42923	8.331396	8.433178	-262.48737	1431.5835	2244.650465488434
1843.124	530.3329	2589.5723	1406.727	3094.7761	509.43796	3399.8433	2002.0425	543.0	907.8	174000	262.22098	262.22137	8.101007	8.414583	-263.298	1011.6018	2277.276473045349
1977.3367	667.32153	3107.1765	1448.8196	3350.2551	24.078777	3413.5327	3325.1091	567.0	1000.0	176000	263.0696	263.0693	7.6330957	7.9128275	-264.16632	1308.4182	2310.009394645691
2195.3574	191.21098	2386.14	1934.0024	1522.3535	113.28852	1743.7584	1428.1328	631.3333	434.4	178000	263.8552	263.85565	7.9962993	8.132243	-264.89297	1609.0795	2334.0665876865387
1651.604	281.46765	2100.2964	1376.1687	3379.9937	13.077634	3404.6255	3362.4492	472.0	1000.0	180000	264.5847	264.58554	8.29577	8.503371	-265.6308	1073.6147	2368.4375541210175
2326.2412	183.57857	2581.412	2157.2131	1702.2162	79.39475	1865.2028	1577.5007	664.0	485.3	182000	265.15326	265.1536	7.545076	7.4669614	-266.18576	1545.3695	2393.7345139980316
2270.4683	909.99866	3480.802	1286.533	1605.9064	258.54358	2196.3135	1332.7019	652.3333	460.4	184000	266.10193	266.10193	7.316846	7.2784395	-267.15894	1387.9778	2421.421172618866
346.62817	863.3439	3503.5513	43.89613	2892.8953	489.22412	3393.714	2222.3496	120.8125	832.0	186000	266.90616	266.90646	8.773441	8.786176	-267.91107	1151.8816	2451.494706630707
1463.7952	776.0835	2512.633	111.34813	3377.5828	12.247763	3398.958	3359.3494	426.6	1000.0	188000	267.3055	267.3063	9.000202	8.915136	-268.29675	1422.9847	2484.304839372635
1890.0138	330.00076	2377.6963	1476.93	2433.1284	812.91	3433.5193	1659.3336	542.0	703.1	190000	267.28012	267.27994	7.1308465	6.977002	-268.2367	992.00616	2515.754464864731
2424.8477	460.8462	3063.52	1993.0747	1965.6143	175.00331	2440.9338	1697.0222	693.3333	561.7	192000	267.63412	267.63458	8.158115	8.268193	-268.6287	1088.3391	2543.362528324127
1966.2468	302.77264	2269.0195	1663.4742	3404.039	6.2313585	3414.582	3396.0579	569.5	1000.0	194000	268.23428	268.235	8.042644	7.826224	-269.2063	1144.113	2575.4369888305664
2474.2554	992.6768	3532.7322	1240.8429	1914.8662	294.2219	2369.2893	1475.7067	719.5	543.2	196000	268.8482	268.84827	7.46017	7.274753	-269.8519	1123.6913	2600.2258327007294
1402.7954	66.612656	1474.7184	1295.633	1678.3367	157.62749	1978.1875	1408.44	403.0	473.4	198000	269.22864	269.2287	8.208591	7.7905684	-270.211	1281.1982	2624.398326396942
3070.9873	340.51062	3411.498	2730.4768	3391.7075	8.802409	3403.1033	3373.079	893.5	1000.0	200000	269.85513	269.85544	7.630548	7.7860165	-270.78912	1304.9398	2655.878863811493
2816.042	611.21204	3427.2542	2204.83	3365.5242	4.3453927	3371.44	3358.8496	812.5	1000.0	202000	270.5846	270.58463	7.870933	7.9694614	-271.55618	1556.9724	2691.626527786255
2783.6663	884.7299	3419.2407	1532.5226	3266.9663	223.33235	3382.25	2665.4636	814.3333	962.6	204000	271.30624	271.3065	8.045582	7.990513	-272.2769	1307.9075	2723.653963804245
1888.0417	527.6335	2710.9272	1329.9978	2524.0608	689.0994	3451.1592	1629.1333	534.75	721.3	206000	272.02762	272.0276	7.598631	7.5477977	-272.97836	1525.6279	2752.624765396118
3392.8755	29.375977	3422.2515	3363.4995	3358.4038	10.153726	3375.169	3345.4348	1000.0	1000.0	208000	272.37	272.37048	7.611815	7.7027273	-273.27225	1123.8416	2784.576015472412
3434.5576	81.21619	3515.774	3353.3416	3386.0476	12.492872	3412.3516	3368.0325	997.5	1000.0	210000	273.63055	273.6303	7.3135347	7.327242	-274.54312	1524.2834	2817.407305955887
3360.126	0.7272949	3360.8533	3359.3987	3289.077	8.552278	3307.3083	3275.3713	1000.0	1000.0	212000	274.25464	274.2543	7.2351108	7.011281	-275.18582	1543.2087	2850.1648569107056
3233.25	99.15369	3332.4038	3134.0964	1759.3125	704.14246	3526.7627	1195.3046	945.0	500.1	214000	275.33316	275.33362	7.4716554	7.483098	-276.29874	1399.2961	2874.3606884479523
2709.8423	690.0612	3399.9036	2019.7811	3392.4778	8.132928	3402.0432	3380.4878	785.5	1000.0	216000	276.2847	276.28482	7.7025704	7.632447	-277.21606	911.24664	2905.20866727829
3079.5894	316.71545	3396.305	2762.874	3368.0562	15.090646	3406.2944	3348.9888	896.0	1000.0	218000	277.26462	277.26486	7.209935	7.128166	-278.1989	1494.434	2938.815386533737
3391.414	4.0650635	3395.4792	3387.349	3410.5454	4.681162	3419.4326	3403.6711	1000.0	1000.0	220000	277.9502	277.94965	7.1530595	7.582718	-278.84686	1459.7216	2968.363026380539
3389.2065	3.5583496	3392.765	3385.6482	3398.9004	24.817461	3433.1401	3331.7727	1000.0	1000.0	222000	278.7886	278.7887	6.9159923	6.920206	-279.66614	920.70105	3001.521064519882
2844.9172	774.47906	3399.7473	1749.67	3341.6184	22.115297	3381.7798	3303.0625	823.3333	1000.0	224000	279.49564	279.4957	6.8687067	7.1338563	-280.41083	1257.1772	3032.948939561844
2484.2578	441.12512	2925.383	2043.1328	3366.8774	6.585569	3379.789	3358.5122	711.0	1000.0	226000	280.20355	280.20392	6.8128095	6.665862	-281.091	1484.2098	3063.2943580150604
3357.373	1.8031006	3359.1763	3355.57	2041.3871	278.7085	2634.8303	1688.0126	1000.0	575.6	228000	280.95883	280.9589	6.8246126	6.9373417	-281.84525	950.0595	3090.4579005241394
3371.2349	8.3359375	3379.5708	3362.899	1898.0674	426.47623	2488.0305	1289.4706	1000.0	536.8	230000	281.50278	281.5033	7.0637145	6.9193845	-282.37714	1261.5145	3114.3364346027374
3004.1377	515.0699	3379.0615	2275.825	3397.1387	4.264884	3402.7212	3389.4773	880.6667	1000.0	232000	282.35153	282.35168	6.831295	6.7168713	-283.2216	1286.0823	3148.525600671768
3189.708	232.3302	3422.0383	2957.378	3403.5183	5.4101615	3411.8691	3391.9878	920.5	1000.0	234000	282.8532	282.8531	6.31149	6.3400273	-283.69794	1361.0099	3180.2433619499207
3077.3027	321.66638	3398.9692	2755.6365	3374.5425	16.400728	3393.3276	3333.4307	892.0	1000.0	236000	283.25098	283.25058	6.700258	6.667649	-284.0885	1295.4658	3211.366641998291
2235.625	536.383	2707.182	1485.2732	3170.4106	471.08167	3403.2473	1850.779	631.6667	932.2	238000	283.86746	283.86832	6.907577	6.8139853	-284.73056	1605.0319	3240.62428855896
2904.0535	691.6945	3399.3337	1925.8759	3362.2234	5.64438	3369.5686	3348.6025	848.0	1000.0	240000	284.68784	284.68777	6.692488	6.6257877	-285.54388	1054.8652	3272.1188242435455
3153.415	259.74292	3413.158	2893.672	3351.3125	18.373426	3384.7031	3326.1116	909.0	1000.0	242000	285.1144	285.11502	6.506503	6.491156	-285.93906	1080.7583	3305.189018726349
3376.1724	6.906128	3383.0784	3369.266	3321.638	13.368905	3342.0122	3297.3066	1000.0	1000.0	244000	285.59412	285.59348	6.237085	6.4196105	-286.39853	1173.916	3339.331822872162
3161.499	232.15308	3393.652	2929.346	3371.23	20.183157	3387.126	3321.725	917.5	1000.0	246000	285.95425	285.95462	6.83233	6.706926	-286.75006	1040.7219	3371.9830782413483
3377.4346	4.5968018	3382.0312	3372.8376	2198.4155	794.6087	3416.8813	1471.1461	1000.0	627.9	248000	286.72885	286.72876	6.130247	6.0450087	-287.53555	1318.361	3399.17352104187
2579.9006	235.4077	2880.8667	2306.171	3381.616	25.380629	3412.6157	3338.1116	732.3333	1000.0	250000	286.89008	286.89014	6.2915173	6.406387	-287.63876	826.1777	3431.5982537269592
2360.636	871.76605	3330.3894	1216.4811	3375.675	6.410249	3383.9023	3365.0342	702.6667	1000.0	252000	287.2241	287.22394	5.936167	5.9957695	-288.0256	1435.0543	3465.7612478733063
2781.0725	571.94946	3353.022	2209.123	3269.8054	451.60583	3468.2659	1916.0554	801.0	954.4	254000	287.69818	287.69806	6.432754	6.656405	-288.47055	1700.7498	3496.1170947551727
2277.2317	791.67694	3377.715	1548.5778	2793.8093	490.01187	3394.765	1951.4135	663.3333	808.7	256000	288.236	288.23682	6.664838	6.6355224	-289.0135	1303.5374	3524.074434518814
3330.3252	26.877808	3357.2031	3303.4475	3402.7788	19.486797	3454.7153	3379.9646	973.5	1000.0	258000	288.23016	288.23004	6.1387725	6.3391128	-288.98276	1515.7887	3558.9174585342407
2959.992	575.94135	3367.2798	2145.4878	3291.153	12.088201	3319.2168	3275.8274	868.3333	1000.0	260000	288.50198	288.50183	6.632799	6.687747	-289.23755	1071.9476	3591.8662190437317
3356.872	12.703857	3369.576	3344.1682	3025.108	449.70398	3230.8413	1743.2505	1000.0	933.4	262000	288.86343	288.86404	6.3845778	6.3515077	-289.59232	1522.9071	3619.829105615616
3370.0215	5.951294	3375.973	3364.0703	3336.9531	13.232141	3354.5483	3312.081	1000.0	1000.0	264000	289.20285	289.20367	5.9593954	6.178506	-289.9517	917.4579	3651.0488579273224
3370.169	6.276367	3376.4453	3363.8926	3242.5251	404.61334	3408.244	2031.5774	1000.0	949.2	266000	289.4223	289.42258	5.7971916	5.8264985	-290.13205	1521.124	3681.7808759212494
3383.8652	5.975952	3389.8413	3377.8894	2910.4902	950.3202	3244.0232	59.679226	983.5	903.6	268000	290.1441	290.14368	5.8805666	5.9729767	-290.87732	1667.39	3710.0910820961
3302.8125	56.701904	3359.5144	3246.1106	3194.1492	12.171054	3212.1113	3176.1235	1000.0	1000.0	270000	290.6085	290.6086	5.59035	5.8876595	-291.3293	1573.0002	3739.5938539505005
3322.9	15.41394	3338.3137	3307.4858	3245.855	17.198402	3271.9937	3213.282	1000.0	1000.0	272000	290.88544	290.88535	6.0392823	5.722168	-291.56082	1396.858	3772.6702950000763
3339.3232	29.479614	3368.803	3309.8438	3403.1606	6.9318357	3410.3506	3385.8655	1000.0	1000.0	274000	291.21704	291.2173	5.8390546	5.9281836	-291.91806	1291.8387	3802.822607755661
3248.6665	166.03845	3414.705	3082.6282	3347.1953	23.789646	3378.5818	3308.1638	935.0	1000.0	276000	291.48157	291.48138	5.712827	5.629826	-292.15976	1314.3347	3836.023542881012
2533.8035	564.403	3321.336	2027.4733	3223.6418	493.3423	3493.702	1747.5935	742.6667	951.1	278000	291.6516	291.65195	5.398591	5.7281766	-292.36456	1353.9647	3867.534057855606
2427.7163	898.98157	3326.698	1528.7349	2584.9233	713.60034	3395.2588	1539.969	715.5	751.2	280000	291.93726	291.9364	5.2121143	5.3482637	-292.61032	1365.3898	3893.9847667217255
2274.3691	427.5128	2779.6255	1734.1862	2781.82	586.3498	3465.3545	1676.7216	645.3333	795.6	282000	292.1671	292.16846	5.728913	5.8367043	-292.82645	1412.644	3920.7643473148346
2740.97	470.0918	3399.5962	2333.3118	2535.6982	696.72614	3364.9219	1746.6312	789.3333	738.2	284000	292.0377	292.03824	5.7513623	5.649207	-292.69482	1581.0385	3951.0668437480927
3379.1978	11.71521	3390.913	3367.4827	3354.5698	7.7147393	3366.579	3342.262	1000.0	1000.0	286000	292.0623	292.0627	5.6590204	6.1724815	-292.71707	1578.2051	3982.889128923416
2433.811	651.8584	3355.4595	1955.5983	3035.7542	442.26718	3483.611	2221.6528	705.6667	876.8	288000	292.6435	292.6431	5.623142	5.6506095	-293.3234	1226.7397	4011.1867637634277
2564.6084	829.1666	3393.775	1735.4417	3417.4714	4.9452558	3427.2375	3408.126	747.5	1000.0	290000	292.80725	292.8073	5.098003	5.1613927	-293.4307	1276.752	4043.8192479610443
2320.5137	726.20544	3500.5579	1530.249	3366.6687	191.1054	3440.6008	2794.0068	659.75	978.8	292000	293.0329	293.03384	5.7270107	5.334439	-293.6773	1300.8087	4076.2585570812225
1976.7733	477.30286	2454.0762	1499.4705	2976.381	543.1863	3517.9038	2002.6002	568.5	845.2	294000	292.8551	292.85535	5.293351	5.786488	-293.5062	1409.8608	4105.129574537277
3158.957	339.1518	3418.6484	2679.889	3047.4502	514.7151	3379.326	1929.7385	927.3333	904.1	296000	293.29218	293.29224	5.5015507	5.354483	-293.95663	847.63226	4137.252377033234
3415.689	134.9873	3550.6763	3280.7017	3336.9148	11.544821	3357.218	3323.3008	960.5	1000.0	298000	293.54886	293.5492	5.7451487	5.635647	-294.20743	896.16223	4169.932761669159
3090.412	313.93896	3404.351	2776.4731	1509.8375	23.845098	1542.8262	1463.7101	903.0	418.8	300000	294.16873	294.16812	4.858784	4.9767156	-294.84256	989.9033	4192.943411588669
1845.8477	145.25694	2051.166	1737.4745	2350.538	633.66187	3369.5437	1760.8976	517.3333	682.4	302000	294.37183	294.37247	5.6322956	5.777156	-294.99176	790.8168	4223.29039478302
2756.6765	878.20245	3386.6704	1514.7544	2410.4944	661.01904	3403.608	1841.5088	811.0	691.7	304000	294.59747	294.5972	5.8955164	5.792887	-295.21088	1165.8032	4250.991071224213
2448.9905	325.7864	2799.9412	2014.9995	3200.005	339.96692	3541.567	2666.8923	692.6667	911.6	306000	294.66306	294.66284	5.069461	5.196758	-295.31793	1037.3859	4281.053949832916
2003.4175	820.9283	3411.3037	1415.2008	2250.4734	490.0475	3280.7915	1735.8281	576.75	638.7	308000	294.95624	294.9563	5.4187436	5.3789263	-295.6172	1516.4595	4307.625565767288
3413.4854	3.065918	3416.5513	3410.4194	2407.9927	570.19165	3252.4656	1726.3153	1000.0	683.8	310000	295.31485	295.31512	5.605379	5.483635	-295.92633	1223.8237	4333.980065822601
2455.07	895.2431	3350.3132	1559.827	3370.6067	16.318718	3394.841	3343.5305	722.5	1000.0	312000	295.79184	295.79218	5.375842	5.686965	-296.40585	1336.1359	4364.821610450745
3334.9634	5.562866	3340.5261	3329.4004	2157.7114	530.3559	3384.21	1622.2397	1000.0	622.2	314000	296.10272	296.1025	5.178426	5.1239247	-296.7446	1293.2133	4394.080303668976
2778.9036	453.1805	3419.7249	2450.1306	2653.687	293.69058	3385.532	2437.4648	797.3333	758.9	316000	296.25552	296.25513	5.1742444	5.430673	-296.86533	1486.0773	4426.014206647873
2421.6409	869.1385	3491.556	1362.6951	2394.519	579.47394	3383.5764	1699.9833	688.0	686.6	318000	296.50247	296.50253	5.0428963	4.9948897	-297.1052	1420.5519	4455.614396095276
2788.313	566.7849	3355.098	2221.528	3190.1797	350.7248	3419.0642	2513.824	809.5	930.1	320000	296.7135	296.71375	5.553872	5.654737	-297.29727	1372.688	4486.443553209305
2386.9841	279.50003	2702.0105	2022.7122	3390.1465	15.218182	3419.466	3369.013	666.3333	1000.0	322000	296.79068	296.79132	5.1537433	4.930326	-297.37515	1276.4755	4519.670312643051
2554.2227	219.31956	2773.9763	2254.7861	477.0773	703.9697	1692.6735	17.038523	718.6667	143.5	324000	296.8624	296.86188	5.3054304	5.52004	-297.41943	1051.1147	4543.064915895462
1905.5077	336.82614	2244.9233	1446.3597	1382.1522	1385.0413	3457.9797	18.891058	535.3333	395.6	326000	297.10904	297.10934	5.03994	5.065873	-297.68552	1524.7151	4564.210966825485
2133.7375	606.5663	3054.6958	1442.2166	2589.1118	157.95277	2940.8242	2420.6658	599.75	733.0	328000	296.76196	296.76196	5.2156925	5.2606936	-297.31152	1285.9773	4591.534413099289
3263.833	86.50232	3350.3354	3177.3308	3408.0867	10.400811	3422.8726	3390.512	922.0	1000.0	330000	296.69464	296.6954	5.2654366	5.4963865	-297.23956	1272.3392	4620.724465608597
3385.9143	6.0507812	3391.965	3379.8635	3096.8442	271.14594	3494.757	2761.0044	1000.0	888.7	332000	297.00027	296.9998	4.839655	5.0446086	-297.555	1337.538	4650.556782960892
2699.9285	668.77496	3301.872	1767.1831	3431.4636	8.260196	3445.3823	3416.2402	771.0	1000.0	334000	296.99686	296.99738	4.8318686	5.002207	-297.55057	1195.5153	4681.738337278366
2694.7097	703.5998	3398.3096	1991.11	1696.4121	260.61322	2248.246	1479.5625	780.0	481.8	336000	297.2723	297.27258	4.728329	4.5299764	-297.8136	1271.335	4705.161269903183
2116.362	373.96567	2581.8823	1559.6481	3227.713	249.2212	3418.9727	2696.7156	594.25	936.0	338000	297.0488	297.0493	4.9715548	5.12942	-297.5613	886.04236	4736.528861284256
2555.6025	778.0099	3388.8357	1516.6991	3420.7524	5.8297486	3431.3032	3412.6475	739.0	1000.0	340000	297.04727	297.0481	4.995415	4.673492	-297.57413	1044.4951	4767.560220956802
3056.3135	345.69495	3402.0083	2710.6184	2968.4155	452.54886	3453.0613	2224.3594	885.5	851.1	342000	296.91858	296.91794	5.182346	5.4530497	-297.41876	1454.5577	4797.019421339035
2272.5808	208.49927	2420.6494	1977.7191	2912.1033	472.17935	3508.4766	2251.922	652.3333	832.7	344000	297.22952	297.22977	4.3451285	4.2840185	-297.73962	1349.9025	4825.061053276062
2659.7476	740.65393	3400.4014	1919.0935	3303.1633	190.95638	3471.6367	2852.2104	788.0	967.3	346000	297.16574	297.16635	5.085684	5.097382	-297.6423	1598.2783	4853.710382938385
3214.126	204.16321	3418.2893	3009.963	3209.396	270.83398	3496.5469	2658.8347	946.5	930.2	348000	297.4714	297.47086	5.304701	5.195616	-297.96393	977.54175	4882.601297855377
2404.1018	458.05402	3034.0266	1958.3099	3381.3743	8.63176	3394.417	3370.3186	694.0	1000.0	350000	297.43817	297.43893	4.998409	5.0866737	-297.98868	1616.5659	4912.7654440402985
2733.628	486.40213	3360.7388	2175.2673	3263.624	355.2783	3471.298	2210.541	791.3333	957.1	352000	297.68008	297.68018	5.0582848	5.1710887	-298.1683	1075.6029	4944.246278047562
2352.9412	589.48474	3185.0637	1893.0907	2346.2075	671.69543	3389.07	1651.3063	673.3333	659.8	354000	297.62292	297.62283	5.375907	5.243762	-298.1028	955.00665	4972.257569074631
2520.5938	220.818	2741.4119	2299.776	3134.6648	357.1747	3446.1191	2537.128	712.0	901.3	356000	297.77545	297.77597	4.951447	4.8613496	-298.27463	1561.2239	5005.033951997757
3378.6724	15.783936	3394.4563	3362.8884	2805.5664	487.72324	3545.034	2192.3691	1000.0	791.6	358000	297.5218	297.5212	4.7950506	4.848468	-297.98853	1204.4463	5037.061670541763
3173.9353	331.8682	3413.78	2704.641	2977.7515	545.1759	3560.3176	1973.1359	918.0	852.3	360000	297.6518	297.65225	4.8900437	4.9714723	-298.13174	848.6223	5066.12699007988
3191.455	221.57141	3413.0266	2969.8838	3356.3228	178.58022	3481.7622	2824.8943	909.0	979.3	362000	297.7625	297.7619	5.0139327	5.2784786	-298.20416	1451.331	5096.171741724014
2245.6814	266.6194	2560.6814	1908.7097	2816.471	754.06116	3425.898	1476.7386	630.0	812.3	364000	297.79034	297.79156	4.344472	4.2525	-298.24304	1014.3779	5125.481504678726
2395.345	734.82587	3391.314	1640.4795	3378.7026	16.251013	3405.206	3359.0276	681.6667	1000.0	366000	297.9443	297.9436	5.2033525	5.419011	-298.40482	1342.3105	5155.5497279167175
2701.9626	908.3106	3387.5752	1418.4154	3265.288	257.6611	3431.0823	2721.494	772.3333	937.0	368000	298.28125	298.28195	5.0994463	5.101374	-298.73163	1615.55	5187.240810394287
2166.8884	931.4942	3433.1243	1219.1165	2167.5776	638.45294	3435.887	1566.8617	621.6667	620.9	370000	298.569	298.56903	5.395706	5.555799	-299.0108	921.97656	5214.435661792755
2569.1548	439.15283	3008.3076	2130.002	2873.227	567.3543	3400.0059	2125.342	706.5	831.3	372000	298.67386	298.6739	4.407968	4.4730043	-299.12982	1330.0353	5244.291973829269
2958.0432	668.55707	3479.5422	2014.299	3378.4895	182.47516	3452.8967	2831.3567	854.6667	978.9	374000	298.70383	298.70407	4.938198	5.054483	-299.15018	1220.6637	5275.519259929657
3400.9639	4.3165283	3405.2803	3396.6472	2432.5044	674.26904	3417.7373	1720.9171	1000.0	685.9	376000	298.81104	298.81085	4.9105115	4.58087	-299.22513	1152.2186	5301.836661338806
2280.3906	292.5473	2572.938	1987.8434	3241.0906	519.8411	3422.6772	1681.6827	637.5	945.5	378000	298.94135	298.94193	4.8689823	4.992732	-299.37076	1523.5219	5332.356199502945
2417.629	977.29205	3395.0422	1362.4702	3080.7883	1023.7996	3573.547	15.686332	700.25	892.9	380000	299.15146	299.15158	4.6843553	4.604753	-299.60638	1265.3499	5361.472079515457
2272.9993	915.3879	3444.9966	1210.8501	1972.9563	334.55447	2758.477	1525.385	649.6667	542.4	382000	299.38388	299.3838	5.258769	5.426619	-299.82388	1646.6375	5384.387970685959
2301.319	806.1737	3387.7346	1458.6953	2534.6804	436.48224	3408.6245	2065.768	660.0	716.0	384000	299.53378	299.53436	4.9385066	4.599098	-299.98572	1498.6345	5412.525959730148
3242.0469	183.71056	3425.7573	3058.3362	1483.0577	68.60343	1677.9965	1436.7631	929.0	413.4	386000	299.59155	299.59125	4.867997	5.0876203	-300.02274	1266.1917	5437.67770242691
2140.1104	899.1821	3410.866	1463.7692	420.4378	1.8318845	425.1057	418.08337	616.6667	157.7	388000	299.88007	299.88046	5.0554786	4.8460827	-300.3326	997.8194	5457.4697024822235
1942.0393	503.32153	2590.1213	1176.4934	3397.9917	6.852647	3407.3923	3388.7256	540.5	1000.0	390000	299.99133	299.9919	4.9845695	5.03966	-300.41895	1686.2556	5487.599467992783
2064.9883	822.37964	3431.5898	1394.8394	1536.54	185.0841	2037.2015	1303.9619	587.0	428.1	392000	300.33044	300.33038	4.916838	4.7904215	-300.76813	1211.4127	5509.709910869598
2352.4822	752.33075	3405.5369	1694.3909	2543.9731	517.28436	3418.435	1988.0739	673.3333	716.1	394000	300.46835	300.46848	5.066373	5.147269	-300.93506	1460.1273	5537.903981208801
3522.6348	45.733765	3568.3684	3476.901	3402.772	14.406167	3432.9268	3384.9155	999.5	1000.0	396000	300.60367	300.60367	5.2711267	4.9480686	-301.00427	1612.263	5571.007878065109
3480.7676	62.900146	3543.6677	3417.8674	3240.6128	260.26453	3465.493	2709.4011	1000.0	921.4	398000	300.74228	300.74237	4.2956843	4.149154	-301.15323	1352.6289	5600.848870754242
1756.8506	626.2293	2640.6118	1265.2787	2453.6343	630.295	3549.4438	1661.9792	490.33334	688.3	400000	300.71567	300.7159	4.389025	4.5010247	-301.11826	1548.7529	5627.887573957443
2604.0388	576.6161	3418.1443	2156.3242	1370.5227	60.013725	1458.1987	1283.7325	738.6667	378.5	402000	300.93268	300.93246	4.6336093	4.568004	-301.3502	1493.011	5651.280899763107
2164.866	630.6943	2999.413	1474.9916	1240.6023	9.278813	1254.355	1226.7919	608.0	349.5	404000	301.13947	301.13928	5.0159736	5.0114202	-301.55167	1040.3064	5674.116017103195
2034.0387	379.06818	2453.688	1462.7885	2894.0312	530.70624	3470.917	1970.9663	570.5	821.4	406000	301.30356	301.3039	4.0823565	4.2679195	-301.72784	1460.6083	5702.825190782547
1860.5029	899.8292	3414.4119	1234.7421	1649.7758	281.05862	2439.4854	1417.5127	529.0	455.3	408000	301.49103	301.49106	4.649304	4.494816	-301.8945	1115.4597	5729.161188840866
1285.8969	753.624	2036.6001	327.54788	2478.3616	796.5957	3391.0933	1482.326	372.2	712.0	410000	301.6731	301.6731	5.2544246	5.0911818	-302.058	1386.865	5755.468815088272
2390.0278	884.83246	3274.8604	1505.1954	1405.7412	76.06039	1505.0426	1319.741	671.0	393.0	412000	301.44937	301.44904	4.8155766	4.8540187	-301.8781	1071.3342	5777.923398017883
2294.0007	748.6871	3408.2842	1464.6472	1393.4336	44.728374	1436.3778	1305.7428	649.5	391.0	414000	301.81564	301.8158	4.1218925	4.1489844	-302.22256	1113.4115	5800.811547756195
1950.4086	365.8054	2266.8118	1437.7535	2186.327	825.1732	3375.5527	1458.1401	541.6667	636.6	416000	301.83432	301.8344	4.646218	4.6868687	-302.2442	1538.4806	5827.23153424263
2741.3904	945.0446	3411.3813	1404.897	1746.0281	634.6825	3388.8254	1362.877	797.3333	496.9	418000	302.12262	302.12177	4.500043	4.2809787	-302.5024	1313.9783	5852.010030269623
2252.5154	825.4604	3417.1755	1601.2476	2533.442	446.9522	3266.6104	1920.9369	643.6667	705.4	420000	302.22638	302.22665	4.606563	4.8097916	-302.6033	1331.5096	5881.097200155258
2526.788	620.1125	3402.8726	2054.598	1447.2771	35.660267	1518.7352	1405.467	722.3333	406.2	422000	302.4451	302.44577	5.018322	4.980375	-302.8585	1336.0626	5903.12512087822
2175.6282	298.94754	2587.9736	1888.6296	3349.125	202.13348	3523.3394	2852.982	613.0	965.7	424000	302.78836	302.7883	4.5179706	4.4895997	-303.15417	1431.8962	5932.801947116852
2823.4502	585.64	3409.09	2237.81	3378.6633	13.274925	3397.119	3346.42	814.5	1000.0	426000	302.59708	302.59735	4.8901896	5.1537657	-302.98755	1597.6024	5962.9553463459015
2936.4622	742.6512	3517.205	1888.2322	3386.3618	13.558054	3415.463	3370.507	846.0	1000.0	428000	302.92584	302.92557	4.538641	4.424605	-303.33206	1220.9542	5992.579216003418
2579.415	488.4889	3067.904	2090.9263	1855.5641	264.07242	2342.3794	1622.4902	726.0	519.1	430000	303.12985	303.13022	5.1798916	5.0963993	-303.537	1361.0072	6015.8256483078
2767.5095	615.5517	3396.9453	1932.0096	2875.967	684.4142	3429.8208	1908.7224	776.3333	829.0	432000	303.24112	303.2409	4.5340858	4.470249	-303.60745	1401.9845	6043.204432487488
2528.8887	437.72458	2880.4548	1911.8517	2444.7603	607.2135	3423.2456	1669.2334	708.0	696.5	434000	303.10962	303.10947	4.6084023	4.409584	-303.4998	1059.0284	6072.292295455933
1886.1534	1272.0891	3421.0315	306.04718	2586.0894	635.01715	3538.557	1986.3677	553.3333	730.5	436000	303.34103	303.34128	4.4647555	4.762127	-303.71417	1097.8063	6106.003034591675
2882.5354	375.58267	3405.195	2539.268	2842.8066	601.8649	3416.9216	2019.9655	819.3333	816.9	438000	303.24524	303.245	4.6222415	4.4274406	-303.62054	1034.733	6139.773938417435
3314.722	168.22778	3482.9497	3146.4941	1696.5511	213.72858	2279.469	1552.3126	950.0	473.7	440000	303.44897	303.4492	4.123657	4.5689015	-303.8197	1378.8938	6166.978335380554
2099.7368	443.25818	2526.6362	1488.7517	2571.164	620.37494	3392.3345	1752.353	592.6667	728.7	442000	303.5509	303.5513	4.0894356	4.220118	-303.92426	1347.0334	6194.191890239716
2486.0022	449.01105	2999.5986	1905.8151	2976.7998	321.93622	3418.9478	2467.537	694.3333	842.1	444000	303.81982	303.81982	4.4709697	4.3288374	-304.1993	1452.2334	6221.678871393204
2577.9934	353.11252	2857.4917	2079.8547	2500.272	338.32663	3225.436	1930.135	716.6667	707.6	446000	303.94354	303.94388	4.420803	4.330256	-304.31192	1288.9907	6248.409209489822
2354.3708	816.75287	3496.7888	1635.5524	1381.3878	86.62072	1493.689	1262.4796	666.6667	385.6	448000	304.02985	304.03015	4.3278065	4.4874363	-304.41287	1385.1564	6270.094708919525
2373.5352	140.00511	2550.9753	2208.7336	1940.5417	452.25238	3252.4712	1603.6833	660.6667	540.3	450000	304.24075	304.24094	4.4436064	4.4158974	-304.61237	1301.8857	6293.985559940338
1560.5847	137.88782	1706.6141	1392.8077	2246.887	409.05548	3208.075	1928.631	434.5	628.4	452000	304.38635	304.38647	4.9436593	4.5948324	-304.76187	1249.2815	6321.100065469742
2777.6199	618.6459	3469.7744	1968.1036	2856.874	445.43204	3427.9253	2101.5366	785.6667	801.6	454000	304.59012	304.591	4.8204746	4.663042	-304.9621	1401.5623	6349.7229726314545
1902.0316	200.68327	2180.2034	1714.2012	2833.918	489.512	3400.8835	2076.8274	527.6667	816.8	456000	304.67755	304.67673	4.5474105	4.9041367	-305.0405	924.53546	6377.92232632637
3145.1055	219.7489	3364.8542	2925.3564	2623.8032	657.9987	3374.9531	1754.2314	907.0	752.9	458000	305.0686	305.06912	4.5565033	4.3863974	-305.43738	1470.2662	6404.933712244034
2810.3281	808.06964	3394.9036	1667.6473	3194.319	285.92593	3410.3176	2552.575	821.3333	913.3	460000	305.1117	305.11163	4.9943886	4.9640784	-305.4833	1114.383	6437.292190313339
2996.0854	215.60791	3211.6934	2780.4775	2273.6814	579.1266	3363.858	1659.0907	831.5	644.6	462000	305.24716	305.24744	4.3057127	4.0528555	-305.6058	827.06244	6467.6933789253235
3127.2373	424.3938	3551.631	2702.8435	2535.3015	504.93613	3467.851	1914.267	873.5	713.9	464000	305.42517	305.42496	5.0633683	4.9596677	-305.7963	1046.8273	6498.830940723419
2980.9631	643.7303	3476.4932	2071.8206	2208.1006	394.7106	3021.3633	1841.7909	859.6667	613.8	466000	305.78882	305.7883	4.41866	4.4096093	-306.16525	753.3426	6528.256012201309
2493.266	631.12616	3380.0913	1962.4683	3185.8306	439.11627	3378.7915	1908.7385	714.3333	937.2	468000	305.74762	305.74756	3.934894	3.6887507	-306.1203	977.8795	6560.656731367111
1972.1444	429.103	2572.1062	1593.2433	1766.11	590.1874	3409.67	1478.7579	551.3333	496.5	470000	306.13324	306.13333	4.763992	4.7337313	-306.51706	936.9933	6589.681088209152
3398.9016	19.313965	3418.2156	3379.5876	2768.9624	543.092	3522.8098	2077.3118	1000.0	784.6	472000	306.35648	306.35648	4.084158	4.1613135	-306.687	1200.1036	6622.972450017929
2743.907	643.1657	3382.7273	1863.7612	2619.5342	436.5263	3397.3694	2244.7373	782.0	735.5	474000	306.27618	306.27634	4.496663	3.910546	-306.61676	1420.3304	6653.094616651535
2511.0	422.5595	2871.694	1918.0276	2541.1082	594.7929	3432.7732	1655.2294	717.3333	738.8	476000	306.30612	306.30646	4.1040664	4.431787	-306.65155	1118.4847	6681.011466026306
2795.183	591.6627	3386.846	2203.5205	3095.7134	556.3465	3385.4873	1962.1825	801.5	908.6	478000	306.47125	306.47128	4.5409718	4.4762573	-306.7951	1281.1779	6710.164559841156
3148.838	226.17468	3375.0127	2922.6633	2510.0854	681.93634	3415.2703	1750.5092	911.0	709.4	480000	306.5208	306.52072	4.7031827	4.4865165	-306.8593	1144.0767	6736.180227279663
3402.2825	21.253662	3423.5361	3381.0288	2856.7563	578.9831	3404.9312	1927.0205	1000.0	813.1	482000	306.60425	306.604	4.461913	4.4079313	-306.95163	1012.2951	6765.868102073669
3404.9414	6.5839844	3411.5254	3398.3574	2888.529	540.01825	3545.08	2001.5568	1000.0	820.9	484000	306.78333	306.78357	4.2771926	3.9280162	-307.13382	1033.6896	6794.430021286011
2085.969	432.91446	2681.2021	1664.2739	2162.599	325.56305	2924.6643	1644.83	581.0	596.3	486000	307.10608	307.10602	4.189715	4.1064377	-307.44073	1487.3108	6819.952969789505
2765.2249	886.8736	3397.1855	1511.0088	2421.4927	591.33563	3444.1426	1738.7354	805.6667	667.7	488000	307.16135	307.1609	4.1001105	3.8237426	-307.50995	1355.0969	6848.389462471008
2906.0417	375.739	3426.191	2551.8752	2307.7527	596.954	3429.2742	1788.3706	816.6667	638.0	490000	307.37155	307.37177	4.7286415	4.6315846	-307.71677	1746.7915	6874.433894395828
2296.8691	124.59619	2421.4653	2172.273	2888.8577	743.41364	3410.6729	1176.1061	637.5	854.6	492000	307.57132	307.57214	4.418421	3.9680562	-307.90814	1413.557	6902.703278303146
2686.1963	766.1365	3363.6604	1615.1873	1602.5675	70.62761	1730.8895	1440.7072	763.0	436.8	494000	307.7616	307.76154	4.1463885	4.0710917	-308.09348	1470.914	6923.2480936050415
2012.5895	1143.1008	3425.105	424.3871	2785.7527	649.76776	3452.5278	1692.4253	579.75	794.7	496000	307.78333	307.78333	4.5675616	4.4426146	-308.0913	1141.1425	6950.91249704361
2104.3716	667.8336	3023.3218	1456.0831	2332.2114	425.15005	3415.9526	1921.4419	574.6667	644.0	498000	307.63742	307.637	4.2564397	4.035061	-307.93097	1468.1193	6978.867473125458
2435.5461	376.22104	2907.2124	1986.4957	3301.9321	238.70056	3463.8142	2743.89	672.0	954.2	500000	307.48703	307.48712	3.9911005	3.9177084	-307.79514	1390.3976	7009.9506940841675
3289.646	113.572266	3403.2183	3176.0737	2335.9495	489.90497	3404.3623	1880.4991	944.5	640.8	502000	307.65048	307.65054	4.023339	3.8693871	-307.9572	1449.366	7038.438789844513
2315.057	443.00488	2932.0105	1912.207	2938.8555	619.4767	3452.4468	2166.6694	647.6667	827.8	504000	307.7394	307.73962	4.355625	4.1809816	-308.0753	1150.7803	7067.216294288635
2407.221	652.4316	3329.504	1922.7067	3264.5813	268.99203	3428.0962	2544.8643	666.0	936.4	506000	307.8328	307.83234	4.1369944	4.03966	-308.1665	1514.133	7097.361919164658
2157.3926	126.88507	2345.4905	1988.516	2485.9604	448.16846	3428.2085	2024.6841	591.0	689.4	508000	307.87927	307.87952	3.8176837	3.6958022	-308.17972	1359.1606	7124.127273321152
2422.5762	547.7976	2970.3738	1874.7786	2092.965	521.1068	2992.5237	1612.6044	680.0	582.7	510000	308.1931	308.19327	4.0162406	3.8716285	-308.49994	1505.2762	7148.173499107361
2100.401	788.08655	3411.1873	1352.9001	2334.1118	263.92346	2816.0464	1919.853	594.25	640.0	512000	307.9387	307.93787	3.6392744	3.5057135	-308.248	958.8732	7176.3065893650055
1727.9802	159.94104	1997.7483	1579.6045	1831.4971	62.149033	1927.0627	1770.1294	474.0	489.7	514000	308.1275	308.12848	4.9326386	4.668128	-308.42874	1072.3075	7204.746371507645
1854.294	159.68512	2017.4348	1654.7128	2569.3638	612.6145	3485.203	1654.8086	508.75	710.7	516000	308.165	308.1654	3.8792386	3.8713732	-308.49106	1266.5673	7233.696082830429
2689.2458	230.29005	2979.3047	2415.9602	2023.155	176.20262	2454.0264	1890.0653	751.0	563.6	518000	308.2664	308.26614	4.0231895	3.7301602	-308.6053	1069.2483	7259.583345890045
1945.5645	729.59344	3082.5327	1217.1746	2369.3813	450.8334	3403.6782	1903.4785	541.0	651.2	520000	308.6657	308.66534	4.3283153	4.383476	-308.96817	1312.6836	7284.93736410141
2453.8728	667.556	3394.0962	1910.0609	2868.0864	407.3376	3414.6772	2125.2058	697.0	792.7	522000	308.80112	308.80093	3.8318398	3.5017686	-309.1302	1562.7749	7310.909720659256
2466.3472	246.67615	2713.0234	2219.6711	3301.429	400.9659	3537.078	2143.3281	690.5	930.6	524000	308.6962	308.69647	4.35254	4.22987	-309.0143	1454.1412	7339.787129402161
2932.4307	739.6341	3497.5422	1887.5924	1534.5095	68.61903	1660.2303	1427.4496	823.6667	417.1	526000	308.9035	308.90366	4.420128	4.2543507	-309.22733	1498.9365	7361.880546808243
1432.0854	235.5446	1793.6774	1123.9877	1297.6182	37.77173	1359.5734	1250.3326	389.4	353.3	528000	309.02194	309.02145	4.817025	4.632516	-309.324	1593.4635	7385.8274211883545
1561.0433	497.9596	2387.9495	1130.9078	1654.5574	288.83865	2514.9807	1494.6328	437.25	454.9	530000	308.6731	308.67328	4.673214	4.212069	-308.98187	929.02295	7414.443311452866
1713.8252	342.62683	2159.6238	1271.6996	1482.1418	88.84748	1527.3529	1216.8452	477.2	407.9	532000	308.89377	308.89355	3.9702673	4.1664543	-309.18637	1333.2897	7438.755426645279
1727.2944	322.55673	2182.1157	1469.5936	1563.3866	22.598206	1601.5824	1520.9612	477.66666	420.6	534000	308.48657	308.48712	4.1244483	3.8797467	-308.79263	1094.0511	7461.141047954559
1749.3516	421.6678	2515.413	1326.7178	1512.6296	141.77176	1796.9856	1391.534	479.0	407.9	536000	308.42798	308.428	4.3206477	4.026141	-308.72925	1455.4607	7483.296779155731
1502.741	165.97168	1746.7147	1231.7552	1444.2948	68.3475	1543.2394	1356.9918	415.4	401.7	538000	308.53262	308.53247	4.4469013	4.1667266	-308.835	1500.7925	7507.262839794159
2152.5112	895.029	3418.2258	1510.1597	2474.8567	457.5598	3412.8252	1870.5696	612.0	689.0	540000	308.48672	308.48734	4.453058	4.0910244	-308.7698	1654.6198	7532.485737323761
1770.5024	363.2024	2174.598	1256.8099	2810.846	639.46277	3436.3325	2018.916	495.0	802.1	542000	308.369	308.36847	3.8051083	3.7393048	-308.6442	1589.7677	7560.596790552139
2339.755	800.1092	3445.6306	1579.3535	3348.8071	94.749916	3441.1982	3075.6794	663.3333	983.1	544000	308.42676	308.42703	3.8891978	3.809458	-308.74707	1440.8948	7590.573622226715
1922.1802	233.7453	2274.7341	1617.8523	2832.192	655.18463	3507.3467	1763.3345	528.75	792.6	546000	308.32477	308.32437	3.9694245	3.9897382	-308.60242	1387.1742	7617.392017126083
2061.6343	513.2672	2785.6028	1654.186	2151.1372	417.56894	2974.6157	1663.8955	568.6667	594.9	548000	308.50424	308.5042	4.4581847	4.3678102	-308.8093	1444.3865	7643.161293029785
2901.758	473.75507	3459.0723	2301.0505	3171.3962	332.7719	3536.0217	2495.6714	821.0	900.9	550000	308.77563	308.7756	3.9803789	3.7707536	-309.0765	1138.2218	7675.503830194473
1937.791	316.43375	2344.7004	1573.0477	3430.7122	35.811016	3469.8467	3343.473	526.3333	1000.0	552000	308.43652	308.4367	3.5331435	3.5962846	-308.71793	1622.8844	7709.463706731796
3052.4783	299.06982	3351.548	2753.4084	2085.9917	528.27496	3425.9036	1603.4335	841.5	577.6	554000	308.52094	308.52127	4.554858	4.158056	-308.81506	1165.9208	7734.9294509887695
2296.9749	723.72894	3504.817	1589.6185	2875.4272	511.59454	3460.2131	1910.9692	632.25	813.4	556000	308.4708	308.47052	3.5215843	3.4708555	-308.7663	1496.5381	7766.745512247086
2424.716	721.7133	3404.0781	1686.1521	3355.2253	7.978276	3368.9534	3338.8135	686.6667	1000.0	558000	308.59644	308.5963	3.9604263	4.0649385	-308.89346	1444.502	7797.264424324036
2443.4343	651.282	3363.516	1946.7908	3173.3894	447.0918	3486.871	2164.63	691.0	907.0	560000	308.80112	308.8012	4.1182785	3.9592385	-309.08493	1500.8413	7827.18182015419
2252.4485	777.50366	3345.5818	1603.107	3424.55	28.214552	3488.382	3395.062	624.6667	1000.0	562000	308.74756	308.7473	4.1508474	4.1772947	-309.01294	1358.6108	7858.139100074768
3447.4316	41.572144	3489.0037	3405.8594	2687.683	595.30743	3401.7896	2063.2893	987.0	764.6	564000	308.6331	308.63297	4.29449	4.178898	-308.90408	1189.6663	7886.083912611008
1867.358	513.9918	2586.93	1418.4456	1739.792	37.081398	1812.7738	1698.1588	516.6667	477.1	566000	308.66473	308.66513	4.113858	3.9057436	-308.9198	1562.4293	7909.99373626709
3445.724	38.679077	3484.4033	3407.0452	3467.5352	7.5365334	3480.7253	3459.3755	1000.0	1000.0	568000	308.73102	308.73074	4.2037325	4.2052784	-309.004	1469.477	7940.003632307053
2116.6396	757.92596	2882.3647	1239.0015	1698.8516	32.053467	1744.0269	1635.8752	587.5	457.8	570000	308.93793	308.93835	3.5945547	3.5979583	-309.2067	1733.8856	7960.629975795746
2613.9905	696.9033	3116.337	1628.4825	1876.6338	313.20044	2487.999	1474.2203	719.6667	506.9	572000	309.07224	309.072	4.1762257	3.9816623	-309.3537	1487.6829	7985.014633655548
1833.842	357.17294	2292.1934	1308.1241	2613.548	523.55005	3527.486	2117.605	510.25	727.3	574000	309.41635	309.41678	3.6626437	3.53783	-309.69388	1626.6383	8017.408439397812
1682.6567	248.9704	1948.9492	1417.1775	3304.5112	262.23163	3473.4565	2646.2153	463.25	950.2	576000	309.2675	309.26733	4.145282	4.20383	-309.52612	792.2943	8050.392518281937
2481.9084	773.3772	3403.3682	1510.931	1425.5073	27.406733	1484.0414	1389.5228	683.0	386.6	578000	309.49054	309.49097	3.8772867	3.8199673	-309.76538	1007.1987	8074.637915611267
2027.3728	374.79532	2382.567	1397.1604	3323.032	127.90166	3403.5046	3056.6448	559.5	962.8	580000	309.23672	309.23706	4.043252	3.8966832	-309.50824	1525.1162	8103.514810800552
1722.6368	229.634	1919.236	1354.0563	1965.0039	642.67914	3437.5242	1366.4967	474.75	542.8	582000	309.4139	309.41357	3.8342965	3.677213	-309.69644	1503.0951	8127.557358980179
1557.2671	327.55283	2072.5955	1212.2502	1895.3982	392.15704	2593.4539	1469.7623	423.75	511.5	584000	309.4727	309.47244	4.188923	4.265816	-309.7457	1086.8937	8150.924735546112
1979.1741	389.24564	2399.189	1341.9791	1593.5835	76.05792	1739.6157	1503.9056	548.0	440.0	586000	309.68167	309.6814	4.130145	3.8920429	-309.96564	1086.9849	8173.447899341583
2589.4575	221.45525	2825.178	2293.018	1591.6583	69.21601	1670.9346	1482.7366	715.6667	425.6	588000	309.5583	309.5582	4.08491	3.7698455	-309.81522	1433.2231	8196.510642290115
1925.045	202.45888	2145.5063	1656.5994	3023.4534	659.1221	3429.8894	1550.2441	520.3333	870.0	590000	309.36597	309.36636	3.3259287	3.367705	-309.65607	1103.0642	8224.536361455917
3001.9426	744.18195	3545.0034	1949.6921	1890.8295	566.13556	3407.8623	1388.2594	833.6667	517.5	592000	309.744	309.74338	3.2903986	3.2272613	-310.01016	1362.5046	8246.756546020508
1737.397	274.24823	2170.955	1456.1249	1440.9288	14.484702	1471.1464	1422.8953	470.25	391.3	594000	309.95758	309.95804	3.7621295	3.683026	-310.22058	1525.3258	8272.919164657593
1611.3086	334.05618	2230.3167	1309.7134	1445.675	19.525867	1483.844	1417.3229	437.4	388.9	596000	309.8716	309.87198	3.5381796	3.3272607	-310.12738	1476.8104	8299.807596206665
1557.6895	157.32748	1822.1667	1415.3768	2530.6	539.7247	3584.2915	1975.777	421.75	702.2	598000	309.818	309.81848	3.9765792	3.6857169	-310.09006	1228.9485	8329.273161888123
2398.1619	408.1904	2854.3828	1863.7412	2079.2144	564.3176	3629.0376	1750.1246	654.3333	560.8	600000	310.11667	310.1164	3.8838878	3.5256283	-310.3757	1228.664	8354.99943614006
2475.851	1002.09595	3477.947	1473.7551	3443.1067	9.553737	3454.797	3427.0884	699.5	1000.0	602000	310.0085	310.0084	3.6555479	3.6385365	-310.2451	1545.185	8385.063013076782
2158.2349	801.1754	3434.4507	1314.798	1695.0615	41.86433	1727.5306	1579.6698	597.0	452.8	604000	309.78488	309.7847	3.9105508	3.8952367	-310.02362	1126.574	8408.518206596375
2576.2532	565.35077	3374.3176	2135.3625	1767.6062	115.434235	1992.5428	1547.1189	699.6667	470.0	606000	309.9064	309.90652	3.9734309	3.619019	-310.15112	1590.9099	8433.067374944687
892.8665	918.1386	2484.601	16.831034	16.876549	0.6761771	18.254604	15.711277	246.2	16.9	608000	310.03247	310.0324	3.9055502	3.9516723	-310.29428	1083.7919	8453.248080015182
926.5381	933.86646	2140.2402	16.936628	3324.8445	217.7972	3543.4675	2777.7349	257.66666	958.8	610000	309.9026	309.9023	4.1977687	4.0095325	-310.1304	1210.5568	8482.854704618454
2079.0225	513.45044	2628.8667	1463.3721	3447.1848	2.2051356	3450.7954	3442.9849	563.5	1000.0	612000	309.74966	309.74966	4.342698	4.115665	-309.99463	1474.6508	8514.17547917366
1669.3544	219.97606	2049.2686	1517.2388	1507.3795	92.40289	1751.0455	1395.1405	447.0	408.6	614000	309.68198	309.6828	3.8839986	3.9058971	-309.93707	1398.244	8541.580132961273
2115.9785	471.53708	2604.6687	1478.6865	2684.954	641.32776	3613.6938	1917.9889	581.3333	744.4	616000	309.7729	309.77292	4.8492756	4.6308947	-310.01492	1354.76	8570.121992349625
1959.5266	424.43826	2498.0972	1341.8816	1395.5342	61.451405	1453.872	1260.5294	530.2	370.1	618000	309.8082	309.80823	3.6545544	3.4079158	-310.0538	1238.332	8593.674224615097
2395.3782	933.8034	3329.1816	1461.5748	865.1447	2.7402902	869.295	859.19476	654.0	285.0	620000	309.61026	309.61047	4.3412333	4.0305653	-309.86057	1577.4875	8612.450882673264
2293.7678	770.5435	3454.524	1417.0378	1523.5647	113.37269	1707.2308	1406.8898	636.75	418.1	622000	309.841	309.84042	4.1444283	4.1874666	-310.09726	1199.279	8636.460016012192
2653.749	160.16223	2813.9111	2493.5867	2237.4731	601.2055	3238.2305	1505.3433	716.5	614.1	624000	310.05573	310.05704	4.543572	3.9102418	-310.2965	1013.97675	8664.634337425232
2463.5964	306.93356	2767.3965	2043.1979	3466.4673	3.7083375	3474.2751	3461.3123	679.3333	1000.0	626000	310.09888	310.0984	3.7053354	3.6524355	-310.36578	1593.432	8695.791591882706
2398.4836	257.11246	2580.5283	2034.872	3472.7852	2.2021801	3476.304	3468.6807	662.6667	1000.0	628000	310.14502	310.14575	3.8916488	3.7649953	-310.39456	1239.5034	8730.758722543716
2310.361	809.18756	3430.688	1530.713	1935.8287	429.61832	3185.463	1582.0756	648.0	515.9	630000	309.9992	309.9993	3.2377276	3.2075634	-310.2425	1047.8705	8755.601051330566
2252.5505	568.0893	2712.1252	1452.078	2308.544	574.91797	3463.1724	1506.7659	625.3333	636.7	632000	310.148	310.14737	3.6688328	3.7331007	-310.4135	1489.803	8781.711780786514
2172.8672	597.9239	3018.2893	1735.4751	1949.0238	364.52185	2626.6548	1501.684	600.3333	525.8	634000	310.2742	310.27383	4.437416	4.2008667	-310.51724	1081.6488	8807.948931455612
2050.5928	817.5666	3408.9438	1339.2639	1632.2498	308.78745	2215.0754	1188.0269	573.25	454.4	636000	310.30792	310.30835	3.9601688	3.674555	-310.5582	882.50836	8831.801202058792
1418.8376	384.45908	2161.7483	1131.2139	1212.5027	23.001064	1247.9531	1186.93	390.0	333.0	638000	310.3985	310.3984	4.3277225	4.020538	-310.64868	1015.1669	8853.482745409012
1338.307	100.156525	1474.158	1229.9138	2754.7444	388.58096	3689.3298	2254.0427	363.83334	745.3	640000	310.47012	310.47037	3.638746	3.5783002	-310.72867	1528.2816	8880.30129122734
1601.4983	117.436424	1802.5383	1505.3217	1534.1958	101.80737	1716.6692	1393.622	435.25	420.5	642000	310.4522	310.4515	3.962787	3.708743	-310.70667	993.4748	8904.002158164978
1724.6487	413.0883	2402.2847	1371.4622	2606.7866	579.5161	3447.1997	1968.4918	478.0	735.5	644000	310.35254	310.353	4.5132627	4.330349	-310.58374	1194.6404	8932.96461391449
2347.0706	394.51483	2824.0588	1857.9281	2380.1104	502.44006	3285.009	1907.3489	642.0	652.8	646000	310.49548	310.4959	3.8948865	3.79076	-310.7635	1342.2845	8958.162257194519
2907.912	625.1791	3533.0913	2282.7332	2654.5015	460.11716	3444.686	2095.8367	801.5	718.4	648000	310.19946	310.19907	3.6822143	3.5002656	-310.43732	1560.8301	8986.39576625824
2444.2278	680.11224	3608.6355	1954.8662	2016.7458	177.28162	2304.044	1611.6201	656.75	542.1	650000	310.3583	310.35815	3.9184444	3.6387022	-310.573	1391.0869	9010.831970214844
2601.9578	735.0299	3540.381	1745.5452	1727.5605	216.76353	2214.2825	1494.4015	715.0	460.4	652000	310.4397	310.44046	3.7230966	3.4687114	-310.65552	1546.337	9032.341564655304
1558.5781	260.9141	1855.4598	1290.2389	1778.2402	289.16577	2280.3376	1383.3566	423.0	478.0	654000	310.5662	310.56628	3.76021	3.5220356	-310.78235	1581.9934	9056.559255838394
1664.5667	213.83304	2034.5154	1469.0822	1752.7703	120.835976	1918.3768	1524.3578	446.6	462.3	656000	310.30557	310.30505	3.5793295	3.6035655	-310.54602	1091.4982	9083.685243606567
1973.6025	484.27945	2641.5964	1508.7317	2765.2913	714.47845	3439.5024	1749.8856	521.6667	777.9	658000	310.49524	310.49533	3.4501271	3.10089	-310.71362	1506.0837	9112.212913274765
2677.1846	457.86017	3291.8982	2193.6199	2809.1453	641.63586	3626.446	1472.8236	726.6667	779.8	660000	310.5001	310.5005	4.118856	3.7795424	-310.7465	1622.8652	9139.34239077568
2398.281	439.5514	3016.676	2034.3226	3024.7024	485.81897	3443.2183	1699.1891	660.6667	833.3	662000	310.74084	310.74072	3.6911764	3.8486676	-310.99423	1526.2577	9166.884195804596
2429.5251	315.93494	2746.3196	1998.2666	2989.4653	545.7539	3501.1624	2009.9845	664.6667	851.0	664000	310.90085	310.90027	3.528504	3.5090961	-311.1231	1614.539	9194.256218910217
2614.6157	726.39844	3523.1062	1745.0804	2734.5764	593.68384	3601.9644	2027.5436	711.0	753.2	666000	310.64365	310.64368	3.4011695	3.3620355	-310.85294	1264.0999	9220.19750380516
3084.7305	413.33313	3498.0635	2671.3972	3463.982	3.6005752	3469.0183	3457.9504	860.5	1000.0	668000	310.60065	310.60123	3.909841	3.7557847	-310.8052	1432.5077	9249.067346572876
2304.1	625.1124	3326.7336	1628.6907	2781.7021	566.85406	3574.6565	2211.328	630.75	770.0	670000	310.39148	310.39175	3.4463544	3.514682	-310.61362	1112.7463	9275.647985458374
2432.62	1071.5872	3504.2073	1361.033	1348.3278	48.842484	1426.2919	1274.7306	678.5	365.0	672000	310.6111	310.61053	3.6181474	3.7559028	-310.82718	1396.223	9298.08623623848
2796.3157	505.86588	3486.3152	2287.6821	3005.0095	690.79047	3456.7197	1688.3519	768.6667	849.8	674000	310.62872	310.62888	3.4859967	3.4004252	-310.8495	1661.9918	9325.449986219406
1987.765	659.1997	2919.9602	1512.9775	2376.1277	461.37375	3503.2935	1859.5522	539.0	651.8	676000	310.93695	310.93726	3.7343314	3.5328484	-311.1763	1097.6123	9350.516918897629
2840.4866	876.50385	3475.7512	1601.053	3200.0557	445.47226	3778.0684	2329.6907	811.0	902.7	678000	311.1067	311.10623	3.3078115	3.1072183	-311.34818	1052.1672	9378.700950145721
2473.161	744.6301	3458.8777	1659.3931	1966.7354	575.72906	3643.694	1474.8047	703.0	530.0	680000	311.05878	311.05893	4.395423	3.986857	-311.2554	1487.5464	9400.752455234528
3269.3062	198.91223	3468.2185	3070.394	2590.7856	664.05316	3476.5232	1576.9349	909.0	717.0	682000	311.28323	311.28308	3.2305872	3.1854296	-311.49896	913.1404	9428.176450490952
1635.1836	541.757	2471.5889	871.5142	1481.5858	54.68556	1574.893	1356.4832	449.2	401.6	684000	311.17612	311.176	3.646384	3.4530635	-311.38882	1333.2948	9452.076243638992
1611.0278	131.98956	1781.7639	1435.3774	2209.168	523.87646	3039.9834	1488.2135	435.75	595.4	686000	311.23227	311.23254	3.319909	3.185079	-311.45486	1193.0725	9477.86306142807
2743.9854	724.88135	3436.5562	1743.1477	2552.011	613.1855	3476.7427	1914.9244	767.3333	705.1	688000	311.24686	311.24704	3.5490313	3.5104532	-311.46878	1597.4127	9504.408824443817
2282.0593	579.0827	3083.7783	1736.4928	1541.5818	69.17378	1667.6913	1425.5793	617.6667	411.3	690000	311.23578	311.2357	3.8721473	3.9337344	-311.44824	1768.9445	9524.471799373627
2441.8274	465.9745	2818.719	1785.2334	3227.4597	322.98462	3428.2893	2568.35	661.6667	930.2	692000	311.3032	311.30292	3.4640958	3.142109	-311.5048	1193.6006	9555.4886302948
2045.8723	889.2854	3571.2175	1403.664	2236.7102	642.515	3596.8818	1549.071	551.75	604.6	694000	311.57626	311.57657	3.7052548	3.3581195	-311.79282	1332.3588	9583.89153289795
1610.8839	326.20752	2059.4355	1293.2373	3065.5327	508.78812	3476.3574	2211.8157	443.66666	863.9	696000	311.37366	311.3736	3.5486646	3.5166826	-311.5764	869.91425	9618.027742862701
2252.6672	714.2113	3428.4995	1598.9904	1566.5406	134.08734	1721.7104	1392.8167	599.25	415.1	698000	311.66452	311.66483	3.283184	3.1455967	-311.89	1418.9762	9646.859628200531
2167.062	946.325	3471.874	1256.9824	2022.5037	539.3961	3228.4666	1674.9764	608.6667	541.2	700000	311.82062	311.82028	3.321977	3.329014	-312.0435	1287.917	9673.944794416428
2293.3127	365.90677	2805.8943	1975.5663	1490.9956	94.60272	1730.994	1372.1118	613.6667	399.4	702000	311.8571	311.8567	3.8381102	4.028634	-312.04422	1420.614	9695.412094831467
2146.6077	413.34912	2540.127	1506.2423	2197.2622	438.84515	3427.5962	1785.4725	573.5	585.8	704000	311.87634	311.8767	3.8872054	3.8136969	-312.09097	1409.2957	9719.855986595154
1475.0884	125.936676	1683.3431	1315.4764	1422.6176	213.1815	1732.254	1199.8115	392.0	375.9	706000	311.95416	311.9542	3.6404178	3.5860088	-312.1751	1152.6306	9745.572373867035
2024.3792	360.13123	2545.8042	1609.6226	2811.195	414.64926	3447.3699	2260.2273	536.25	771.3	708000	312.05826	312.05856	3.4605055	3.4267652	-312.27563	1441.9319	9776.63607430458
2559.4746	409.31976	3128.1936	2181.6643	1585.9841	114.80319	1815.6276	1420.5792	718.6667	424.5	710000	312.0667	312.0662	4.2269673	3.8296995	-312.27267	1048.8008	9803.349636793137
1847.0867	482.51144	2650.7249	1469.1245	1990.8828	372.14697	2707.2307	1483.4454	514.0	542.4	712000	312.04547	312.04562	3.7058394	3.7109275	-312.2589	1470.145	9827.56460738182
2552.491	1069.5077	3621.9985	1482.9833	3431.118	4.87096	3438.2188	3424.6785	693.0	1000.0	714000	312.2519	312.2522	3.687128	3.6498454	-312.47418	1526.9559	9856.572676181793
2955.3616	712.2238	3473.0935	1948.2582	1656.4915	190.62308	1871.838	1270.1387	838.0	440.3	716000	312.3481	312.3479	3.3283277	3.3286855	-312.54898	1585.9335	9877.179201126099
2170.4692	334.16052	2606.917	1795.3063	1555.1892	80.10108	1768.0017	1503.4653	577.6667	415.9	718000	312.40588	312.4065	3.777291	3.7405093	-312.63593	1589.1047	9902.179170370102
2012.4482	286.4077	2394.1074	1586.9475	1623.5164	294.53244	2084.357	1276.1721	541.0	444.5	720000	312.5535	312.5529	3.9146643	3.8916082	-312.7658	1091.8433	9928.66218328476
1497.9556	117.290375	1676.6311	1366.5465	2393.312	504.25986	3331.3	1797.0256	406.25	644.6	722000	312.37772	312.37772	3.8854175	3.893565	-312.57938	1178.2	9954.14657664299
2199.5813	326.2749	2542.6719	1705.6678	2138.264	283.0438	2788.5857	1785.9713	585.0	570.8	724000	312.35757	312.35748	3.6685321	3.534332	-312.58405	1514.7985	9977.461515665054
2238.961	680.0586	3026.304	1366.9718	3224.075	316.94247	3564.6477	2713.851	600.0	891.9	726000	312.5524	312.55237	3.5598667	3.8108764	-312.76468	1486.0632	10005.192756414413
2310.3083	680.2806	3441.8862	1765.5256	2952.769	748.09894	3485.2236	1450.8433	621.0	844.9	728000	312.47668	312.47705	4.137055	3.8375378	-312.65726	1446.9805	10033.169172286987
2447.478	891.0772	3634.9841	1488.4856	2585.2998	634.5713	3611.3562	1811.2528	660.3333	704.0	730000	312.47806	312.47754	3.5781844	3.4304488	-312.69473	1377.893	10057.599354505539
1736.0045	1248.7562	3541.434	21.31887	3374.1277	301.28418	3483.2466	2470.4602	481.75	964.2	732000	312.60205	312.6024	3.8233778	3.9235265	-312.78882	892.93726	10087.382767677307
2353.1702	865.8402	3577.1306	1710.2085	2302.7605	303.76068	2924.852	1999.8127	631.0	621.2	734000	312.5413	312.54184	3.7690985	3.6136856	-312.73853	1009.7626	10113.106677055359
1606.7566	123.57946	1711.4797	1403.0311	1918.1338	502.21173	3010.623	1503.5804	424.0	520.8	736000	312.75266	312.7524	3.7779715	3.730143	-312.94574	1013.13074	10139.347322702408
1674.4092	217.23087	1970.681	1374.1422	1405.8663	206.15378	1783.4021	1224.1299	451.8	372.4	738000	312.59735	312.59723	3.2634664	3.2671583	-312.81088	1194.8855	10162.676706552505
1770.8446	500.09238	2632.7634	1412.5953	1970.3414	943.56537	3410.2278	1203.8578	479.5	558.8	740000	312.71423	312.71484	3.4863296	3.6769204	-312.90912	1524.8676	10186.694268465042
1616.1368	313.61163	1999.8867	1238.7688	3194.229	482.2204	3515.787	2027.6904	445.0	910.9	742000	312.86578	312.8654	4.3119063	4.457863	-313.06274	1000.37695	10214.303879022598
1661.9404	448.35602	2286.3188	1254.1041	1730.851	109.47039	2023.2715	1615.3561	452.66666	463.3	744000	312.9534	312.95325	3.1382258	3.1068888	-313.1708	1362.0939	10237.931943655014
2452.4712	910.95074	3526.3196	1442.8766	2959.4485	611.7156	3581.4695	1781.348	662.0	824.6	746000	312.8572	312.85754	3.6695614	3.593174	-313.04416	1477.6262	10265.28495836258
2299.9043	625.4095	2940.4465	1451.4431	2589.3206	609.58636	3535.9968	1928.1656	625.6667	693.9	748000	312.94043	312.94012	3.3896015	3.3205497	-313.14856	1100.0077	10290.465623140335
1959.91	118.58403	2052.1375	1792.4957	1684.8053	262.96838	2338.2896	1373.6908	518.0	449.6	750000	312.93726	312.9378	3.7095225	3.7279897	-313.1394	1100.203	10311.846422672272
2296.562	784.51654	3319.5193	1251.0072	1700.3652	83.650856	1775.0785	1505.4232	625.5	447.3	752000	313.0737	313.0738	3.3282611	3.4334736	-313.27747	1562.3948	10336.207009792328
1845.628	629.143	2923.462	1405.2428	2113.4297	452.0231	2973.0042	1656.6002	494.75	571.1	754000	312.91013	312.90997	3.1222153	3.2330759	-313.10587	1067.3085	10364.085506916046
1783.3127	311.82086	2190.7349	1385.0902	3511.898	80.828156	3665.4097	3457.2427	473.0	998.8	756000	313.18842	313.18872	3.0528696	3.1000507	-313.3945	1371.163	10397.944077253342
1686.8326	357.24103	2276.7034	1361.0137	2466.3313	590.90375	3668.4558	1673.6008	455.75	658.1	758000	313.1004	313.10016	3.9329493	3.9007537	-313.264	1541.1205	10427.291013002396
2343.1604	890.6994	3531.5735	1387.3271	2981.209	571.9774	3640.608	2187.4814	633.0	829.2	760000	313.10376	313.10345	4.045583	3.6906092	-313.31348	1174.6611	10455.911905050278
2301.5815	847.10645	3321.5308	1380.7592	1769.5162	64.04302	1887.5101	1693.5448	627.5	473.1	762000	313.4427	313.44275	3.6374753	3.501958	-313.64197	1279.8522	10479.666427373886
2121.6692	270.44135	2469.7932	1810.4393	3208.2427	394.80957	3550.4663	2290.849	582.6667	908.9	764000	313.4651	313.46463	3.6087615	3.7922344	-313.67032	1395.4454	10508.024100780487
2872.4585	556.5038	3428.9624	2315.9548	2098.8188	343.85294	3037.1047	1810.9921	818.0	562.6	766000	313.5425	313.54346	4.2247343	3.8148217	-313.76224	1661.3104	10533.664144039154
2266.6155	633.42847	2825.699	1265.6609	1664.2412	97.26397	1778.5338	1500.4254	622.5	450.3	768000	313.707	313.70715	3.6674376	3.3589725	-313.91776	1549.0657	10554.979037761688
2360.035	610.3452	2982.375	1530.8867	2776.0828	596.02563	3635.0103	1779.1094	630.6667	754.1	770000	314.16183	314.16196	3.220413	3.104144	-314.38165	1169.5973	10585.298703670502
1817.751	445.8193	2523.7185	1290.9047	2245.4165	432.83936	3117.125	1677.2269	481.75	595.2	772000	313.97647	313.9768	3.660456	3.5508828	-314.15854	1256.5208	10614.911127328873
1852.1969	333.30756	2412.4343	1572.5051	1662.0172	91.52767	1790.1187	1528.1113	497.0	436.7	774000	313.9423	313.94162	3.915261	3.7881422	-314.1309	1082.4877	10642.74153637886
1761.4897	275.59012	2216.3806	1515.673	3387.4941	10.359191	3406.6365	3363.8215	463.25	1000.0	776000	313.77667	313.77655	3.735181	3.9388247	-313.94632	1416.1952	10673.893698453903
2650.1882	575.1359	3459.0662	2171.8618	3116.3398	342.315	3483.4478	2550.9517	710.0	867.5	778000	313.73697	313.73734	3.7535522	3.495727	-313.93018	1418.5668	10702.866832017899
2961.2344	602.8651	3595.0269	2150.476	3390.7734	223.44289	3580.021	2867.1006	791.6667	941.9	780000	313.72577	313.72617	3.2303207	3.0023093	-313.91226	1514.67	10731.666399002075
2449.6821	832.0014	3551.0974	1540.5015	3388.977	4.954174	3400.5476	3380.4773	674.6667	1000.0	782000	314.02365	314.02298	3.7622716	3.777693	-314.21582	1211.3408	10761.730741739273
2336.4656	316.81708	2780.8174	2064.5579	2624.9644	407.5268	3766.9392	2288.8755	620.6667	695.7	784000	314.1882	314.18842	3.4692833	3.421845	-314.38187	1097.7094	10788.31686925888
1916.0664	441.33704	2526.8352	1499.3773	1686.2363	130.78702	1868.3455	1506.8882	512.6667	447.2	786000	314.01083	314.01065	3.3224456	3.237432	-314.1983	1526.5334	10811.233477115631
2708.227	550.38544	3474.5022	2206.7554	2391.1157	302.12915	2907.909	1771.126	758.0	633.7	788000	314.10986	314.10992	3.7635283	3.6915274	-314.29675	1156.1138	10835.826988697052
2697.8325	338.22632	3036.0588	2359.6062	2966.2278	485.33362	3567.492	2263.7043	738.5	827.6	790000	314.28754	314.28723	2.8660269	2.8330922	-314.50912	1011.1764	10861.938063383102
2519.445	776.0349	3533.0588	1648.2406	2699.5527	609.134	3448.3003	1700.3179	688.3333	752.3	792000	314.54944	314.5496	3.7863293	3.9777603	-314.72827	1108.2625	10888.45722746849
2530.4321	732.71625	3619.0437	1691.5684	2383.1404	396.6001	3334.7935	1746.7627	680.25	635.2	794000	314.63474	314.63443	3.4570806	3.207478	-314.80817	1378.6918	10913.379496335983
2171.8906	582.2079	2644.946	1351.7424	1657.4967	439.98425	2295.7297	1038.7523	589.3333	476.9	796000	314.37457	314.37494	2.754658	2.7387598	-314.5632	1284.9656	10937.591479539871
2569.1033	617.7185	3336.8215	1824.2444	1774.8438	68.438446	1934.0295	1678.6731	697.0	459.5	798000	314.73074	314.73047	3.1514277	3.2072237	-314.91888	1147.5465	10960.110545396805
2304.5137	804.1501	3440.7627	1695.2865	2143.894	644.11163	3421.9429	1683.1409	639.3333	596.0	800000	314.72183	314.72223	3.5494633	3.6613429	-314.89197	1506.4337	10986.36887383461
2365.9846	772.4217	3439.3262	1653.5121	3038.8745	455.60437	3627.6804	2257.2017	666.3333	828.4	802000	314.4757	314.47562	3.664998	3.7376623	-314.66864	1202.4415	11016.62032866478
1782.791	179.01735	2039.2864	1539.3896	2296.4497	516.14655	3383.8398	1808.8616	480.25	632.6	804000	314.65872	314.65866	3.3099644	3.1293023	-314.8692	1408.258	11044.992681503296
1936.3175	233.56383	2303.5703	1663.6699	2493.8694	310.28085	2941.1074	1772.9788	534.0	675.9	806000	314.8983	314.89856	3.832875	3.3769243	-315.09692	1547.3728	11069.270178556442
1966.4679	238.6345	2288.6191	1639.6721	2877.188	491.38245	3557.6523	2175.9521	524.75	790.0	808000	315.04733	315.04767	3.1207983	3.262485	-315.26526	1115.6396	11098.34200000763
2524.8142	409.31918	3059.7258	2065.7456	1863.3811	191.40784	2288.7354	1560.2856	662.6667	504.3	810000	315.44592	315.44522	3.5582447	3.3609862	-315.65924	1078.6687	11123.153362512589
1754.6172	232.99083	2014.9608	1419.2192	2544.621	380.72757	3336.2043	1826.9601	472.75	689.3	812000	315.3138	315.31326	3.9755752	4.136718	-315.5196	1537.25	11149.31120967865
1570.1089	454.41635	2328.2437	1078.2059	2312.4604	604.0821	3374.8872	1416.9583	438.8	626.9	814000	315.46906	315.46936	3.834472	3.6357534	-315.69794	1294.2517	11174.383680820465
2147.4724	378.2742	2556.3057	1644.2605	1734.0007	110.09895	1915.876	1622.1495	584.0	460.4	816000	315.54312	315.54373	3.33625	3.5000079	-315.7213	1528.2185	11196.535274744034
1544.8258	185.80322	1827.042	1274.7667	2454.5522	459.16232	3046.1946	1782.3546	432.2	678.9	818000	315.24274	315.2428	3.3993866	3.0642247	-315.4007	1503.8528	11222.938664913177
1896.4042	223.99918	2273.915	1697.473	3431.8867	41.56616	3453.9832	3308.0085	504.25	989.3	820000	315.0314	315.0315	3.920948	3.6487324	-315.20364	1504.1388	11257.209384441376
2330.8538	870.7089	3436.8328	1309.0265	1958.1531	126.22612	2160.3193	1713.3324	652.3333	518.5	822000	315.01886	315.01895	3.4602344	3.456002	-315.2007	1268.3397	11285.890624046326
2446.0747	337.4746	2783.5493	2108.6	1974.9047	384.23077	2838.2358	1493.4651	669.0	522.9	824000	314.7324	314.73254	3.4219117	3.468537	-314.89346	1174.6035	11313.676755189896
2030.5101	860.7688	3720.758	1367.1743	1752.945	209.69571	2273.5125	1498.499	550.6	465.4	826000	314.7116	314.71164	4.237327	4.1551843	-314.88727	1542.6373	11335.607676744461
1859.483	496.40634	2561.247	1492.0366	1812.8513	43.304276	1936.6405	1781.4197	508.33334	476.2	828000	314.70203	314.70187	3.6629698	3.6997643	-314.87982	1670.7738	11360.082001447678
1889.493	547.3711	2821.595	1474.5723	1562.7405	540.0868	2982.0203	1204.5159	513.0	436.7	830000	314.78613	314.7856	3.8203948	3.591896	-314.98618	1079.2246	11383.498467683792
2129.4163	470.9474	2852.8218	1697.9967	1416.7961	38.876953	1476.4022	1342.5054	584.0	377.8	832000	314.8098	314.81042	4.0104623	3.706752	-314.96384	1057.724	11405.461907625198
1611.7548	361.45804	2289.577	1209.0652	1406.2903	174.61282	1721.0585	1092.7365	433.8	368.1	834000	314.63928	314.63916	2.7672994	2.6417582	-314.8113	1026.862	11426.281165361404
1469.1703	310.70853	2058.9966	1204.8435	1470.9703	207.60326	1795.9231	1066.2625	385.4	379.8	836000	314.564	314.56415	3.6875498	3.7532368	-314.71466	976.8834	11449.078018426895
1346.2021	288.61215	1705.892	1062.5898	1371.018	241.84718	1698.877	1003.25903	353.2	359.3	838000	314.68018	314.68027	3.4235773	3.5034454	-314.85788	978.60394	11473.68865275383
2613.701	991.5386	3794.68	1368.4675	2700.26	560.629	3638.973	2050.9841	703.3333	730.9	840000	314.70328	314.70322	3.4971411	3.5458467	-314.85535	1388.8132	11501.06731915474
1577.3529	152.42531	1751.5033	1324.604	1770.6549	106.475586	1956.8181	1554.8038	416.8	456.8	842000	314.80667	314.80692	3.7294352	3.5494063	-314.95572	1377.3494	11523.096526145935
2767.4673	688.1117	3455.5789	2079.3555	1707.485	204.15213	2071.4663	1477.6887	773.5	446.6	844000	314.67703	314.67728	4.0090566	3.7537646	-314.84793	1299.748	11544.367663383484
2950.698	73.25195	3053.651	2889.2585	2015.4359	259.66714	2480.5457	1729.8289	774.6667	544.2	846000	314.7585	314.7589	3.5365207	3.4528718	-314.91068	894.58923	11571.371451616287
2663.5437	1050.3074	3677.9111	1216.6726	2657.4343	875.3298	3612.2246	1593.1917	714.6667	735.9	848000	314.61414	314.61407	3.8030572	3.6566017	-314.75247	1185.9602	11599.892063856125
2851.5508	611.6273	3463.1782	2239.9236	1517.9856	316.49734	2335.619	1245.2139	793.5	397.0	850000	314.70502	314.70514	3.3111713	3.429813	-314.8818	1305.9377	11623.361161708832
2032.802	745.0466	3090.5178	1271.7267	2714.291	491.80963	3733.0925	2015.8284	540.25	717.6	852000	314.68646	314.68677	3.4533956	3.4816322	-314.84686	1388.3	11648.490805387497
2264.8572	850.08514	3465.9841	1620.2738	2430.7993	153.37071	2608.932	2046.4147	621.3333	642.7	854000	314.57364	314.57376	3.5019028	3.5362625	-314.725	1281.6593	11672.311406373978
1673.8744	145.90947	1953.408	1542.838	1209.1116	68.57959	1349.9517	1121.7511	433.8	319.4	856000	314.81418	314.8144	3.7292924	3.5410032	-314.95853	1050.9001	11695.794639587402
1672.0315	339.02927	2057.7534	1174.694	2889.494	334.8049	3605.1616	2421.8044	434.2	765.8	858000	314.72595	314.72583	3.2164567	2.962025	-314.898	1235.095	11726.802417755127
2469.5862	424.75067	2947.5378	1915.505	1429.0436	139.0247	1538.4792	1184.5183	664.6667	371.3	860000	314.70084	314.7011	3.6531181	3.6521006	-314.85675	829.29645	11752.871851682663
2051.6182	327.0366	2400.222	1582.655	3107.8828	464.4928	3692.0903	2382.9973	536.25	838.6	862000	314.66177	314.66196	3.3115811	3.2869515	-314.82043	1190.9949	11782.42376589775
2209.7712	564.1049	2871.4631	1492.9922	3456.6836	41.32334	3514.8645	3353.649	583.6667	989.1	864000	314.60425	314.60382	3.6213212	3.5277972	-314.7364	1479.9999	11813.035181045532
2166.5217	850.31085	3361.0447	1449.3474	2067.8022	207.2383	2368.4998	1772.5531	568.6667	536.9	866000	314.39755	314.39764	3.360442	3.2112505	-314.53772	1359.9862	11838.764667749405
1879.1423	356.14014	2319.027	1359.1406	1262.2565	63.10471	1420.6075	1173.2041	499.2	336.5	868000	314.43503	314.43564	3.7212582	3.7548325	-314.56174	1528.0991	11858.266139268875
1485.5565	720.0846	2299.9412	139.81868	1615.9398	58.11341	1696.2631	1516.0518	392.0	422.3	870000	314.16095	314.16086	3.6014652	3.754608	-314.26578	1612.3357	11882.038263082504
1532.2576	234.46202	1784.9772	1206.2235	1959.387	221.40967	2514.6272	1707.536	404.0	520.4	872000	313.98776	313.98782	3.3818495	3.372621	-314.13336	1250.6115	11909.105184316635
1763.8398	613.49725	2849.4944	1237.7659	2587.1936	689.03064	3676.697	1566.587	461.4	694.2	874000	314.14786	314.14792	3.8239274	3.6548605	-314.30255	1053.8428	11935.314903974533
2257.6614	219.3604	2505.8044	1972.3533	1512.1616	59.57779	1560.9293	1358.7189	595.3333	391.0	876000	314.14572	314.1462	3.8726823	3.7856786	-314.30725	1470.4663	11957.830167531967
2534.5417	659.2689	3466.8672	2062.8699	1764.0608	194.12605	2056.6926	1510.866	703.0	469.6	878000	314.1153	314.1152	3.3678935	3.1904564	-314.24106	1231.349	11980.040528297424
2406.7908	129.68938	2575.4263	2260.0186	1125.8359	87.25063	1223.2937	959.5162	637.3333	301.3	880000	314.089	314.08917	3.3227358	3.3513002	-314.21005	1379.2509	12001.656773805618
2122.3508	1023.7686	3437.4856	940.4089	1313.4326	89.087906	1475.4369	1201.2628	569.3333	348.5	882000	314.1795	314.17984	3.0294905	2.8310425	-314.32138	1035.4355	12023.496979951859
2186.0642	829.67883	3260.6538	1240.7335	1824.1664	434.93835	2539.955	1173.6346	584.6667	485.3	884000	314.18906	314.1894	4.2280545	3.91481	-314.33707	1481.9132	12046.987750291824
2182.1755	812.7664	3539.4202	1420.5437	1897.9402	226.53188	2336.6597	1489.9677	595.75	498.4	886000	314.29932	314.29913	4.5934963	4.2103944	-314.43228	1446.0576	12070.882974147797
2230.012	350.98456	2645.8577	1830.483	1222.9343	74.01412	1428.3644	1133.8958	586.25	335.9	888000	314.29834	314.29874	3.52252	3.4079208	-314.45242	1522.4166	12093.958716869354
1693.6958	621.0485	2548.119	943.6409	1269.2664	125.52069	1518.9673	1168.2032	450.0	342.3	890000	314.33444	314.335	3.6447916	3.793979	-314.49277	1293.69	12113.64061331749
1621.1715	418.26602	2319.4956	1151.05	1002.1141	188.51772	1565.0457	915.1986	425.2	281.9	892000	314.56625	314.56595	3.6390076	3.6112285	-314.70663	1245.5515	12136.95150923729
1717.3704	567.455	2675.3994	1195.2719	2969.2207	609.9256	3750.1865	1989.8462	452.5	798.2	894000	314.4922	314.49228	3.4397998	3.4329848	-314.64154	1663.5538	12164.169120550156
1802.0352	469.5487	2418.6707	1175.8545	1680.908	149.51396	1899.4484	1457.1305	476.8	435.2	896000	314.65695	314.65714	3.4258862	3.4775884	-314.79776	1481.9745	12186.684317111969
2133.4133	563.4104	2856.485	1482.0114	2546.532	559.46063	3872.5542	1880.7322	552.6667	666.2	898000	314.54584	314.546	3.2460039	3.1354263	-314.69562	1622.5968	12210.545669555664
2219.948	773.123	3305.6494	1565.2134	2773.3464	276.47214	3210.2922	2406.4365	576.3333	732.4	900000	314.3733	314.37354	3.6924822	3.5403638	-314.50824	1322.0957	12239.027003765106
2341.4917	709.5927	3120.2295	1203.34	2627.3003	402.25708	3675.538	2245.0044	617.75	693.1	902000	314.68082	314.68118	3.712953	3.3099537	-314.81058	1323.2345	12268.229135036469
2390.634	770.07916	3461.352	1682.924	3450.0854	175.86595	3723.767	3060.4897	658.3333	963.4	904000	314.44632	314.44577	3.5904193	3.505037	-314.58517	1113.2002	12300.24979686737
2599.6648	952.1268	3890.7722	1623.053	2514.7922	709.48096	3755.279	1768.0754	669.6667	660.4	906000	314.9024	314.90283	3.0276258	3.0309536	-315.0484	1016.22015	12327.410097837448
2361.4553	755.0705	3423.7534	1736.29	1553.023	711.6431	3575.2917	892.6512	624.3333	420.6	908000	314.8867	314.88687	3.50643	3.626977	-315.0405	1083.0857	12350.684765338898
1771.6599	498.55322	2591.3184	1282.8949	1685.0664	80.74935	1797.6855	1530.0718	456.0	446.1	910000	314.9062	314.90564	3.33214	3.1833072	-315.03656	1482.3525	12372.12901520729
2388.594	564.1836	3006.6711	1759.6671	2912.0483	631.8782	3624.4412	1633.5862	620.5	792.2	912000	315.29828	315.29852	3.3414261	3.2994983	-315.45337	1326.1252	12400.078392267227
2235.4822	376.45065	2639.7756	1733.3643	2149.8708	649.25995	3300.6572	1413.4598	587.3333	563.0	914000	315.32388	315.32394	3.7014277	3.488499	-315.48013	1209.7899	12428.361543655396
1844.1917	375.65244	2389.1467	1453.7904	3398.35	294.06958	3562.5132	2523.4324	488.25	962.2	916000	315.29712	315.297	2.9644127	2.9462032	-315.44754	1380.3906	12465.405128479004
3144.8757	296.44434	3441.32	2848.4314	2647.9304	819.206	3698.6453	1295.6199	880.5	722.5	918000	315.44034	315.44073	3.6401343	3.5396607	-315.59488	850.74	12498.928745985031
2114.9165	646.83185	3082.9858	1266.0363	2244.3052	378.04037	2958.4155	1679.4569	562.0	591.3	920000	315.678	315.67813	3.2340865	3.2521026	-315.81332	1024.2505	12529.0429854393
1664.9183	445.53214	2335.2683	1127.9692	1748.1488	243.29956	2317.185	1393.1384	449.25	464.0	922000	315.8603	315.85983	3.5154135	3.5562851	-316.00018	854.89703	12554.118895053864
2333.819	596.2438	3347.117	1808.1287	2891.688	908.8361	3658.6162	1175.0837	613.0	819.1	924000	315.95786	315.95807	3.1231914	3.0106626	-316.09918	1623.8269	12581.036134719849
1844.0598	221.81157	2074.755	1512.418	2459.2148	1170.0189	3412.8608	626.8673	485.75	733.3	926000	315.85815	315.85803	4.2556653	4.1662	-316.00214	1584.935	12607.192996740341
2456.9612	762.65125	3499.213	1695.5459	1833.4531	250.02942	2353.1047	1592.4832	637.6667	476.3	928000	315.77835	315.7779	3.4268043	3.4147441	-315.8879	1186.7349	12628.392340421677
1593.0776	663.06366	2166.205	357.97836	2664.0278	548.6992	3667.81	2059.3105	428.8	701.3	930000	315.8668	315.86697	3.5487692	3.4117131	-315.98602	1528.6881	12656.728906393051
2458.9492	996.1851	3819.2537	1461.3759	3084.1375	864.17035	3560.8933	641.0921	641.6667	871.9	932000	315.7138	315.7136	3.0598965	3.2407112	-315.88565	1055.5774	12686.89302778244
1752.1783	791.3945	2874.7593	640.5513	3110.9858	518.5236	3787.5654	2489.8694	500.25	837.7	934000	316.18335	316.1834	3.8841417	3.6724956	-316.33762	1634.2622	12718.052091121674
2070.005	257.16833	2270.873	1707.0021	2394.5535	267.91788	2875.2761	1911.9226	544.0	617.6	936000	316.336	316.33627	4.1804285	4.171699	-316.4826	1077.1963	12746.038804531097
2242.8713	260.14285	2607.8193	2020.1334	3017.3284	579.379	3792.3635	2298.3274	574.3333	790.0	938000	316.27094	316.2707	3.8906868	3.6234052	-316.4015	1130.7917	12774.41914486885
2554.3064	506.44293	3410.0806	2172.9004	1717.8395	86.70757	1849.8988	1590.4646	661.25	434.9	940000	316.22766	316.2277	4.2990646	4.3401833	-316.36224	1508.0	12798.183521986008
2579.3174	781.7102	3600.506	1701.999	3077.4324	482.75607	3769.8325	2511.4727	686.0	827.1	942000	316.59586	316.59586	3.7034395	3.5725615	-316.74164	1251.0323	12825.0511636734
3495.3696	102.99829	3598.368	3392.3713	2299.9148	667.08203	3498.1162	1523.7919	953.0	626.6	944000	316.85165	316.8523	3.7412558	3.6593215	-316.975	1695.1622	12849.297885417938
2321.4666	868.99023	3527.0725	1512.2621	2578.8035	632.63806	3634.1753	1702.0249	636.3333	699.6	946000	316.7354	316.73523	3.5221865	3.607829	-316.86987	1327.1436	12875.644815921783
2013.3302	391.08398	2617.1072	1522.957	2262.3423	658.66943	3847.578	1540.7334	526.25	588.8	948000	316.65375	316.6536	3.540482	3.4939706	-316.79474	1060.4386	12899.9700653553
1537.7317	568.8787	2397.5417	926.5188	1941.6357	317.76172	2592.1597	1468.538	418.8	517.1	950000	316.70657	316.7062	4.0921183	4.106849	-316.83148	1331.8192	12923.649648189545
2070.5613	419.22192	2628.369	1617.7079	1735.6965	388.89203	2837.9194	1437.0239	536.3333	463.5	952000	316.6203	316.6203	3.8222158	3.7154112	-316.77512	956.6172	12947.116195678711
2210.7454	510.37183	3039.458	1758.7803	2194.1316	450.73645	3156.2651	1579.9315	581.5	560.9	954000	316.83493	316.83508	3.2323115	3.2007105	-316.98337	1414.6549	12973.739587545395
2137.0217	615.96295	2808.0796	1320.4766	2864.5295	496.04663	3750.618	2281.7354	572.0	749.5	956000	317.12	317.1201	3.5475705	3.385172	-317.27432	1298.2443	12999.850286245346
2726.289	878.6013	3621.676	1532.5245	2555.0847	641.09814	3434.5579	1557.5454	727.0	712.8	958000	317.0236	317.02365	3.5938015	3.6279879	-317.153	1089.5818	13024.435584068298
2054.6565	507.6592	2838.0945	1491.292	3072.0986	564.03455	3783.607	2112.1135	543.25	831.5	960000	316.99747	316.9981	3.8931875	3.8686776	-317.13007	1121.4823	13053.995911121368
2228.315	192.71582	2421.0308	2035.5991	3088.4646	670.654	3684.884	1976.6627	566.5	839.8	962000	317.03784	317.03772	3.2221475	3.22623	-317.16245	1638.6589	13083.341219186783
2806.7097	761.2174	3755.406	1891.7263	2985.7222	624.5948	3614.1553	1991.6555	735.0	812.4	964000	317.11847	317.11853	3.177084	3.1113198	-317.24243	1663.6906	13110.612973451614
2348.699	846.0886	3515.4011	1535.3403	2747.5947	897.48157	3709.6445	867.3918	638.6667	736.6	966000	316.97244	316.97247	3.2523453	3.0410335	-317.09152	1375.8698	13134.625610589981
2689.795	513.19653	3413.3464	2278.917	3102.1934	351.8108	3600.8892	2508.2656	742.3333	838.6	968000	317.25983	317.26086	3.4950385	3.3902054	-317.3821	1444.3975	13160.064807653427
2335.54	674.86194	3453.1733	1795.943	2775.9983	650.9668	3737.6794	1999.2792	605.75	708.7	970000	317.18762	317.1872	3.6546354	3.5590155	-317.2925	1514.2798	13181.748665571213
3672.584	70.012085	3742.5962	3602.572	2071.5703	334.6625	2624.9905	1656.7322	995.0	549.1	972000	317.281	317.28125	3.5353458	3.5097613	-317.4275	1784.8242	13200.398764133453
3083.2632	379.13098	3462.3943	2704.1323	3235.5464	482.01047	3642.3098	2147.7014	856.5	890.0	974000	317.31348	317.31345	4.15612	4.2409854	-317.45062	1934.8715	13224.20985031128
3071.878	386.04773	3457.9258	2685.8303	3433.6843	41.75732	3505.9426	3360.2449	825.0	1000.0	976000	317.36838	317.36884	3.3429282	3.039167	-317.51886	1883.2788	13250.84342455864
2540.4846	784.8555	3627.4287	1802.3029	3236.6238	415.82123	3575.9814	2425.125	676.3333	883.5	978000	317.58423	317.5835	3.9190478	3.8810763	-317.72324	1521.9718	13275.721602678299
3389.2207	127.12195	3516.3425	3262.0986	2430.0854	725.49445	3803.1057	1736.8895	934.0	632.4	980000	317.75067	317.75125	3.6291552	3.664809	-317.8733	1916.2861	13297.875965833664
3326.7415	302.71033	3544.3533	2898.6646	3223.6816	560.5141	3873.7102	2197.0354	907.3333	890.1	982000	317.78174	317.78125	3.775224	3.704014	-317.91522	1055.2867	13327.51358795166
1830.073	663.2368	2701.96	1151.0165	3137.8975	522.151	3543.7717	2036.6587	485.5	862.0	984000	318.20493	318.20477	3.5588307	3.3282793	-318.342	1557.4741	13357.074174165726
1552.2897	515.08264	2453.987	951.08966	3548.845	91.80722	3816.4885	3489.1936	409.8	1000.0	986000	318.00305	318.0031	3.5863671	3.6067724	-318.13342	1068.971	13387.459754228592
3195.347	286.58057	3481.9275	2908.7664	2322.4404	535.1428	3196.9238	1523.3816	889.5	615.5	988000	318.1024	318.10306	3.605942	3.3521633	-318.228	1654.794	13411.663192510605
2733.7295	1052.9176	3506.6218	1245.0442	2869.6033	732.6778	3661.8047	1711.7795	755.0	760.3	990000	318.41888	318.41858	3.92433	3.5265503	-318.55145	1484.7476	13434.856173276901
2129.6287	269.7563	2397.0684	1760.3038	3206.7368	491.73422	3503.0757	1794.8198	548.0	901.7	992000	318.55313	318.5536	3.747146	3.7997973	-318.6911	1692.9084	13457.93700504303
2406.2827	860.6147	3517.7522	1421.0563	1651.5303	47.202084	1710.8958	1540.6621	653.0	423.0	994000	318.49994	318.49957	3.0471077	3.1826787	-318.62793	1824.7344	13475.19301867485
2145.5	648.18567	3100.35	1461.869	2451.3215	458.91522	3325.4192	1939.276	567.5	639.4	996000	318.53702	318.53696	4.2632384	4.2156324	-318.68314	1516.4933	13497.755268096924
1746.1193	551.96173	2684.914	1267.0236	1564.5471	89.41513	1741.8102	1405.7548	448.0	399.0	998000	318.70816	318.70837	3.52452	3.335252	-318.83557	1843.9843	13519.68789935112
3613.6768	87.93799	3701.6147	3525.7388	2497.9897	369.81024	3150.657	2093.5505	1000.0	652.7	1000000	318.77386	318.77386	3.9310098	4.0856857	-318.9105	1670.6465	13542.781755685806
